test_scenario,request_id,predicted_route_ms,predicted_queue_ms,predicted_wait_ms,predicted_prefill_ms,predicted_communication_ms,predicted_ttft_ms,actual_wait_ms,actual_prefill_ms,actual_communication_ms,actual_ttft_ms
2026-07-16_ttft_component_regression/phase1/input4000_rate2p5_reuse00_seed1,13,0.0,0.0,0.0,473.16456578860124,2.042810365310288e-14,473.16456578860124,0.002391,439.218678,0.0,439.221069
2026-07-16_ttft_component_regression/phase1/input4000_rate2p5_reuse00_seed1,32,0.019576201975165453,6.2482677743456865,6.267843976320852,473.16456578860124,2.042810365310288e-14,479.4324097649221,5.323026,446.055391,0.0,451.378417
2026-07-16_ttft_component_regression/phase1/input4000_rate2p5_reuse00_seed1,42,0.019576201975165453,6.2482677743456865,6.267843976320852,473.16456578860124,2.042810365310288e-14,479.4324097649221,13.474013,444.847327,0.0,458.32134
2026-07-16_ttft_component_regression/phase1/input4000_rate2p5_reuse00_seed1,67,0.019576201975165453,6.2482677743456865,6.267843976320852,473.16456578860124,2.042810365310288e-14,479.4324097649221,14.475003,445.525471,0.0,460.000474
2026-07-16_ttft_component_regression/phase1/input4000_rate2p5_reuse00_seed1,68,0.017863628553246014,15.24630575305144,15.264169381604685,473.16456578860124,2.042810365310288e-14,488.4287351702059,10.248011,448.946328,0.0,459.194339
2026-07-16_ttft_component_regression/phase1/input4000_rate2p5_reuse00_seed1,81,0.01794352826717628,15.243190141013608,15.261133669280785,473.16456578860124,2.042810365310288e-14,488.42569945788205,1.482449,449.14572,0.0,450.628169
2026-07-16_ttft_component_regression/phase1/input4000_rate2p5_reuse00_seed1,83,0.0,15.509270490434561,15.509270490434561,473.16456578860124,2.042810365310288e-14,488.6738362790358,8.178354,451.566185,0.0,459.744539
2026-07-16_ttft_component_regression/phase1/input4000_rate2p5_reuse00_seed1,88,0.0,12.254351989646342,12.254351989646342,473.16456578860124,2.042810365310288e-14,485.4189177782476,4.736773,453.840397,0.0,458.57717
2026-07-16_ttft_component_regression/phase1/input4000_rate2p5_reuse00_seed1,103,0.0,11.56184201541916,11.56184201541916,473.16456578860124,2.042810365310288e-14,484.72640780402037,9.885621,457.938345,0.0,467.823966
2026-07-16_ttft_component_regression/phase1/input4000_rate2p5_reuse00_seed1,96,0.0,11.563933248931829,11.563933248931829,473.16456578860124,2.042810365310288e-14,484.7284990375331,14.271654,457.604105,0.0,471.875759
2026-07-16_ttft_component_regression/phase1/input4000_rate2p5_reuse00_seed1,109,0.0,11.53788176492646,11.53788176492646,473.16456578860124,2.042810365310288e-14,484.7024475535277,20.647058,457.547081,0.0,478.194139
2026-07-16_ttft_component_regression/phase1/input4000_rate2p5_reuse00_seed1,117,0.0,12.224754160534612,12.224754160534612,473.16456578860124,2.042810365310288e-14,485.3893199491358,8.494168,454.007309,0.0,462.501477
2026-07-16_ttft_component_regression/phase1/input4000_rate2p5_reuse00_seed1,135,0.0,12.250975397311342,12.250975397311342,473.16456578860124,2.042810365310288e-14,485.41554118591256,4.92411,455.021453,0.0,459.945563
2026-07-16_ttft_component_regression/phase1/input4000_rate2p5_reuse00_seed1,150,0.017459024860089538,15.261140405949002,15.278599430809091,473.16456578860124,2.042810365310288e-14,488.44316521941033,7.572189,449.58236,0.0,457.154549
2026-07-16_ttft_component_regression/phase1/input4000_rate2p5_reuse00_seed1,159,0.017377094102219205,15.263959371652708,15.281336465754928,473.16456578860124,2.042810365310288e-14,488.44590225435616,18.067719,449.554872,0.0,467.622591
2026-07-16_ttft_component_regression/phase1/input4000_rate2p5_reuse00_seed1,177,0.0,11.566038943155466,11.566038943155466,473.16456578860124,2.042810365310288e-14,484.7306047317567,93.999821,696.585722,0.0,790.585543
2026-07-16_ttft_component_regression/phase1/input4000_rate2p5_reuse00_seed1,176,0.0,12.209094020752616,12.209094020752616,473.16456578860124,2.042810365310288e-14,485.37365980935385,14.958907,462.857307,0.0,477.816214
2026-07-16_ttft_component_regression/phase1/input4000_rate2p5_reuse00_seed1,167,0.0,15.398018281686708,15.398018281686708,473.16456578860124,2.042810365310288e-14,488.5625840702879,6.735752,452.421577,0.0,459.157329
2026-07-16_ttft_component_regression/phase1/input4000_rate2p5_reuse00_seed1,169,0.0,12.196977730290484,12.196977730290484,473.16456578860124,2.042810365310288e-14,485.3615435188917,19.333654,457.240999,0.0,476.574653
2026-07-16_ttft_component_regression/phase1/input4000_rate2p5_reuse00_seed1,192,0.0,11.551603392609225,11.551603392609225,473.16456578860124,2.042810365310288e-14,484.7161691812105,15.12868,461.285391,0.0,476.414071
2026-07-16_ttft_component_regression/phase1/input4000_rate2p5_reuse00_seed1,248,0.0,0.0,0.0,473.16456578860124,2.042810365310288e-14,473.16456578860124,0.01145,453.994767,0.0,454.006217
2026-07-16_ttft_component_regression/phase1/input4000_rate2p5_reuse00_seed1,251,0.019756609284769588,6.269561719495538,6.289318328780308,473.16456578860124,2.042810365310288e-14,479.45388411738156,172.571049,455.580674,0.0,628.151723
2026-07-16_ttft_component_regression/phase1/input4000_rate2p5_reuse00_seed1,272,0.020446937137201655,6.353762182920419,6.37420912005762,473.16456578860124,2.042810365310288e-14,479.53877490865887,5.144571,460.397349,0.0,465.54192
2026-07-16_ttft_component_regression/phase1/input4000_rate2p5_reuse00_seed1,286,0.020932107123683888,6.415868093385912,6.436800200509596,473.16456578860124,2.042810365310288e-14,479.60136598911083,3.667589,457.202656,0.0,460.870245
2026-07-16_ttft_component_regression/phase1/input4000_rate2p5_reuse00_seed1,2,0.0,0.0,0.0,473.16456578860124,2.042810365310288e-14,473.16456578860124,0.048801,439.218678,0.0,439.267479
2026-07-16_ttft_component_regression/phase1/input4000_rate2p5_reuse00_seed1,11,0.020108012825873142,6.311858489379126,6.331966502204999,473.16456578860124,2.042810365310288e-14,479.4965322908062,3.733552,445.152255,0.0,448.885807
2026-07-16_ttft_component_regression/phase1/input4000_rate2p5_reuse00_seed1,20,0.017459024860089538,15.261140405949002,15.278599430809091,473.16456578860124,2.042810365310288e-14,488.44316521941033,7.669419,449.363064,0.0,457.032483
2026-07-16_ttft_component_regression/phase1/input4000_rate2p5_reuse00_seed1,37,0.018337835220789005,15.226863134287777,15.245200969508566,473.16456578860124,2.042810365310288e-14,488.4097667581098,166.506775,448.989112,0.0,615.495887
2026-07-16_ttft_component_regression/phase1/input4000_rate2p5_reuse00_seed1,36,0.020363371449160988,6.343323428948092,6.363686800397253,473.16456578860124,2.042810365310288e-14,479.5282525889985,2.971294,445.613791,0.0,448.585085
2026-07-16_ttft_component_regression/phase1/input4000_rate2p5_reuse00_seed1,61,0.0,11.547609803969777,11.547609803969777,473.16456578860124,2.042810365310288e-14,484.71217559257104,12.455401,457.465865,0.0,469.921266
2026-07-16_ttft_component_regression/phase1/input4000_rate2p5_reuse00_seed1,45,0.0,12.234420884975304,12.234420884975304,473.16456578860124,2.042810365310288e-14,485.39898667357653,156.514344,682.066766,0.0,838.58111
2026-07-16_ttft_component_regression/phase1/input4000_rate2p5_reuse00_seed1,44,0.0,15.466390180648245,15.466390180648245,473.16456578860124,2.042810365310288e-14,488.6309559692495,9.760104,456.283935,0.0,466.044039
2026-07-16_ttft_component_regression/phase1/input4000_rate2p5_reuse00_seed1,66,0.0,11.524880369213296,11.524880369213296,473.16456578860124,2.042810365310288e-14,484.68944615781453,2.301348,457.081641,0.0,459.382989
2026-07-16_ttft_component_regression/phase1/input4000_rate2p5_reuse00_seed1,80,0.0,12.244287633904838,12.244287633904838,473.16456578860124,2.042810365310288e-14,485.40885342250607,14.678653,454.553325,0.0,469.231978
2026-07-16_ttft_component_regression/phase1/input4000_rate2p5_reuse00_seed1,98,0.0,15.503177145893346,15.503177145893346,473.16456578860124,2.042810365310288e-14,488.6677429344946,9.176178,452.271305,0.0,461.447483
2026-07-16_ttft_component_regression/phase1/input4000_rate2p5_reuse00_seed1,94,0.0,12.209094020752616,12.209094020752616,473.16456578860124,2.042810365310288e-14,485.37365980935385,4.332302,455.207053,0.0,459.539355
2026-07-16_ttft_component_regression/phase1/input4000_rate2p5_reuse00_seed1,115,0.0,11.545634909976627,11.545634909976627,473.16456578860124,2.042810365310288e-14,484.71020069857786,18.199938,457.302153,0.0,475.502091
2026-07-16_ttft_component_regression/phase1/input4000_rate2p5_reuse00_seed1,110,0.0,12.244287633904838,12.244287633904838,473.16456578860124,2.042810365310288e-14,485.40885342250607,2.865712,454.373517,0.0,457.239229
2026-07-16_ttft_component_regression/phase1/input4000_rate2p5_reuse00_seed1,105,0.0,15.423011178493118,15.423011178493118,473.16456578860124,2.042810365310288e-14,488.5875769670944,6.413936,452.214057,0.0,458.627993
2026-07-16_ttft_component_regression/phase1/input4000_rate2p5_reuse00_seed1,129,0.0,11.52852118935529,11.52852118935529,473.16456578860124,2.042810365310288e-14,484.6930869779565,3.393015,457.911017,0.0,461.304032
2026-07-16_ttft_component_regression/phase1/input4000_rate2p5_reuse00_seed1,143,0.0,12.311266094563942,12.311266094563942,473.16456578860124,2.042810365310288e-14,485.4758318831652,6.739668,463.167756,0.0,469.907424
2026-07-16_ttft_component_regression/phase1/input4000_rate2p5_reuse00_seed1,158,0.019392643939031395,6.226877788732773,6.246270432671805,473.16456578860124,2.042810365310288e-14,479.41083622127303,9.199628,456.508645,0.0,465.708273
2026-07-16_ttft_component_regression/phase1/input4000_rate2p5_reuse00_seed1,164,0.019099861791230056,15.1904252940287,15.209525155819929,473.16456578860124,2.042810365310288e-14,488.37409094442114,4.683151,457.225473,0.0,461.908624
2026-07-16_ttft_component_regression/phase1/input4000_rate2p5_reuse00_seed1,174,0.01794352826717628,15.243190141013608,15.261133669280785,473.16456578860124,2.042810365310288e-14,488.42569945788205,17.779428,453.988502,0.0,471.76793
2026-07-16_ttft_component_regression/phase1/input4000_rate2p5_reuse00_seed1,186,0.0,15.509270490434561,15.509270490434561,473.16456578860124,2.042810365310288e-14,488.6738362790358,17.150777,460.580721,0.0,477.731498
2026-07-16_ttft_component_regression/phase1/input4000_rate2p5_reuse00_seed1,187,0.0,12.261170147914447,12.261170147914447,473.16456578860124,2.042810365310288e-14,485.4257359365157,3.931968,458.284845,0.0,462.216813
2026-07-16_ttft_component_regression/phase1/input4000_rate2p5_reuse00_seed1,204,0.0,15.466390180648245,15.466390180648245,473.16456578860124,2.042810365310288e-14,488.6309559692495,18.166891,460.249689,0.0,478.41658
2026-07-16_ttft_component_regression/phase1/input4000_rate2p5_reuse00_seed1,215,0.0,12.2821379644024,12.2821379644024,473.16456578860124,2.042810365310288e-14,485.44670375300365,5.737259,459.094206,0.0,464.831465
2026-07-16_ttft_component_regression/phase1/input4000_rate2p5_reuse00_seed1,220,0.0,12.330132341077526,12.330132341077526,473.16456578860124,2.042810365310288e-14,485.49469812967874,12.625742,458.434285,0.0,471.060027
2026-07-16_ttft_component_regression/phase1/input4000_rate2p5_reuse00_seed1,265,0.0,0.0,0.0,473.16456578860124,2.042810365310288e-14,473.16456578860124,0.026462,450.499513,0.0,450.525975
2026-07-16_ttft_component_regression/phase1/input4000_rate2p5_reuse00_seed1,266,0.018822963379317315,6.162139229554742,6.180962192934059,473.16456578860124,2.042810365310288e-14,479.34552798153527,3.938343,450.855603,0.0,454.793946
2026-07-16_ttft_component_regression/phase1/input4000_rate2p5_reuse00_seed1,274,0.018493105886173783,15.219980977301317,15.23847408318749,473.16456578860124,2.042810365310288e-14,488.40303987178874,2.657813,452.51213,0.0,455.169943
2026-07-16_ttft_component_regression/phase1/input4000_rate2p5_reuse00_seed1,278,0.0,15.478694753375477,15.478694753375477,473.16456578860124,2.042810365310288e-14,488.6432605419767,11.008481,459.522666,0.0,470.531147
2026-07-16_ttft_component_regression/phase1/input4000_rate2p5_reuse00_seed1,295,0.0,12.285706522415055,12.285706522415055,473.16456578860124,2.042810365310288e-14,485.4502723110163,3.880604,463.821859,0.0,467.702463
2026-07-16_ttft_component_regression/phase1/input4000_rate2p5_reuse00_seed1,1,0.0,0.0,0.0,473.16456578860124,2.042810365310288e-14,473.16456578860124,0.182754,439.218678,0.0,439.401432
2026-07-16_ttft_component_regression/phase1/input4000_rate2p5_reuse00_seed1,10,0.01825967128847921,15.230228726220107,15.248488397508586,473.16456578860124,2.042810365310288e-14,488.41305418610983,15.526475,448.661656,0.0,464.188131
2026-07-16_ttft_component_regression/phase1/input4000_rate2p5_reuse00_seed1,9,0.020529728068206028,6.364176007576284,6.3847057356444905,473.16456578860124,2.042810365310288e-14,479.54927152424574,14.228425,444.801119,0.0,459.029544
2026-07-16_ttft_component_regression/phase1/input4000_rate2p5_reuse00_seed1,22,0.0,15.533530485319325,15.533530485319325,473.16456578860124,2.042810365310288e-14,488.69809627392056,13.974377,452.500201,0.0,466.474578
2026-07-16_ttft_component_regression/phase1/input4000_rate2p5_reuse00_seed1,29,0.0,12.271558476235297,12.271558476235297,473.16456578860124,2.042810365310288e-14,485.4361242648365,16.319023,454.793485,0.0,471.112508
2026-07-16_ttft_component_regression/phase1/input4000_rate2p5_reuse00_seed1,49,0.0,15.460222556971932,15.460222556971932,473.16456578860124,2.042810365310288e-14,488.62478834557317,8.782465,452.001705,0.0,460.78417
2026-07-16_ttft_component_regression/phase1/input4000_rate2p5_reuse00_seed1,48,0.017046056733705746,15.27474548005976,15.291791536793466,473.16456578860124,2.042810365310288e-14,488.4563573253947,14.593225,449.680504,0.0,464.273729
2026-07-16_ttft_component_regression/phase1/input4000_rate2p5_reuse00_seed1,72,0.01729483033909867,15.266729257124279,15.284024087463377,473.16456578860124,2.042810365310288e-14,488.4485898760646,0.637316,449.970168,0.0,450.607484
2026-07-16_ttft_component_regression/phase1/input4000_rate2p5_reuse00_seed1,93,0.0,15.385469672798468,15.385469672798468,473.16456578860124,2.042810365310288e-14,488.5500354613997,17.806968,452.502953,0.0,470.309921
2026-07-16_ttft_component_regression/phase1/input4000_rate2p5_reuse00_seed1,84,0.016282262675250306,15.296178195811988,15.312460458487239,473.16456578860124,2.042810365310288e-14,488.4770262470885,8.018199,449.514776,0.0,457.532975
2026-07-16_ttft_component_regression/phase1/input4000_rate2p5_reuse00_seed1,102,0.0,15.472547627642756,15.472547627642756,473.16456578860124,2.042810365310288e-14,488.637113416244,9.649866,452.669225,0.0,462.319091
2026-07-16_ttft_component_regression/phase1/input4000_rate2p5_reuse00_seed1,108,0.0,12.254351989646342,12.254351989646342,473.16456578860124,2.042810365310288e-14,485.4189177782476,1.378969,454.782989,0.0,456.161958
2026-07-16_ttft_component_regression/phase1/input4000_rate2p5_reuse00_seed1,111,0.0,11.555655260147297,11.555655260147297,473.16456578860124,2.042810365310288e-14,484.72022104874856,10.600266,457.676329,0.0,468.276595
2026-07-16_ttft_component_regression/phase1/input4000_rate2p5_reuse00_seed1,118,0.00672748845256373,12.846517902723008,12.853245391175571,473.16456578860124,2.042810365310288e-14,486.0178111797768,18.737399,460.396326,0.0,479.133725
2026-07-16_ttft_component_regression/phase1/input4000_rate2p5_reuse00_seed1,121,0.00672748845256373,12.846517902723008,12.853245391175571,473.16456578860124,2.042810365310288e-14,486.0178111797768,20.289538,459.904646,0.0,480.194184
2026-07-16_ttft_component_regression/phase1/input4000_rate2p5_reuse00_seed1,166,0.0,0.0,0.0,473.16456578860124,2.042810365310288e-14,473.16456578860124,0.042581,439.218678,0.0,439.261259
2026-07-16_ttft_component_regression/phase1/input4000_rate2p5_reuse00_seed1,180,0.01872523151477886,6.151267565910463,6.169992797425242,473.16456578860124,2.042810365310288e-14,479.3345585860265,6.094169,459.267343,0.0,465.361512
2026-07-16_ttft_component_regression/phase1/input4000_rate2p5_reuse00_seed1,235,0.0,0.0,0.0,473.16456578860124,2.042810365310288e-14,473.16456578860124,0.003887,454.058317,0.0,454.062204
2026-07-16_ttft_component_regression/phase1/input4000_rate2p5_reuse00_seed1,245,0.020446937137201655,6.353762182920419,6.37420912005762,473.16456578860124,2.042810365310288e-14,479.53877490865887,1.04412,457.703316,0.0,458.747436
2026-07-16_ttft_component_regression/phase1/input4000_rate2p5_reuse00_seed1,267,0.02101027699721134,6.42613049093663,6.447140767933841,473.16456578860124,2.042810365310288e-14,479.61170655653507,7.142067,460.485153,0.0,467.62722
2026-07-16_ttft_component_regression/phase1/input4000_rate2p5_reuse00_seed1,283,0.01984563462379015,6.280172441634212,6.300018076258002,473.16456578860124,2.042810365310288e-14,479.46458386485926,9.091524,457.863278,0.0,466.954802
2026-07-16_ttft_component_regression/phase1/input4000_rate2p5_reuse00_seed1,289,0.01770280338364975,15.252387990200457,15.270090793584107,473.16456578860124,2.042810365310288e-14,488.43465658218537,1.532051,457.686469,0.0,459.21852
2026-07-16_ttft_component_regression/phase1/input4000_rate2p5_reuse00_seed1,5,0.0,0.0,0.0,473.16456578860124,2.042810365310288e-14,473.16456578860124,0.114898,439.218678,0.0,439.333576
2026-07-16_ttft_component_regression/phase1/input4000_rate2p5_reuse00_seed1,7,0.019484817438071084,6.237584739288781,6.257069556726853,473.16456578860124,2.042810365310288e-14,479.42163534532807,159.01685,444.299839,0.0,603.316689
2026-07-16_ttft_component_regression/phase1/input4000_rate2p5_reuse00_seed1,28,0.0,12.318752460120287,12.318752460120287,473.16456578860124,2.042810365310288e-14,485.4833182487215,18.697668,454.028813,0.0,472.726481
2026-07-16_ttft_component_regression/phase1/input4000_rate2p5_reuse00_seed1,27,0.0,15.521423456396995,15.521423456396995,473.16456578860124,2.042810365310288e-14,488.6859892449982,1.839221,452.320553,0.0,454.159774
2026-07-16_ttft_component_regression/phase1/input4000_rate2p5_reuse00_seed1,26,0.01794352826717628,15.243190141013608,15.261133669280785,473.16456578860124,2.042810365310288e-14,488.42569945788205,7.180712,449.944952,0.0,457.125664
2026-07-16_ttft_component_regression/phase1/input4000_rate2p5_reuse00_seed1,30,0.0,11.530363796062039,11.530363796062039,473.16456578860124,2.042810365310288e-14,484.69492958466327,4.644776,457.031337,0.0,461.676113
2026-07-16_ttft_component_regression/phase1/input4000_rate2p5_reuse00_seed1,55,0.0,12.244287633904838,12.244287633904838,473.16456578860124,2.042810365310288e-14,485.40885342250607,17.77336,454.791661,0.0,472.565021
2026-07-16_ttft_component_regression/phase1/input4000_rate2p5_reuse00_seed1,58,0.0,11.563933248931829,11.563933248931829,473.16456578860124,2.042810365310288e-14,484.7284990375331,8.375104,462.172591,0.0,470.547695
2026-07-16_ttft_component_regression/phase1/input4000_rate2p5_reuse00_seed1,59,0.007337559541088619,12.875061650206348,12.882399209747437,473.16456578860124,2.042810365310288e-14,486.0469649983487,178.562482,691.81882,0.0,870.381302
2026-07-16_ttft_component_regression/phase1/input4000_rate2p5_reuse00_seed1,79,0.0,15.416776351193782,15.416776351193782,473.16456578860124,2.042810365310288e-14,488.581342139795,3.225437,452.339913,0.0,455.56535
2026-07-16_ttft_component_regression/phase1/input4000_rate2p5_reuse00_seed1,90,0.0,12.244287633904838,12.244287633904838,473.16456578860124,2.042810365310288e-14,485.40885342250607,9.656487,454.763725,0.0,464.420212
2026-07-16_ttft_component_regression/phase1/input4000_rate2p5_reuse00_seed1,99,0.0,12.234420884975304,12.234420884975304,473.16456578860124,2.042810365310288e-14,485.39898667357653,1.347829,454.884077,0.0,456.231906
2026-07-16_ttft_component_regression/phase1/input4000_rate2p5_reuse00_seed1,124,0.020279029701257976,6.332859835221516,6.353138864922774,473.16456578860124,2.042810365310288e-14,479.517704653524,8.27637,446.247103,0.0,454.523473
2026-07-16_ttft_component_regression/phase1/input4000_rate2p5_reuse00_seed1,130,0.018415647277764204,15.22344725042047,15.241862897698235,473.16456578860124,2.042810365310288e-14,488.4064286862995,14.168127,449.610584,0.0,463.778711
2026-07-16_ttft_component_regression/phase1/input4000_rate2p5_reuse00_seed1,142,0.0,12.292906193763496,12.292906193763496,473.16456578860124,2.042810365310288e-14,485.4574719823647,191.904055,462.411412,0.0,654.315467
2026-07-16_ttft_component_regression/phase1/input4000_rate2p5_reuse00_seed1,131,0.0,15.478694753375477,15.478694753375477,473.16456578860124,2.042810365310288e-14,488.6432605419767,103.813024,451.937705,0.0,555.750729
2026-07-16_ttft_component_regression/phase1/input4000_rate2p5_reuse00_seed1,149,0.0,11.52669337416504,11.52669337416504,473.16456578860124,2.042810365310288e-14,484.6912591627663,17.889222,464.854218,0.0,482.74344
2026-07-16_ttft_component_regression/phase1/input4000_rate2p5_reuse00_seed1,141,0.0,15.484831413088857,15.484831413088857,473.16456578860124,2.042810365310288e-14,488.6493972016901,9.750123,451.634889,0.0,461.385012
2026-07-16_ttft_component_regression/phase1/input4000_rate2p5_reuse00_seed1,163,0.0,12.268074340731967,12.268074340731967,473.16456578860124,2.042810365310288e-14,485.4326401293332,0.792286,462.648787,0.0,463.441073
2026-07-16_ttft_component_regression/phase1/input4000_rate2p5_reuse00_seed1,181,0.018181157053974117,15.233544124110058,15.251725281164031,473.16456578860124,2.042810365310288e-14,488.4162910697653,4.794941,464.92738,0.0,469.722321
2026-07-16_ttft_component_regression/phase1/input4000_rate2p5_reuse00_seed1,201,0.019205924948079392,6.205392522645757,6.224598447593836,473.16456578860124,2.042810365310288e-14,479.3891642361951,8.463538,458.994205,0.0,467.457743
2026-07-16_ttft_component_regression/phase1/input4000_rate2p5_reuse00_seed1,202,0.019247906133221294,15.182525846220031,15.201773752353253,473.16456578860124,2.042810365310288e-14,488.36633954095447,70.991949,457.118425,0.0,528.110374
2026-07-16_ttft_component_regression/phase1/input4000_rate2p5_reuse00_seed1,213,0.0,15.575526418663303,15.575526418663303,473.16456578860124,2.042810365310288e-14,488.7400922072645,8.761474,456.975592,0.0,465.737066
2026-07-16_ttft_component_regression/phase1/input4000_rate2p5_reuse00_seed1,233,0.0,11.494800406208132,11.494800406208132,473.16456578860124,2.042810365310288e-14,484.65936619480937,208.782796,710.31306,0.0,919.095856
2026-07-16_ttft_component_regression/phase1/input4000_rate2p5_reuse00_seed1,232,0.0,12.337818101716017,12.337818101716017,473.16456578860124,2.042810365310288e-14,485.5023838903173,145.820744,462.960353,0.0,608.781097
2026-07-16_ttft_component_regression/phase1/input4000_rate2p5_reuse00_seed1,231,0.0,15.557602050010754,15.557602050010754,473.16456578860124,2.042810365310288e-14,488.722167838612,14.72916,462.154408,0.0,476.883568
2026-07-16_ttft_component_regression/phase1/input4000_rate2p5_reuse00_seed1,234,0.002688323946968949,205.41867657049633,205.4213648944433,473.16456578860124,2.042810365310288e-14,678.5859306830446,637.60619,699.993608,0.0,1337.599798
2026-07-16_ttft_component_regression/phase1/input4000_rate2p5_reuse00_seed1,243,0.0,11.534093309325039,11.534093309325039,473.16456578860124,2.042810365310288e-14,484.6986590979263,16.85128,470.412391,0.0,487.263671
2026-07-16_ttft_component_regression/phase1/input4000_rate2p5_reuse00_seed1,263,0.03565658872239451,15.067572396198162,15.103228984920557,473.16456578860124,2.042810365310288e-14,488.2677947735218,0.810572,481.795856,0.0,482.606428
2026-07-16_ttft_component_regression/phase1/input4000_rate2p5_reuse00_seed1,259,0.005994431148477021,12.812586381570851,12.818580812719327,473.16456578860124,2.042810365310288e-14,485.9831466013206,227.55291,468.586594,0.0,696.139504
2026-07-16_ttft_component_regression/phase1/input4000_rate2p5_reuse00_seed1,258,0.0,11.545634909976627,11.545634909976627,473.16456578860124,2.042810365310288e-14,484.71020069857786,2.486612,461.211331,0.0,463.697943
2026-07-16_ttft_component_regression/phase1/input4000_rate2p5_reuse00_seed1,264,0.03787060743580872,17.33477702399348,17.37264763142929,473.16456578860124,2.042810365310288e-14,490.5372134200305,9.637443,716.504272,0.0,726.141715
2026-07-16_ttft_component_regression/phase1/input4000_rate2p5_reuse00_seed1,270,0.03769107037358229,15.300985478323055,15.338676548696638,473.16456578860124,2.042810365310288e-14,488.5032423372979,14.833139,470.224612,0.0,485.057751
2026-07-16_ttft_component_regression/phase1/input4000_rate2p5_reuse00_seed1,294,0.0,11.583402923338413,11.583402923338413,473.16456578860124,2.042810365310288e-14,484.7479687119397,18.04229,467.976302,0.0,486.018592
2026-07-16_ttft_component_regression/phase1/input4000_rate2p5_reuse00_seed1,298,0.007946757168550036,12.903846191747968,12.911792948916519,473.16456578860124,2.042810365310288e-14,486.07635873751775,14.164138,469.324626,0.0,483.488764
2026-07-16_ttft_component_regression/phase1/input4000_rate2p5_reuse00_seed1,3,0.0,0.0,0.0,473.16456578860124,2.042810365310288e-14,473.16456578860124,0.016017,443.684226,0.0,443.700243
2026-07-16_ttft_component_regression/phase1/input4000_rate2p5_reuse00_seed1,4,0.019756609284769588,6.269561719495538,6.289318328780308,473.16456578860124,2.042810365310288e-14,479.45388411738156,126.843275,665.177248,0.0,792.020523
2026-07-16_ttft_component_regression/phase1/input4000_rate2p5_reuse00_seed1,19,0.017783386401244855,15.249371669022693,15.267155055423938,473.16456578860124,2.042810365310288e-14,488.43172084402516,16.457894,449.66348,0.0,466.121374
2026-07-16_ttft_component_regression/phase1/input4000_rate2p5_reuse00_seed1,34,0.020279029701257976,6.332859835221516,6.353138864922774,473.16456578860124,2.042810365310288e-14,479.517704653524,1.02853,445.499615,0.0,446.528145
2026-07-16_ttft_component_regression/phase1/input4000_rate2p5_reuse00_seed1,43,0.0,12.227954027810005,12.227954027810005,473.16456578860124,2.042810365310288e-14,485.39251981641127,5.598565,453.653805,0.0,459.25237
2026-07-16_ttft_component_regression/phase1/input4000_rate2p5_reuse00_seed1,47,0.0,11.563933248931829,11.563933248931829,473.16456578860124,2.042810365310288e-14,484.7284990375331,4.472956,456.629929,0.0,461.102885
2026-07-16_ttft_component_regression/phase1/input4000_rate2p5_reuse00_seed1,56,0.03657634944131015,15.168395540131321,15.204971889572631,473.16456578860124,2.042810365310288e-14,488.36953767817386,183.971884,461.332714,0.0,645.304598
2026-07-16_ttft_component_regression/phase1/input4000_rate2p5_reuse00_seed1,35,0.017212235142355366,15.269450166890453,15.286662402032809,473.16456578860124,2.042810365310288e-14,488.451228190634,9.922675,449.120248,0.0,459.042923
2026-07-16_ttft_component_regression/phase1/input4000_rate2p5_reuse00_seed1,40,0.0,15.379182826745883,15.379182826745883,473.16456578860124,2.042810365310288e-14,488.5437486153471,6.896334,451.719369,0.0,458.615703
2026-07-16_ttft_component_regression/phase1/input4000_rate2p5_reuse00_seed1,53,0.007337559541088619,12.875061650206348,12.882399209747437,473.16456578860124,2.042810365310288e-14,486.0469649983487,10.086892,459.401382,0.0,469.488274
2026-07-16_ttft_component_regression/phase1/input4000_rate2p5_reuse00_seed1,76,0.0,18.543861707351237,18.543861707351237,473.16456578860124,2.042810365310288e-14,491.7084274959525,171.705003,714.894371,0.0,886.599374
2026-07-16_ttft_component_regression/phase1/input4000_rate2p5_reuse00_seed1,69,0.036438568297118105,15.152849966747553,15.189288535044671,473.16456578860124,2.042810365310288e-14,488.3538543236459,10.991107,462.20593,0.0,473.197037
2026-07-16_ttft_component_regression/phase1/input4000_rate2p5_reuse00_seed1,77,0.0,310.2137152591145,310.2137152591145,473.16456578860124,2.042810365310288e-14,783.3782810477157,503.629064,721.500414,0.0,1225.129478
2026-07-16_ttft_component_regression/phase1/input4000_rate2p5_reuse00_seed1,75,0.03617763247363323,17.48108616105632,17.517263793529956,473.16456578860124,2.042810365310288e-14,490.6818295821312,34.595067,468.217906,0.0,502.812973
2026-07-16_ttft_component_regression/phase1/input4000_rate2p5_reuse00_seed1,78,0.0,316.5848299541482,316.5848299541482,473.16456578860124,2.042810365310288e-14,789.7493957427494,786.326372,697.531106,0.0,1483.857478
2026-07-16_ttft_component_regression/phase1/input4000_rate2p5_reuse00_seed1,73,0.0373738470854722,15.261908873794889,15.299282720880361,473.16456578860124,2.042810365310288e-14,488.4638485094816,19.742277,462.494122,0.0,482.236399
2026-07-16_ttft_component_regression/phase1/input4000_rate2p5_reuse00_seed1,104,0.0373738470854722,15.261908873794889,15.299282720880361,473.16456578860124,2.042810365310288e-14,488.4638485094816,10.581344,469.815742,0.0,480.397086
2026-07-16_ttft_component_regression/phase1/input4000_rate2p5_reuse00_seed1,106,0.0367127554401372,15.183952962802621,15.220665718242758,473.16456578860124,2.042810365310288e-14,488.385231506844,18.829912,466.65419,0.0,485.484102
2026-07-16_ttft_component_regression/phase1/input4000_rate2p5_reuse00_seed1,119,0.0,18.507426351916628,18.507426351916628,473.16456578860124,2.042810365310288e-14,491.6719921405179,19.494627,478.313837,0.0,497.808464
2026-07-16_ttft_component_regression/phase1/input4000_rate2p5_reuse00_seed1,125,0.0,19.199543643421702,19.199543643421702,473.16456578860124,2.042810365310288e-14,492.36410943202293,120.773945,482.189107,0.0,602.963052
2026-07-16_ttft_component_regression/phase1/input4000_rate2p5_reuse00_seed1,107,0.03669071795714416,17.439700584034313,17.476391301991455,473.16456578860124,2.042810365310288e-14,490.6409570905927,13.163275,473.34972,0.0,486.512995
2026-07-16_ttft_component_regression/phase1/input4000_rate2p5_reuse00_seed1,123,0.0,18.503337843674903,18.503337843674903,473.16456578860124,2.042810365310288e-14,491.66790363227614,11.625302,475.752809,0.0,487.378111
2026-07-16_ttft_component_regression/phase1/input4000_rate2p5_reuse00_seed1,122,0.03718020473288808,17.397976046834067,17.435156251566955,473.16456578860124,2.042810365310288e-14,490.5997220401682,11.129393,474.258341,0.0,485.387734
2026-07-16_ttft_component_regression/phase1/input4000_rate2p5_reuse00_seed1,137,0.03909605029107412,17.20630585077116,17.245401901062234,473.16456578860124,2.042810365310288e-14,490.40996768966346,195.129615,478.358687,0.0,673.488302
2026-07-16_ttft_component_regression/phase1/input4000_rate2p5_reuse00_seed1,145,0.0,19.166152723754053,19.166152723754053,473.16456578860124,2.042810365310288e-14,492.3307185123553,14.952827,474.381064,0.0,489.333891
2026-07-16_ttft_component_regression/phase1/input4000_rate2p5_reuse00_seed1,152,0.0,24.776137591162936,24.776137591162936,473.16456578860124,2.042810365310288e-14,497.94070337976416,15.762602,478.343176,0.0,494.105778
2026-07-16_ttft_component_regression/phase1/input4000_rate2p5_reuse00_seed1,138,0.0,302.393112286575,302.393112286575,473.16456578860124,2.042810365310288e-14,775.5576780751762,426.291084,711.396624,0.0,1137.687708
2026-07-16_ttft_component_regression/phase1/input4000_rate2p5_reuse00_seed1,136,0.03543634331987344,15.044383899498822,15.079820242818695,473.16456578860124,2.042810365310288e-14,488.24438603141994,14.703409,469.799021,0.0,484.50243
2026-07-16_ttft_component_regression/phase1/input4000_rate2p5_reuse00_seed1,151,0.0,20.77596292469705,20.77596292469705,473.16456578860124,2.042810365310288e-14,493.9405287132983,12.727044,475.547702,0.0,488.274746
2026-07-16_ttft_component_regression/phase1/input4000_rate2p5_reuse00_seed1,155,0.0,24.825090578684033,24.825090578684033,473.16456578860124,2.042810365310288e-14,497.98965636728525,15.851517,478.612318,0.0,494.463835
2026-07-16_ttft_component_regression/phase1/input4000_rate2p5_reuse00_seed1,168,0.0,20.815012234135942,20.815012234135942,473.16456578860124,2.042810365310288e-14,493.9795780227372,15.095736,486.118463,0.0,501.214199
2026-07-16_ttft_component_regression/phase1/input4000_rate2p5_reuse00_seed1,170,0.0,24.914092292200348,24.914092292200348,473.16456578860124,2.042810365310288e-14,498.0786580808016,18.687717,484.944245,0.0,503.631962
2026-07-16_ttft_component_regression/phase1/input4000_rate2p5_reuse00_seed1,189,0.009646765777904237,12.985704808823018,12.995351574600921,473.16456578860124,2.042810365310288e-14,486.15991736320217,18.31054,468.398572,0.0,486.709112
2026-07-16_ttft_component_regression/phase1/input4000_rate2p5_reuse00_seed1,193,0.038119919776960914,15.355793167259948,15.393913087036909,473.16456578860124,2.042810365310288e-14,488.5584788756382,18.492448,466.910968,0.0,485.403416
2026-07-16_ttft_component_regression/phase1/input4000_rate2p5_reuse00_seed1,207,0.0,11.568159080039795,11.568159080039795,473.16456578860124,2.042810365310288e-14,484.732724868641,9.031477,467.513451,0.0,476.544928
2026-07-16_ttft_component_regression/phase1/input4000_rate2p5_reuse00_seed1,228,0.0,11.549599304287955,11.549599304287955,473.16456578860124,2.042810365310288e-14,484.7141650928892,2.824005,471.621213,0.0,474.445218
2026-07-16_ttft_component_regression/phase1/input4000_rate2p5_reuse00_seed1,225,0.0,15.460222556971932,15.460222556971932,473.16456578860124,2.042810365310288e-14,488.62478834557317,92.355816,471.84605,0.0,564.201866
2026-07-16_ttft_component_regression/phase1/input4000_rate2p5_reuse00_seed1,229,0.005138137390490185,12.77344697545184,12.77858511284233,473.16456578860124,2.042810365310288e-14,485.9431509014436,109.593375,468.6559,0.0,578.249275
2026-07-16_ttft_component_regression/phase1/input4000_rate2p5_reuse00_seed1,249,0.0,18.47449153275859,18.47449153275859,473.16456578860124,2.042810365310288e-14,491.6390573213598,4.369174,468.823634,0.0,473.192808
2026-07-16_ttft_component_regression/phase1/input4000_rate2p5_reuse00_seed1,224,0.017212235142355366,15.269450166890453,15.286662402032809,473.16456578860124,2.042810365310288e-14,488.451228190634,6.506551,464.226492,0.0,470.733043
2026-07-16_ttft_component_regression/phase1/input4000_rate2p5_reuse00_seed1,226,0.0,12.227954027810005,12.227954027810005,473.16456578860124,2.042810365310288e-14,485.39251981641127,34.373646,645.22903,0.0,679.602676
2026-07-16_ttft_component_regression/phase1/input4000_rate2p5_reuse00_seed1,244,0.037259504981481985,17.390989753108645,17.428249258090126,473.16456578860124,2.042810365310288e-14,490.5928150466914,101.797935,469.338861,0.0,571.136796
2026-07-16_ttft_component_regression/phase1/input4000_rate2p5_reuse00_seed1,236,0.006116672448609769,12.81821717146901,12.82433384391762,473.16456578860124,2.042810365310288e-14,485.98889963251884,0.177328,469.835065,0.0,470.012393
2026-07-16_ttft_component_regression/phase1/input4000_rate2p5_reuse00_seed1,255,0.0,18.445245360353294,18.445245360353294,473.16456578860124,2.042810365310288e-14,491.6098111489545,18.948455,475.451839,0.0,494.400294
2026-07-16_ttft_component_regression/phase1/input4000_rate2p5_reuse00_seed1,242,0.03684777740183249,15.199521980287543,15.236369757689374,473.16456578860124,2.042810365310288e-14,488.4009355462906,21.251823,471.683952,0.0,492.935775
2026-07-16_ttft_component_regression/phase1/input4000_rate2p5_reuse00_seed1,256,0.0,19.175769045889922,19.175769045889922,473.16456578860124,2.042810365310288e-14,492.34033483449116,214.93521,471.843451,0.0,686.778661
2026-07-16_ttft_component_regression/phase1/input4000_rate2p5_reuse00_seed1,277,0.03772170248981114,17.348883248738055,17.386604951227866,473.16456578860124,2.042810365310288e-14,490.5511707398291,13.17332,473.932415,0.0,487.105735
2026-07-16_ttft_component_regression/phase1/input4000_rate2p5_reuse00_seed1,287,0.004648441530249473,12.75130009049282,12.755948532023071,473.16456578860124,2.042810365310288e-14,485.9205143206243,14.22795,474.784217,0.0,489.012167
2026-07-16_ttft_component_regression/phase1/input4000_rate2p5_reuse00_seed1,288,0.03543634331987344,15.044383899498822,15.079820242818695,473.16456578860124,2.042810365310288e-14,488.24438603141994,222.021306,715.382853,0.0,937.404159
2026-07-16_ttft_component_regression/phase1/input4000_rate2p5_reuse00_seed1,18,0.020446937137201655,6.353762182920419,6.37420912005762,473.16456578860124,2.042810365310288e-14,479.53877490865887,6.480472,444.314655,0.0,450.795127
2026-07-16_ttft_component_regression/phase1/input4000_rate2p5_reuse00_seed1,17,0.0,0.0,0.0,473.16456578860124,2.042810365310288e-14,473.16456578860124,0.014448,439.218678,0.0,439.233126
2026-07-16_ttft_component_regression/phase1/input4000_rate2p5_reuse00_seed1,65,0.019933876133866494,6.290758872368557,6.310692748502424,473.16456578860124,2.042810365310288e-14,479.4752585371037,13.296287,444.634367,0.0,457.930654
2026-07-16_ttft_component_regression/phase1/input4000_rate2p5_reuse00_seed1,57,0.0,0.0,0.0,473.16456578860124,2.042810365310288e-14,473.16456578860124,0.01965,439.218678,0.0,439.238328
2026-07-16_ttft_component_regression/phase1/input4000_rate2p5_reuse00_seed1,74,0.018493105886173783,15.219980977301317,15.23847408318749,473.16456578860124,2.042810365310288e-14,488.40303987178874,9.390058,449.453752,0.0,458.84381
2026-07-16_ttft_component_regression/phase1/input4000_rate2p5_reuse00_seed1,89,0.0,15.484831413088857,15.484831413088857,473.16456578860124,2.042810365310288e-14,488.6493972016901,4.047012,452.679913,0.0,456.726925
2026-07-16_ttft_component_regression/phase1/input4000_rate2p5_reuse00_seed1,92,0.0,12.240976641900081,12.240976641900081,473.16456578860124,2.042810365310288e-14,485.4055424305013,0.929727,454.295565,0.0,455.225292
2026-07-16_ttft_component_regression/phase1/input4000_rate2p5_reuse00_seed1,112,0.016109051904222436,15.300413713397031,15.316522765301254,473.16456578860124,2.042810365310288e-14,488.4810885539025,7.44093,450.06652,0.0,457.50745
2026-07-16_ttft_component_regression/phase1/input4000_rate2p5_reuse00_seed1,147,0.020529728068206028,6.364176007576284,6.3847057356444905,473.16456578860124,2.042810365310288e-14,479.54927152424574,14.013912,446.533919,0.0,460.547831
2026-07-16_ttft_component_regression/phase1/input4000_rate2p5_reuse00_seed1,156,0.020611745547252237,6.374564813880238,6.39517655942749,473.16456578860124,2.042810365310288e-14,479.55974234802875,13.637368,444.981439,0.0,458.618807
2026-07-16_ttft_component_regression/phase1/input4000_rate2p5_reuse00_seed1,165,0.017212235142355366,15.269450166890453,15.286662402032809,473.16456578860124,2.042810365310288e-14,488.451228190634,4.853688,449.271992,0.0,454.12568
2026-07-16_ttft_component_regression/phase1/input4000_rate2p5_reuse00_seed1,188,0.0,15.404279759938523,15.404279759938523,473.16456578860124,2.042810365310288e-14,488.56884554853974,10.210416,452.436393,0.0,462.646809
2026-07-16_ttft_component_regression/phase1/input4000_rate2p5_reuse00_seed1,184,0.0164542230944146,15.29175195447952,15.308206177573936,473.16456578860124,2.042810365310288e-14,488.4727719661752,16.841751,449.965784,0.0,466.807535
2026-07-16_ttft_component_regression/phase1/input4000_rate2p5_reuse00_seed1,205,0.0,12.268074340731967,12.268074340731967,473.16456578860124,2.042810365310288e-14,485.4326401293332,15.791338,454.373613,0.0,470.164951
2026-07-16_ttft_component_regression/phase1/input4000_rate2p5_reuse00_seed1,197,0.0,12.218421996486283,12.218421996486283,473.16456578860124,2.042810365310288e-14,485.3829877850875,18.521143,454.675757,0.0,473.1969
2026-07-16_ttft_component_regression/phase1/input4000_rate2p5_reuse00_seed1,214,0.0,12.278590377643065,12.278590377643065,473.16456578860124,2.042810365310288e-14,485.4431561662443,14.24313,453.860685,0.0,468.103815
2026-07-16_ttft_component_regression/phase1/input4000_rate2p5_reuse00_seed1,218,0.0,11.52852118935529,11.52852118935529,473.16456578860124,2.042810365310288e-14,484.6930869779565,7.450245,462.867069,0.0,470.317314
2026-07-16_ttft_component_regression/phase1/input4000_rate2p5_reuse00_seed1,241,0.0,15.575526418663303,15.575526418663303,473.16456578860124,2.042810365310288e-14,488.7400922072645,10.742887,462.661031,0.0,473.403918
2026-07-16_ttft_component_regression/phase1/input4000_rate2p5_reuse00_seed1,239,0.018570209472701642,15.216464218192712,15.235034427665413,473.16456578860124,2.042810365310288e-14,488.39960021626666,2.503595,464.03399,0.0,466.537585
2026-07-16_ttft_component_regression/phase1/input4000_rate2p5_reuse00_seed1,282,0.01567063705425198,15.31017395740639,15.32584459446064,473.16456578860124,2.042810365310288e-14,488.4904103830619,123.750285,682.311092,0.0,806.061377
2026-07-16_ttft_component_regression/phase1/input4000_rate2p5_reuse00_seed1,291,0.0,12.171051988069761,12.171051988069761,473.16456578860124,2.042810365310288e-14,485.335617776671,16.232203,467.965858,0.0,484.198061
2026-07-16_ttft_component_regression/phase1/input4000_rate2p5_reuse00_seed1,275,0.0,0.0,0.0,473.16456578860124,2.042810365310288e-14,473.16456578860124,0.000899,453.994767,0.0,453.995666
2026-07-16_ttft_component_regression/phase1/input4000_rate2p5_reuse00_seed1,285,0.0,15.264758923882374,15.264758923882374,473.16456578860124,2.042810365310288e-14,488.4293247124836,13.699404,460.965913,0.0,474.665317
2026-07-16_ttft_component_regression/phase1/input4000_rate2p5_reuse00_seed1,296,0.0,11.628293630668761,11.628293630668761,473.16456578860124,2.042810365310288e-14,484.79285941927,0.695137,470.060393,0.0,470.75553
2026-07-16_ttft_component_regression/phase1/input4000_rate2p5_reuse00_seed1,281,0.022538681318162276,6.64529498307168,6.667833664389842,473.16456578860124,2.042810365310288e-14,479.83239945299107,3.406547,460.260759,0.0,463.667306
2026-07-16_ttft_component_regression/phase1/input4000_rate2p5_reuse00_seed1,12,0.0,0.0,0.0,473.16456578860124,2.042810365310288e-14,473.16456578860124,0.020197,439.218678,0.0,439.238875
2026-07-16_ttft_component_regression/phase1/input4000_rate2p5_reuse00_seed1,15,0.021315313959757685,6.466923816531743,6.4882391304915,473.16456578860124,2.042810365310288e-14,479.6528049190927,2.800436,444.312543,0.0,447.112979
2026-07-16_ttft_component_regression/phase1/input4000_rate2p5_reuse00_seed1,21,0.0,15.3602738256989,15.3602738256989,473.16456578860124,2.042810365310288e-14,488.52483961430016,7.916569,451.418377,0.0,459.334946
2026-07-16_ttft_component_regression/phase1/input4000_rate2p5_reuse00_seed1,16,0.016195812799102885,15.298319739563546,15.314515552362648,473.16456578860124,2.042810365310288e-14,488.4790813409639,10.932476,448.42508,0.0,459.357556
2026-07-16_ttft_component_regression/phase1/input4000_rate2p5_reuse00_seed1,23,0.0,12.188131153396329,12.188131153396329,473.16456578860124,2.042810365310288e-14,485.3526969419976,6.214867,457.584777,0.0,463.799644
2026-07-16_ttft_component_regression/phase1/input4000_rate2p5_reuse00_seed1,25,0.0,11.613567261438732,11.613567261438732,473.16456578860124,2.042810365310288e-14,484.77813305003997,98.670313,685.456897,0.0,784.12721
2026-07-16_ttft_component_regression/phase1/input4000_rate2p5_reuse00_seed1,38,0.03781542876927356,15.316633244171692,15.354448672940965,473.16456578860124,2.042810365310288e-14,488.5190144615422,15.872457,462.068842,0.0,477.941299
2026-07-16_ttft_component_regression/phase1/input4000_rate2p5_reuse00_seed1,33,0.00988881712868828,12.99754867115818,13.007437488286868,473.16456578860124,2.042810365310288e-14,486.1720032768881,4.083634,459.67351,0.0,463.757144
2026-07-16_ttft_component_regression/phase1/input4000_rate2p5_reuse00_seed1,51,0.036089810553306935,17.487950050272772,17.52403986082608,473.16456578860124,2.042810365310288e-14,490.6886056494273,20.596189,440.823127,0.0,461.419316
2026-07-16_ttft_component_regression/phase1/input4000_rate2p5_reuse00_seed1,60,0.0,18.543861707351237,18.543861707351237,473.16456578860124,2.042810365310288e-14,491.7084274959525,11.743323,468.880989,0.0,480.624312
2026-07-16_ttft_component_regression/phase1/input4000_rate2p5_reuse00_seed1,82,0.0,15.52748278603945,15.52748278603945,473.16456578860124,2.042810365310288e-14,488.6920485746407,11.108451,453.118185,0.0,464.226636
2026-07-16_ttft_component_regression/phase1/input4000_rate2p5_reuse00_seed1,91,0.0,12.303860744507094,12.303860744507094,473.16456578860124,2.042810365310288e-14,485.46842653310836,19.017246,454.229581,0.0,473.246827
2026-07-16_ttft_component_regression/phase1/input4000_rate2p5_reuse00_seed1,85,0.0,12.268074340731967,12.268074340731967,473.16456578860124,2.042810365310288e-14,485.4326401293332,38.34046,454.623917,0.0,492.964377
2026-07-16_ttft_component_regression/phase1/input4000_rate2p5_reuse00_seed1,95,0.0,12.271558476235297,12.271558476235297,473.16456578860124,2.042810365310288e-14,485.4361242648365,18.104877,453.894125,0.0,471.999002
2026-07-16_ttft_component_regression/phase1/input4000_rate2p5_reuse00_seed1,116,0.0,15.391748205178082,15.391748205178082,473.16456578860124,2.042810365310288e-14,488.5563139937793,9.110449,453.187081,0.0,462.29753
2026-07-16_ttft_component_regression/phase1/input4000_rate2p5_reuse00_seed1,154,0.0,0.0,0.0,473.16456578860124,2.042810365310288e-14,473.16456578860124,0.004732,439.218678,0.0,439.22341
2026-07-16_ttft_component_regression/phase1/input4000_rate2p5_reuse00_seed1,161,0.019205924948079392,6.205392522645757,6.224598447593836,473.16456578860124,2.042810365310288e-14,479.3891642361951,8.901171,457.84206,0.0,466.743231
2026-07-16_ttft_component_regression/phase1/input4000_rate2p5_reuse00_seed1,191,0.0,0.0,0.0,473.16456578860124,2.042810365310288e-14,473.16456578860124,0.012635,452.914416,0.0,452.927051
2026-07-16_ttft_component_regression/phase1/input4000_rate2p5_reuse00_seed1,209,0.02146326546263053,6.4871655394572425,6.508628804919873,473.16456578860124,2.042810365310288e-14,479.6731945935211,10.421313,456.904827,0.0,467.32614
2026-07-16_ttft_component_regression/phase1/input4000_rate2p5_reuse00_seed1,223,0.016794342649819573,15.282323775474461,15.29911811812428,473.16456578860124,2.042810365310288e-14,488.4636839067255,13.664629,461.049667,0.0,474.714296
2026-07-16_ttft_component_regression/phase1/input4000_rate2p5_reuse00_seed1,230,0.016878571446015136,15.279846157909818,15.296724729355834,473.16456578860124,2.042810365310288e-14,488.4612905179571,2.137533,456.910888,0.0,459.048421
2026-07-16_ttft_component_regression/phase1/input4000_rate2p5_reuse00_seed1,257,0.0,15.398018281686708,15.398018281686708,473.16456578860124,2.042810365310288e-14,488.5625840702879,17.571604,459.588672,0.0,477.160276
2026-07-16_ttft_component_regression/phase1/input4000_rate2p5_reuse00_seed1,246,0.0,15.353955143154352,15.353955143154352,473.16456578860124,2.042810365310288e-14,488.5185209317556,14.150292,461.220642,0.0,475.370934
2026-07-16_ttft_component_regression/phase1/input4000_rate2p5_reuse00_seed1,253,0.0,15.3602738256989,15.3602738256989,473.16456578860124,2.042810365310288e-14,488.52483961430016,6.643064,458.66288,0.0,465.305944
2026-07-16_ttft_component_regression/phase1/input4000_rate2p5_reuse00_seed1,260,0.0,12.212180523784161,12.212180523784161,473.16456578860124,2.042810365310288e-14,485.3767463123854,1.572984,458.479936,0.0,460.05292
2026-07-16_ttft_component_regression/phase1/input4000_rate2p5_reuse00_seed1,269,0.0,11.5811821905104,11.5811821905104,473.16456578860124,2.042810365310288e-14,484.7457479791116,15.24052,462.742086,0.0,477.982606
2026-07-16_ttft_component_regression/phase1/input4000_rate2p5_reuse00_seed1,280,0.0,11.553622050646508,11.553622050646508,473.16456578860124,2.042810365310288e-14,484.7181878392477,16.867492,463.224247,0.0,480.091739
2026-07-16_ttft_component_regression/phase1/input4000_rate2p5_reuse00_seed1,297,0.0,11.557703002893424,11.557703002893424,473.16456578860124,2.042810365310288e-14,484.7222687914947,10.56346,470.711684,0.0,481.275144
2026-07-16_ttft_component_regression/phase1/input4000_rate2p5_reuse00_seed1,292,0.00672748845256373,12.846517902723008,12.853245391175571,473.16456578860124,2.042810365310288e-14,486.0178111797768,13.823545,467.496589,0.0,481.320134
2026-07-16_ttft_component_regression/phase1/input4000_rate2p5_reuse00_seed1,299,0.0068495663725684965,12.852207281794325,12.859056848166894,473.16456578860124,2.042810365310288e-14,486.02362263676815,42.211666,697.786566,0.0,739.998232
2026-07-16_ttft_component_regression/phase1/input4000_rate2p5_reuse00_seed1,24,0.0,0.0,0.0,473.16456578860124,2.042810365310288e-14,473.16456578860124,0.000785,439.218678,0.0,439.219463
2026-07-16_ttft_component_regression/phase1/input4000_rate2p5_reuse00_seed1,31,0.021389669186438507,6.477057659279085,6.498447328465524,473.16456578860124,2.042810365310288e-14,479.6630131170668,13.241973,444.835807,0.0,458.07778
2026-07-16_ttft_component_regression/phase1/input4000_rate2p5_reuse00_seed1,52,0.017377094102219205,15.263959371652708,15.281336465754928,473.16456578860124,2.042810365310288e-14,488.44590225435616,6.798918,449.978296,0.0,456.777214
2026-07-16_ttft_component_regression/phase1/input4000_rate2p5_reuse00_seed1,71,0.0,15.539566407922337,15.539566407922337,473.16456578860124,2.042810365310288e-14,488.7041321965236,29.712067,679.581759,0.0,709.293826
2026-07-16_ttft_component_regression/phase1/input4000_rate2p5_reuse00_seed1,70,0.018023083970438777,15.240024732190713,15.258047816161152,473.16456578860124,2.042810365310288e-14,488.4226136047624,16.605019,454.577947,0.0,471.182966
2026-07-16_ttft_component_regression/phase1/input4000_rate2p5_reuse00_seed1,87,0.01887504213089147,15.20189040758122,15.220765449712111,473.16456578860124,2.042810365310288e-14,488.38533123831337,8.544021,449.254232,0.0,457.798253
2026-07-16_ttft_component_regression/phase1/input4000_rate2p5_reuse00_seed1,100,0.0,12.341690464244973,12.341690464244973,473.16456578860124,2.042810365310288e-14,485.5062562528462,49.157865,682.858798,0.0,732.016663
2026-07-16_ttft_component_regression/phase1/input4000_rate2p5_reuse00_seed1,97,0.0,15.575526418663303,15.575526418663303,473.16456578860124,2.042810365310288e-14,488.7400922072645,17.563791,456.863615,0.0,474.427406
2026-07-16_ttft_component_regression/phase1/input4000_rate2p5_reuse00_seed1,114,0.0,15.593335536590864,15.593335536590864,473.16456578860124,2.042810365310288e-14,488.7579013251921,18.031912,452.538345,0.0,470.570257
2026-07-16_ttft_component_regression/phase1/input4000_rate2p5_reuse00_seed1,139,0.0,15.490957461848728,15.490957461848728,473.16456578860124,2.042810365310288e-14,488.65552325044996,19.164931,452.013673,0.0,471.178604
2026-07-16_ttft_component_regression/phase1/input4000_rate2p5_reuse00_seed1,126,0.0,15.539566407922337,15.539566407922337,473.16456578860124,2.042810365310288e-14,488.7041321965236,3.44749,452.723401,0.0,456.170891
2026-07-16_ttft_component_regression/phase1/input4000_rate2p5_reuse00_seed1,127,0.0,12.271558476235297,12.271558476235297,473.16456578860124,2.042810365310288e-14,485.4361242648365,193.263292,454.282861,0.0,647.546153
2026-07-16_ttft_component_regression/phase1/input4000_rate2p5_reuse00_seed1,144,0.0,12.244287633904838,12.244287633904838,473.16456578860124,2.042810365310288e-14,485.40885342250607,18.486027,453.942861,0.0,472.428888
2026-07-16_ttft_component_regression/phase1/input4000_rate2p5_reuse00_seed1,157,0.0,12.231176299145556,12.231176299145556,473.16456578860124,2.042810365310288e-14,485.3957420877468,16.337402,454.771341,0.0,471.108743
2026-07-16_ttft_component_regression/phase1/input4000_rate2p5_reuse00_seed1,171,0.0,15.447857357001133,15.447857357001133,473.16456578860124,2.042810365310288e-14,488.61242314560235,4.292726,452.906889,0.0,457.199615
2026-07-16_ttft_component_regression/phase1/input4000_rate2p5_reuse00_seed1,175,0.0,11.549599304287955,11.549599304287955,473.16456578860124,2.042810365310288e-14,484.7141650928892,6.712085,465.410828,0.0,472.122913
2026-07-16_ttft_component_regression/phase1/input4000_rate2p5_reuse00_seed1,173,0.0,12.231176299145556,12.231176299145556,473.16456578860124,2.042810365310288e-14,485.3957420877468,106.378728,454.443757,0.0,560.822485
2026-07-16_ttft_component_regression/phase1/input4000_rate2p5_reuse00_seed1,183,0.0,11.52852118935529,11.52852118935529,473.16456578860124,2.042810365310288e-14,484.6930869779565,2.210135,466.908073,0.0,469.118208
2026-07-16_ttft_component_regression/phase1/input4000_rate2p5_reuse00_seed1,195,0.0,12.345582361590427,12.345582361590427,473.16456578860124,2.042810365310288e-14,485.51014815019164,2.320601,458.458447,0.0,460.779048
2026-07-16_ttft_component_regression/phase1/input4000_rate2p5_reuse00_seed1,203,0.0025658061272901544,12.658977375039356,12.661543181166646,473.16456578860124,2.042810365310288e-14,485.82610896976786,21.105007,468.125798,0.0,489.230805
2026-07-16_ttft_component_regression/phase1/input4000_rate2p5_reuse00_seed1,208,0.03957531397681777,17.14837911324214,17.18795442721896,473.16456578860124,2.042810365310288e-14,490.3525202158202,17.77899,466.098073,0.0,483.877063
2026-07-16_ttft_component_regression/phase1/input4000_rate2p5_reuse00_seed1,200,0.0,11.516038155971197,11.516038155971197,473.16456578860124,2.042810365310288e-14,484.68060394457245,16.978353,466.555855,0.0,483.534208
2026-07-16_ttft_component_regression/phase1/input4000_rate2p5_reuse00_seed1,206,0.034681170938819485,14.967318600605857,15.001999771544677,473.16456578860124,2.042810365310288e-14,488.1665655601459,3.510912,427.094125,0.0,430.605037
2026-07-16_ttft_component_regression/phase1/input4000_rate2p5_reuse00_seed1,222,0.004648441530249473,12.75130009049282,12.755948532023071,473.16456578860124,2.042810365310288e-14,485.9205143206243,6.663459,474.662052,0.0,481.325511
2026-07-16_ttft_component_regression/phase1/input4000_rate2p5_reuse00_seed1,227,0.005994431148477021,12.812586381570851,12.818580812719327,473.16456578860124,2.042810365310288e-14,485.9831466013206,14.428983,472.213192,0.0,486.642175
2026-07-16_ttft_component_regression/phase1/input4000_rate2p5_reuse00_seed1,262,0.02077346538099005,6.395267017933145,6.416040483314135,473.16456578860124,2.042810365310288e-14,479.58060627191537,0.869266,458.772137,0.0,459.641403
2026-07-16_ttft_component_regression/phase1/input4000_rate2p5_reuse00_seed1,268,0.019576201975165453,6.2482677743456865,6.267843976320852,473.16456578860124,2.042810365310288e-14,479.4324097649221,3.770533,453.07362,0.0,456.844153
2026-07-16_ttft_component_regression/phase1/input4000_rate2p5_reuse00_seed1,273,0.019099861791230056,15.1904252940287,15.209525155819929,473.16456578860124,2.042810365310288e-14,488.37409094442114,5.100484,452.711707,0.0,457.812191
2026-07-16_ttft_component_regression/phase1/input4000_rate2p5_reuse00_seed1,290,0.0,15.52748278603945,15.52748278603945,473.16456578860124,2.042810365310288e-14,488.6920485746407,13.079077,462.025458,0.0,475.104535
2026-07-16_ttft_component_regression/phase1/input4000_rate2p5_reuse00_seed1,8,0.0,0.0,0.0,473.16456578860124,2.042810365310288e-14,473.16456578860124,0.002239,439.218678,0.0,439.220917
2026-07-16_ttft_component_regression/phase1/input4000_rate2p5_reuse00_seed1,14,0.021087681295954626,6.436367347065515,6.457455028361469,473.16456578860124,2.042810365310288e-14,479.62202081696273,3.904459,444.704351,0.0,448.60881
2026-07-16_ttft_component_regression/phase1/input4000_rate2p5_reuse00_seed1,39,0.020611745547252237,6.374564813880238,6.39517655942749,473.16456578860124,2.042810365310288e-14,479.55974234802875,1.544485,446.380639,0.0,447.925124
2026-07-16_ttft_component_regression/phase1/input4000_rate2p5_reuse00_seed1,46,0.01810229409031397,15.236809426422427,15.254911720512741,473.16456578860124,2.042810365310288e-14,488.41947750911396,4.414484,449.854936,0.0,454.26942
2026-07-16_ttft_component_regression/phase1/input4000_rate2p5_reuse00_seed1,50,0.01917406855460747,15.186501235116266,15.205675303670873,473.16456578860124,2.042810365310288e-14,488.3702410922721,13.14077,448.557432,0.0,461.698202
2026-07-16_ttft_component_regression/phase1/input4000_rate2p5_reuse00_seed1,54,0.0,15.611025413473648,15.611025413473648,473.16456578860124,2.042810365310288e-14,488.7755912020749,1.325046,451.253385,0.0,452.578431
2026-07-16_ttft_component_regression/phase1/input4000_rate2p5_reuse00_seed1,64,0.0,12.318752460120287,12.318752460120287,473.16456578860124,2.042810365310288e-14,485.4833182487215,2.380381,453.632269,0.0,456.01265
2026-07-16_ttft_component_regression/phase1/input4000_rate2p5_reuse00_seed1,101,0.0,0.0,0.0,473.16456578860124,2.042810365310288e-14,473.16456578860124,0.005622,439.218678,0.0,439.2243
2026-07-16_ttft_component_regression/phase1/input4000_rate2p5_reuse00_seed1,113,0.020529728068206028,6.364176007576284,6.3847057356444905,473.16456578860124,2.042810365310288e-14,479.54927152424574,9.217491,444.992895,0.0,454.210386
2026-07-16_ttft_component_regression/phase1/input4000_rate2p5_reuse00_seed1,120,0.01696247666423832,15.277320095151959,15.294282571816197,473.16456578860124,2.042810365310288e-14,488.45884836041745,11.886598,449.027736,0.0,460.914334
2026-07-16_ttft_component_regression/phase1/input4000_rate2p5_reuse00_seed1,132,0.0,15.379182826745883,15.379182826745883,473.16456578860124,2.042810365310288e-14,488.5437486153471,19.016637,452.471081,0.0,471.487718
2026-07-16_ttft_component_regression/phase1/input4000_rate2p5_reuse00_seed1,133,0.0,12.188131153396329,12.188131153396329,473.16456578860124,2.042810365310288e-14,485.3526969419976,8.999377,451.755689,0.0,460.755066
2026-07-16_ttft_component_regression/phase1/input4000_rate2p5_reuse00_seed1,146,0.0,12.171051988069761,12.171051988069761,473.16456578860124,2.042810365310288e-14,485.335617776671,4.749136,454.289837,0.0,459.038973
2026-07-16_ttft_component_regression/phase1/input4000_rate2p5_reuse00_seed1,148,0.0,11.625804217748389,11.625804217748389,473.16456578860124,2.042810365310288e-14,484.79037000634963,2.90548,457.134985,0.0,460.040465
2026-07-16_ttft_component_regression/phase1/input4000_rate2p5_reuse00_seed1,172,0.0,11.59242867136165,11.59242867136165,473.16456578860124,2.042810365310288e-14,484.75699445996287,13.071928,458.085769,0.0,471.157697
2026-07-16_ttft_component_regression/phase1/input4000_rate2p5_reuse00_seed1,160,0.0,11.628293630668761,11.628293630668761,473.16456578860124,2.042810365310288e-14,484.79285941927,12.914178,458.036041,0.0,470.950219
2026-07-16_ttft_component_regression/phase1/input4000_rate2p5_reuse00_seed1,182,0.0,11.568159080039795,11.568159080039795,473.16456578860124,2.042810365310288e-14,484.732724868641,15.708626,464.342268,0.0,480.050894
2026-07-16_ttft_component_regression/phase1/input4000_rate2p5_reuse00_seed1,178,0.0,11.597026987453177,11.597026987453177,473.16456578860124,2.042810365310288e-14,484.7615927760544,17.8612,467.989179,0.0,485.850379
2026-07-16_ttft_component_regression/phase1/input4000_rate2p5_reuse00_seed1,196,0.0,12.275063851727978,12.275063851727978,473.16456578860124,2.042810365310288e-14,485.4396296403292,3.868473,464.109541,0.0,467.978014
2026-07-16_ttft_component_regression/phase1/input4000_rate2p5_reuse00_seed1,199,0.0,11.532221175600943,11.532221175600943,473.16456578860124,2.042810365310288e-14,484.6967869642022,14.398416,462.533063,0.0,476.931479
2026-07-16_ttft_component_regression/phase1/input4000_rate2p5_reuse00_seed1,210,0.0,11.534093309325039,11.534093309325039,473.16456578860124,2.042810365310288e-14,484.6986590979263,5.518754,465.656851,0.0,471.175605
2026-07-16_ttft_component_regression/phase1/input4000_rate2p5_reuse00_seed1,217,0.003913545930560892,12.71838065309403,12.72229419902459,473.16456578860124,2.042810365310288e-14,485.8868599876258,13.478407,463.851915,0.0,477.330322
2026-07-16_ttft_component_regression/phase1/input4000_rate2p5_reuse00_seed1,219,0.03475812346086601,14.975008679689621,15.009766803150487,473.16456578860124,2.042810365310288e-14,488.17433259175175,15.465056,470.280548,0.0,485.745604
2026-07-16_ttft_component_regression/phase1/input4000_rate2p5_reuse00_seed1,212,0.005382890495844745,12.784580180292165,12.78996307078801,473.16456578860124,2.042810365310288e-14,485.95452885938926,153.34285,463.583092,0.0,616.925942
2026-07-16_ttft_component_regression/phase1/input4000_rate2p5_reuse00_seed1,238,0.0,11.53788176492646,11.53788176492646,473.16456578860124,2.042810365310288e-14,484.7024475535277,43.9239,697.988427,0.0,741.912327
2026-07-16_ttft_component_regression/phase1/input4000_rate2p5_reuse00_seed1,237,0.0,12.268074340731967,12.268074340731967,473.16456578860124,2.042810365310288e-14,485.4326401293332,6.787768,470.905049,0.0,477.692817
2026-07-16_ttft_component_regression/phase1/input4000_rate2p5_reuse00_seed1,250,0.0,11.559765260700795,11.559765260700795,473.16456578860124,2.042810365310288e-14,484.724331049302,19.128994,460.833308,0.0,479.962302
2026-07-16_ttft_component_regression/phase1/input4000_rate2p5_reuse00_seed1,261,0.0,15.447857357001133,15.447857357001133,473.16456578860124,2.042810365310288e-14,488.61242314560235,19.09371,460.258418,0.0,479.352128
2026-07-16_ttft_component_regression/phase1/input4000_rate2p5_reuse00_seed1,271,0.0,12.261170147914447,12.261170147914447,473.16456578860124,2.042810365310288e-14,485.4257359365157,7.852694,462.611097,0.0,470.463791
2026-07-16_ttft_component_regression/phase1/input4000_rate2p5_reuse00_seed1,276,0.0,11.53788176492646,11.53788176492646,473.16456578860124,2.042810365310288e-14,484.7024475535277,12.113057,461.998022,0.0,474.111079
2026-07-16_ttft_component_regression/phase1/input4000_rate2p5_reuse00_seed1,0,0.0,0.0,0.0,473.16456578860124,2.042810365310288e-14,473.16456578860124,0.0,439.218678,0.0,439.218678
2026-07-16_ttft_component_regression/phase1/input4000_rate2p5_reuse00_seed1,6,0.019576201975165453,6.2482677743456865,6.267843976320852,473.16456578860124,2.042810365310288e-14,479.4324097649221,4.419682,444.708255,0.0,449.127937
2026-07-16_ttft_component_regression/phase1/input4000_rate2p5_reuse00_seed1,41,0.0,0.0,0.0,473.16456578860124,2.042810365310288e-14,473.16456578860124,0.001983,439.218678,0.0,439.220661
2026-07-16_ttft_component_regression/phase1/input4000_rate2p5_reuse00_seed1,63,0.018337835220789005,15.226863134287777,15.245200969508566,473.16456578860124,2.042810365310288e-14,488.4097667581098,87.180244,672.184605,0.0,759.364849
2026-07-16_ttft_component_regression/phase1/input4000_rate2p5_reuse00_seed1,62,0.02019391059292589,6.322371491828128,6.342565402421054,473.16456578860124,2.042810365310288e-14,479.50713119102227,12.466156,449.663709,0.0,462.129865
2026-07-16_ttft_component_regression/phase1/input4000_rate2p5_reuse00_seed1,86,0.01729483033909867,15.266729257124279,15.284024087463377,473.16456578860124,2.042810365310288e-14,488.4485898760646,9.191522,449.89836,0.0,459.089882
2026-07-16_ttft_component_regression/phase1/input4000_rate2p5_reuse00_seed1,128,0.0,0.0,0.0,473.16456578860124,2.042810365310288e-14,473.16456578860124,0.005577,439.218678,0.0,439.224255
2026-07-16_ttft_component_regression/phase1/input4000_rate2p5_reuse00_seed1,140,0.018646956463947206,15.212896876939777,15.231543833403723,473.16456578860124,2.042810365310288e-14,488.396109622005,11.813603,448.635352,0.0,460.448955
2026-07-16_ttft_component_regression/phase1/input4000_rate2p5_reuse00_seed1,134,0.020021335104090772,6.301320919007914,6.321342254112005,473.16456578860124,2.042810365310288e-14,479.4859080427132,12.628005,444.524831,0.0,457.152836
2026-07-16_ttft_component_regression/phase1/input4000_rate2p5_reuse00_seed1,153,0.0,15.52748278603945,15.52748278603945,473.16456578860124,2.042810365310288e-14,488.6920485746407,5.014338,452.263273,0.0,457.277611
2026-07-16_ttft_component_regression/phase1/input4000_rate2p5_reuse00_seed1,162,0.0,15.509270490434561,15.509270490434561,473.16456578860124,2.042810365310288e-14,488.6738362790358,5.417669,452.472489,0.0,457.890158
2026-07-16_ttft_component_regression/phase1/input4000_rate2p5_reuse00_seed1,185,0.0,15.466390180648245,15.466390180648245,473.16456578860124,2.042810365310288e-14,488.6309559692495,4.718773,452.493033,0.0,457.211806
2026-07-16_ttft_component_regression/phase1/input4000_rate2p5_reuse00_seed1,190,0.0,15.51535264253705,15.51535264253705,473.16456578860124,2.042810365310288e-14,488.6799184311383,3.643247,451.892361,0.0,455.535608
2026-07-16_ttft_component_regression/phase1/input4000_rate2p5_reuse00_seed1,179,0.017377094102219205,15.263959371652708,15.281336465754928,473.16456578860124,2.042810365310288e-14,488.44590225435616,2.236726,449.898968,0.0,452.135694
2026-07-16_ttft_component_regression/phase1/input4000_rate2p5_reuse00_seed1,198,0.0,11.53788176492646,11.53788176492646,473.16456578860124,2.042810365310288e-14,484.7024475535277,12.266382,456.948745,0.0,469.215127
2026-07-16_ttft_component_regression/phase1/input4000_rate2p5_reuse00_seed1,194,0.0,12.264611534775272,12.264611534775272,473.16456578860124,2.042810365310288e-14,485.4291773233765,15.818091,453.846637,0.0,469.664728
2026-07-16_ttft_component_regression/phase1/input4000_rate2p5_reuse00_seed1,216,0.005138137390490185,12.77344697545184,12.77858511284233,473.16456578860124,2.042810365310288e-14,485.9431509014436,9.436873,474.106086,0.0,483.542959
2026-07-16_ttft_component_regression/phase1/input4000_rate2p5_reuse00_seed1,221,0.035138124034280224,15.013514519189485,15.048652643223765,473.16456578860124,2.042810365310288e-14,488.213218431825,4.571184,471.570037,0.0,476.141221
2026-07-16_ttft_component_regression/phase1/input4000_rate2p5_reuse00_seed1,211,0.0,11.547609803969777,11.547609803969777,473.16456578860124,2.042810365310288e-14,484.71217559257104,12.936402,465.919836,0.0,478.856238
2026-07-16_ttft_component_regression/phase1/input4000_rate2p5_reuse00_seed1,240,0.0,15.545590407366038,15.545590407366038,473.16456578860124,2.042810365310288e-14,488.7101561959673,0.443964,463.694872,0.0,464.138836
2026-07-16_ttft_component_regression/phase1/input4000_rate2p5_reuse00_seed1,252,0.0,11.517776827564097,11.517776827564097,473.16456578860124,2.042810365310288e-14,484.68234261616533,18.967478,468.001382,0.0,486.96886
2026-07-16_ttft_component_regression/phase1/input4000_rate2p5_reuse00_seed1,254,0.0,15.575526418663303,15.575526418663303,473.16456578860124,2.042810365310288e-14,488.7400922072645,18.81685,453.906896,0.0,472.723746
2026-07-16_ttft_component_regression/phase1/input4000_rate2p5_reuse00_seed1,247,0.0,12.285706522415055,12.285706522415055,473.16456578860124,2.042810365310288e-14,485.4502723110163,8.164844,462.276031,0.0,470.440875
2026-07-16_ttft_component_regression/phase1/input4000_rate2p5_reuse00_seed1,279,0.018493105886173783,15.219980977301317,15.23847408318749,473.16456578860124,2.042810365310288e-14,488.40303987178874,18.487911,460.036642,0.0,478.524553
2026-07-16_ttft_component_regression/phase1/input4000_rate2p5_reuse00_seed1,284,0.0,15.569564238068569,15.569564238068569,473.16456578860124,2.042810365310288e-14,488.7341300266698,11.352643,459.322006,0.0,470.674649
2026-07-16_ttft_component_regression/phase1/input4000_rate2p5_reuse00_seed1,293,0.01825967128847921,15.230228726220107,15.248488397508586,473.16456578860124,2.042810365310288e-14,488.41305418610983,2.068874,452.998579,0.0,455.067453
2026-07-16_ttft_component_regression/phase1/input4000_rate2p5_reuse00_seed1,13,0.0,0.0,0.0,473.16456578860124,2.042810365310288e-14,473.16456578860124,0.002391,439.218678,0.0,439.221069
2026-07-16_ttft_component_regression/phase1/input4000_rate2p5_reuse00_seed1,32,0.019576201975165453,6.2482677743456865,6.267843976320852,473.16456578860124,2.042810365310288e-14,479.4324097649221,5.323026,446.055391,0.0,451.378417
2026-07-16_ttft_component_regression/phase1/input4000_rate2p5_reuse00_seed1,42,0.019576201975165453,6.2482677743456865,6.267843976320852,473.16456578860124,2.042810365310288e-14,479.4324097649221,13.474013,444.847327,0.0,458.32134
2026-07-16_ttft_component_regression/phase1/input4000_rate2p5_reuse00_seed1,67,0.019576201975165453,6.2482677743456865,6.267843976320852,473.16456578860124,2.042810365310288e-14,479.4324097649221,14.475003,445.525471,0.0,460.000474
2026-07-16_ttft_component_regression/phase1/input4000_rate2p5_reuse00_seed1,68,0.017863628553246014,15.24630575305144,15.264169381604685,473.16456578860124,2.042810365310288e-14,488.4287351702059,10.248011,448.946328,0.0,459.194339
2026-07-16_ttft_component_regression/phase1/input4000_rate2p5_reuse00_seed1,81,0.01794352826717628,15.243190141013608,15.261133669280785,473.16456578860124,2.042810365310288e-14,488.42569945788205,1.482449,449.14572,0.0,450.628169
2026-07-16_ttft_component_regression/phase1/input4000_rate2p5_reuse00_seed1,83,0.0,15.509270490434561,15.509270490434561,473.16456578860124,2.042810365310288e-14,488.6738362790358,8.178354,451.566185,0.0,459.744539
2026-07-16_ttft_component_regression/phase1/input4000_rate2p5_reuse00_seed1,88,0.0,12.254351989646342,12.254351989646342,473.16456578860124,2.042810365310288e-14,485.4189177782476,4.736773,453.840397,0.0,458.57717
2026-07-16_ttft_component_regression/phase1/input4000_rate2p5_reuse00_seed1,103,0.0,11.56184201541916,11.56184201541916,473.16456578860124,2.042810365310288e-14,484.72640780402037,9.885621,457.938345,0.0,467.823966
2026-07-16_ttft_component_regression/phase1/input4000_rate2p5_reuse00_seed1,96,0.0,11.563933248931829,11.563933248931829,473.16456578860124,2.042810365310288e-14,484.7284990375331,14.271654,457.604105,0.0,471.875759
2026-07-16_ttft_component_regression/phase1/input4000_rate2p5_reuse00_seed1,109,0.0,11.53788176492646,11.53788176492646,473.16456578860124,2.042810365310288e-14,484.7024475535277,20.647058,457.547081,0.0,478.194139
2026-07-16_ttft_component_regression/phase1/input4000_rate2p5_reuse00_seed1,117,0.0,12.224754160534612,12.224754160534612,473.16456578860124,2.042810365310288e-14,485.3893199491358,8.494168,454.007309,0.0,462.501477
2026-07-16_ttft_component_regression/phase1/input4000_rate2p5_reuse00_seed1,135,0.0,12.250975397311342,12.250975397311342,473.16456578860124,2.042810365310288e-14,485.41554118591256,4.92411,455.021453,0.0,459.945563
2026-07-16_ttft_component_regression/phase1/input4000_rate2p5_reuse00_seed1,150,0.017459024860089538,15.261140405949002,15.278599430809091,473.16456578860124,2.042810365310288e-14,488.44316521941033,7.572189,449.58236,0.0,457.154549
2026-07-16_ttft_component_regression/phase1/input4000_rate2p5_reuse00_seed1,159,0.017377094102219205,15.263959371652708,15.281336465754928,473.16456578860124,2.042810365310288e-14,488.44590225435616,18.067719,449.554872,0.0,467.622591
2026-07-16_ttft_component_regression/phase1/input4000_rate2p5_reuse00_seed1,177,0.0,11.566038943155466,11.566038943155466,473.16456578860124,2.042810365310288e-14,484.7306047317567,93.999821,696.585722,0.0,790.585543
2026-07-16_ttft_component_regression/phase1/input4000_rate2p5_reuse00_seed1,176,0.0,12.209094020752616,12.209094020752616,473.16456578860124,2.042810365310288e-14,485.37365980935385,14.958907,462.857307,0.0,477.816214
2026-07-16_ttft_component_regression/phase1/input4000_rate2p5_reuse00_seed1,167,0.0,15.398018281686708,15.398018281686708,473.16456578860124,2.042810365310288e-14,488.5625840702879,6.735752,452.421577,0.0,459.157329
2026-07-16_ttft_component_regression/phase1/input4000_rate2p5_reuse00_seed1,169,0.0,12.196977730290484,12.196977730290484,473.16456578860124,2.042810365310288e-14,485.3615435188917,19.333654,457.240999,0.0,476.574653
2026-07-16_ttft_component_regression/phase1/input4000_rate2p5_reuse00_seed1,192,0.0,11.551603392609225,11.551603392609225,473.16456578860124,2.042810365310288e-14,484.7161691812105,15.12868,461.285391,0.0,476.414071
2026-07-16_ttft_component_regression/phase1/input4000_rate2p5_reuse00_seed1,248,0.0,0.0,0.0,473.16456578860124,2.042810365310288e-14,473.16456578860124,0.01145,453.994767,0.0,454.006217
2026-07-16_ttft_component_regression/phase1/input4000_rate2p5_reuse00_seed1,251,0.019756609284769588,6.269561719495538,6.289318328780308,473.16456578860124,2.042810365310288e-14,479.45388411738156,172.571049,455.580674,0.0,628.151723
2026-07-16_ttft_component_regression/phase1/input4000_rate2p5_reuse00_seed1,272,0.020446937137201655,6.353762182920419,6.37420912005762,473.16456578860124,2.042810365310288e-14,479.53877490865887,5.144571,460.397349,0.0,465.54192
2026-07-16_ttft_component_regression/phase1/input4000_rate2p5_reuse00_seed1,286,0.020932107123683888,6.415868093385912,6.436800200509596,473.16456578860124,2.042810365310288e-14,479.60136598911083,3.667589,457.202656,0.0,460.870245
2026-07-16_ttft_component_regression/phase1/input4000_rate2p5_reuse00_seed1,2,0.0,0.0,0.0,473.16456578860124,2.042810365310288e-14,473.16456578860124,0.048801,439.218678,0.0,439.267479
2026-07-16_ttft_component_regression/phase1/input4000_rate2p5_reuse00_seed1,11,0.020108012825873142,6.311858489379126,6.331966502204999,473.16456578860124,2.042810365310288e-14,479.4965322908062,3.733552,445.152255,0.0,448.885807
2026-07-16_ttft_component_regression/phase1/input4000_rate2p5_reuse00_seed1,20,0.017459024860089538,15.261140405949002,15.278599430809091,473.16456578860124,2.042810365310288e-14,488.44316521941033,7.669419,449.363064,0.0,457.032483
2026-07-16_ttft_component_regression/phase1/input4000_rate2p5_reuse00_seed1,37,0.018337835220789005,15.226863134287777,15.245200969508566,473.16456578860124,2.042810365310288e-14,488.4097667581098,166.506775,448.989112,0.0,615.495887
2026-07-16_ttft_component_regression/phase1/input4000_rate2p5_reuse00_seed1,36,0.020363371449160988,6.343323428948092,6.363686800397253,473.16456578860124,2.042810365310288e-14,479.5282525889985,2.971294,445.613791,0.0,448.585085
2026-07-16_ttft_component_regression/phase1/input4000_rate2p5_reuse00_seed1,61,0.0,11.547609803969777,11.547609803969777,473.16456578860124,2.042810365310288e-14,484.71217559257104,12.455401,457.465865,0.0,469.921266
2026-07-16_ttft_component_regression/phase1/input4000_rate2p5_reuse00_seed1,45,0.0,12.234420884975304,12.234420884975304,473.16456578860124,2.042810365310288e-14,485.39898667357653,156.514344,682.066766,0.0,838.58111
2026-07-16_ttft_component_regression/phase1/input4000_rate2p5_reuse00_seed1,44,0.0,15.466390180648245,15.466390180648245,473.16456578860124,2.042810365310288e-14,488.6309559692495,9.760104,456.283935,0.0,466.044039
2026-07-16_ttft_component_regression/phase1/input4000_rate2p5_reuse00_seed1,66,0.0,11.524880369213296,11.524880369213296,473.16456578860124,2.042810365310288e-14,484.68944615781453,2.301348,457.081641,0.0,459.382989
2026-07-16_ttft_component_regression/phase1/input4000_rate2p5_reuse00_seed1,80,0.0,12.244287633904838,12.244287633904838,473.16456578860124,2.042810365310288e-14,485.40885342250607,14.678653,454.553325,0.0,469.231978
2026-07-16_ttft_component_regression/phase1/input4000_rate2p5_reuse00_seed1,98,0.0,15.503177145893346,15.503177145893346,473.16456578860124,2.042810365310288e-14,488.6677429344946,9.176178,452.271305,0.0,461.447483
2026-07-16_ttft_component_regression/phase1/input4000_rate2p5_reuse00_seed1,94,0.0,12.209094020752616,12.209094020752616,473.16456578860124,2.042810365310288e-14,485.37365980935385,4.332302,455.207053,0.0,459.539355
2026-07-16_ttft_component_regression/phase1/input4000_rate2p5_reuse00_seed1,115,0.0,11.545634909976627,11.545634909976627,473.16456578860124,2.042810365310288e-14,484.71020069857786,18.199938,457.302153,0.0,475.502091
2026-07-16_ttft_component_regression/phase1/input4000_rate2p5_reuse00_seed1,110,0.0,12.244287633904838,12.244287633904838,473.16456578860124,2.042810365310288e-14,485.40885342250607,2.865712,454.373517,0.0,457.239229
2026-07-16_ttft_component_regression/phase1/input4000_rate2p5_reuse00_seed1,105,0.0,15.423011178493118,15.423011178493118,473.16456578860124,2.042810365310288e-14,488.5875769670944,6.413936,452.214057,0.0,458.627993
2026-07-16_ttft_component_regression/phase1/input4000_rate2p5_reuse00_seed1,129,0.0,11.52852118935529,11.52852118935529,473.16456578860124,2.042810365310288e-14,484.6930869779565,3.393015,457.911017,0.0,461.304032
2026-07-16_ttft_component_regression/phase1/input4000_rate2p5_reuse00_seed1,143,0.0,12.311266094563942,12.311266094563942,473.16456578860124,2.042810365310288e-14,485.4758318831652,6.739668,463.167756,0.0,469.907424
2026-07-16_ttft_component_regression/phase1/input4000_rate2p5_reuse00_seed1,158,0.019392643939031395,6.226877788732773,6.246270432671805,473.16456578860124,2.042810365310288e-14,479.41083622127303,9.199628,456.508645,0.0,465.708273
2026-07-16_ttft_component_regression/phase1/input4000_rate2p5_reuse00_seed1,164,0.019099861791230056,15.1904252940287,15.209525155819929,473.16456578860124,2.042810365310288e-14,488.37409094442114,4.683151,457.225473,0.0,461.908624
2026-07-16_ttft_component_regression/phase1/input4000_rate2p5_reuse00_seed1,174,0.01794352826717628,15.243190141013608,15.261133669280785,473.16456578860124,2.042810365310288e-14,488.42569945788205,17.779428,453.988502,0.0,471.76793
2026-07-16_ttft_component_regression/phase1/input4000_rate2p5_reuse00_seed1,186,0.0,15.509270490434561,15.509270490434561,473.16456578860124,2.042810365310288e-14,488.6738362790358,17.150777,460.580721,0.0,477.731498
2026-07-16_ttft_component_regression/phase1/input4000_rate2p5_reuse00_seed1,187,0.0,12.261170147914447,12.261170147914447,473.16456578860124,2.042810365310288e-14,485.4257359365157,3.931968,458.284845,0.0,462.216813
2026-07-16_ttft_component_regression/phase1/input4000_rate2p5_reuse00_seed1,204,0.0,15.466390180648245,15.466390180648245,473.16456578860124,2.042810365310288e-14,488.6309559692495,18.166891,460.249689,0.0,478.41658
2026-07-16_ttft_component_regression/phase1/input4000_rate2p5_reuse00_seed1,215,0.0,12.2821379644024,12.2821379644024,473.16456578860124,2.042810365310288e-14,485.44670375300365,5.737259,459.094206,0.0,464.831465
2026-07-16_ttft_component_regression/phase1/input4000_rate2p5_reuse00_seed1,220,0.0,12.330132341077526,12.330132341077526,473.16456578860124,2.042810365310288e-14,485.49469812967874,12.625742,458.434285,0.0,471.060027
2026-07-16_ttft_component_regression/phase1/input4000_rate2p5_reuse00_seed1,265,0.0,0.0,0.0,473.16456578860124,2.042810365310288e-14,473.16456578860124,0.026462,450.499513,0.0,450.525975
2026-07-16_ttft_component_regression/phase1/input4000_rate2p5_reuse00_seed1,266,0.018822963379317315,6.162139229554742,6.180962192934059,473.16456578860124,2.042810365310288e-14,479.34552798153527,3.938343,450.855603,0.0,454.793946
2026-07-16_ttft_component_regression/phase1/input4000_rate2p5_reuse00_seed1,274,0.018493105886173783,15.219980977301317,15.23847408318749,473.16456578860124,2.042810365310288e-14,488.40303987178874,2.657813,452.51213,0.0,455.169943
2026-07-16_ttft_component_regression/phase1/input4000_rate2p5_reuse00_seed1,278,0.0,15.478694753375477,15.478694753375477,473.16456578860124,2.042810365310288e-14,488.6432605419767,11.008481,459.522666,0.0,470.531147
2026-07-16_ttft_component_regression/phase1/input4000_rate2p5_reuse00_seed1,295,0.0,12.285706522415055,12.285706522415055,473.16456578860124,2.042810365310288e-14,485.4502723110163,3.880604,463.821859,0.0,467.702463
2026-07-16_ttft_component_regression/phase1/input4000_rate2p5_reuse00_seed1,1,0.0,0.0,0.0,473.16456578860124,2.042810365310288e-14,473.16456578860124,0.182754,439.218678,0.0,439.401432
2026-07-16_ttft_component_regression/phase1/input4000_rate2p5_reuse00_seed1,10,0.01825967128847921,15.230228726220107,15.248488397508586,473.16456578860124,2.042810365310288e-14,488.41305418610983,15.526475,448.661656,0.0,464.188131
2026-07-16_ttft_component_regression/phase1/input4000_rate2p5_reuse00_seed1,9,0.020529728068206028,6.364176007576284,6.3847057356444905,473.16456578860124,2.042810365310288e-14,479.54927152424574,14.228425,444.801119,0.0,459.029544
2026-07-16_ttft_component_regression/phase1/input4000_rate2p5_reuse00_seed1,22,0.0,15.533530485319325,15.533530485319325,473.16456578860124,2.042810365310288e-14,488.69809627392056,13.974377,452.500201,0.0,466.474578
2026-07-16_ttft_component_regression/phase1/input4000_rate2p5_reuse00_seed1,29,0.0,12.271558476235297,12.271558476235297,473.16456578860124,2.042810365310288e-14,485.4361242648365,16.319023,454.793485,0.0,471.112508
2026-07-16_ttft_component_regression/phase1/input4000_rate2p5_reuse00_seed1,49,0.0,15.460222556971932,15.460222556971932,473.16456578860124,2.042810365310288e-14,488.62478834557317,8.782465,452.001705,0.0,460.78417
2026-07-16_ttft_component_regression/phase1/input4000_rate2p5_reuse00_seed1,48,0.017046056733705746,15.27474548005976,15.291791536793466,473.16456578860124,2.042810365310288e-14,488.4563573253947,14.593225,449.680504,0.0,464.273729
2026-07-16_ttft_component_regression/phase1/input4000_rate2p5_reuse00_seed1,72,0.01729483033909867,15.266729257124279,15.284024087463377,473.16456578860124,2.042810365310288e-14,488.4485898760646,0.637316,449.970168,0.0,450.607484
2026-07-16_ttft_component_regression/phase1/input4000_rate2p5_reuse00_seed1,93,0.0,15.385469672798468,15.385469672798468,473.16456578860124,2.042810365310288e-14,488.5500354613997,17.806968,452.502953,0.0,470.309921
2026-07-16_ttft_component_regression/phase1/input4000_rate2p5_reuse00_seed1,84,0.016282262675250306,15.296178195811988,15.312460458487239,473.16456578860124,2.042810365310288e-14,488.4770262470885,8.018199,449.514776,0.0,457.532975
2026-07-16_ttft_component_regression/phase1/input4000_rate2p5_reuse00_seed1,102,0.0,15.472547627642756,15.472547627642756,473.16456578860124,2.042810365310288e-14,488.637113416244,9.649866,452.669225,0.0,462.319091
2026-07-16_ttft_component_regression/phase1/input4000_rate2p5_reuse00_seed1,108,0.0,12.254351989646342,12.254351989646342,473.16456578860124,2.042810365310288e-14,485.4189177782476,1.378969,454.782989,0.0,456.161958
2026-07-16_ttft_component_regression/phase1/input4000_rate2p5_reuse00_seed1,111,0.0,11.555655260147297,11.555655260147297,473.16456578860124,2.042810365310288e-14,484.72022104874856,10.600266,457.676329,0.0,468.276595
2026-07-16_ttft_component_regression/phase1/input4000_rate2p5_reuse00_seed1,118,0.00672748845256373,12.846517902723008,12.853245391175571,473.16456578860124,2.042810365310288e-14,486.0178111797768,18.737399,460.396326,0.0,479.133725
2026-07-16_ttft_component_regression/phase1/input4000_rate2p5_reuse00_seed1,121,0.00672748845256373,12.846517902723008,12.853245391175571,473.16456578860124,2.042810365310288e-14,486.0178111797768,20.289538,459.904646,0.0,480.194184
2026-07-16_ttft_component_regression/phase1/input4000_rate2p5_reuse00_seed1,166,0.0,0.0,0.0,473.16456578860124,2.042810365310288e-14,473.16456578860124,0.042581,439.218678,0.0,439.261259
2026-07-16_ttft_component_regression/phase1/input4000_rate2p5_reuse00_seed1,180,0.01872523151477886,6.151267565910463,6.169992797425242,473.16456578860124,2.042810365310288e-14,479.3345585860265,6.094169,459.267343,0.0,465.361512
2026-07-16_ttft_component_regression/phase1/input4000_rate2p5_reuse00_seed1,235,0.0,0.0,0.0,473.16456578860124,2.042810365310288e-14,473.16456578860124,0.003887,454.058317,0.0,454.062204
2026-07-16_ttft_component_regression/phase1/input4000_rate2p5_reuse00_seed1,245,0.020446937137201655,6.353762182920419,6.37420912005762,473.16456578860124,2.042810365310288e-14,479.53877490865887,1.04412,457.703316,0.0,458.747436
2026-07-16_ttft_component_regression/phase1/input4000_rate2p5_reuse00_seed1,267,0.02101027699721134,6.42613049093663,6.447140767933841,473.16456578860124,2.042810365310288e-14,479.61170655653507,7.142067,460.485153,0.0,467.62722
2026-07-16_ttft_component_regression/phase1/input4000_rate2p5_reuse00_seed1,283,0.01984563462379015,6.280172441634212,6.300018076258002,473.16456578860124,2.042810365310288e-14,479.46458386485926,9.091524,457.863278,0.0,466.954802
2026-07-16_ttft_component_regression/phase1/input4000_rate2p5_reuse00_seed1,289,0.01770280338364975,15.252387990200457,15.270090793584107,473.16456578860124,2.042810365310288e-14,488.43465658218537,1.532051,457.686469,0.0,459.21852
2026-07-16_ttft_component_regression/phase1/input4000_rate2p5_reuse00_seed1,5,0.0,0.0,0.0,473.16456578860124,2.042810365310288e-14,473.16456578860124,0.114898,439.218678,0.0,439.333576
2026-07-16_ttft_component_regression/phase1/input4000_rate2p5_reuse00_seed1,7,0.019484817438071084,6.237584739288781,6.257069556726853,473.16456578860124,2.042810365310288e-14,479.42163534532807,159.01685,444.299839,0.0,603.316689
2026-07-16_ttft_component_regression/phase1/input4000_rate2p5_reuse00_seed1,28,0.0,12.318752460120287,12.318752460120287,473.16456578860124,2.042810365310288e-14,485.4833182487215,18.697668,454.028813,0.0,472.726481
2026-07-16_ttft_component_regression/phase1/input4000_rate2p5_reuse00_seed1,27,0.0,15.521423456396995,15.521423456396995,473.16456578860124,2.042810365310288e-14,488.6859892449982,1.839221,452.320553,0.0,454.159774
2026-07-16_ttft_component_regression/phase1/input4000_rate2p5_reuse00_seed1,26,0.01794352826717628,15.243190141013608,15.261133669280785,473.16456578860124,2.042810365310288e-14,488.42569945788205,7.180712,449.944952,0.0,457.125664
2026-07-16_ttft_component_regression/phase1/input4000_rate2p5_reuse00_seed1,30,0.0,11.530363796062039,11.530363796062039,473.16456578860124,2.042810365310288e-14,484.69492958466327,4.644776,457.031337,0.0,461.676113
2026-07-16_ttft_component_regression/phase1/input4000_rate2p5_reuse00_seed1,55,0.0,12.244287633904838,12.244287633904838,473.16456578860124,2.042810365310288e-14,485.40885342250607,17.77336,454.791661,0.0,472.565021
2026-07-16_ttft_component_regression/phase1/input4000_rate2p5_reuse00_seed1,58,0.0,11.563933248931829,11.563933248931829,473.16456578860124,2.042810365310288e-14,484.7284990375331,8.375104,462.172591,0.0,470.547695
2026-07-16_ttft_component_regression/phase1/input4000_rate2p5_reuse00_seed1,59,0.007337559541088619,12.875061650206348,12.882399209747437,473.16456578860124,2.042810365310288e-14,486.0469649983487,178.562482,691.81882,0.0,870.381302
2026-07-16_ttft_component_regression/phase1/input4000_rate2p5_reuse00_seed1,79,0.0,15.416776351193782,15.416776351193782,473.16456578860124,2.042810365310288e-14,488.581342139795,3.225437,452.339913,0.0,455.56535
2026-07-16_ttft_component_regression/phase1/input4000_rate2p5_reuse00_seed1,90,0.0,12.244287633904838,12.244287633904838,473.16456578860124,2.042810365310288e-14,485.40885342250607,9.656487,454.763725,0.0,464.420212
2026-07-16_ttft_component_regression/phase1/input4000_rate2p5_reuse00_seed1,99,0.0,12.234420884975304,12.234420884975304,473.16456578860124,2.042810365310288e-14,485.39898667357653,1.347829,454.884077,0.0,456.231906
2026-07-16_ttft_component_regression/phase1/input4000_rate2p5_reuse00_seed1,124,0.020279029701257976,6.332859835221516,6.353138864922774,473.16456578860124,2.042810365310288e-14,479.517704653524,8.27637,446.247103,0.0,454.523473
2026-07-16_ttft_component_regression/phase1/input4000_rate2p5_reuse00_seed1,130,0.018415647277764204,15.22344725042047,15.241862897698235,473.16456578860124,2.042810365310288e-14,488.4064286862995,14.168127,449.610584,0.0,463.778711
2026-07-16_ttft_component_regression/phase1/input4000_rate2p5_reuse00_seed1,142,0.0,12.292906193763496,12.292906193763496,473.16456578860124,2.042810365310288e-14,485.4574719823647,191.904055,462.411412,0.0,654.315467
2026-07-16_ttft_component_regression/phase1/input4000_rate2p5_reuse00_seed1,131,0.0,15.478694753375477,15.478694753375477,473.16456578860124,2.042810365310288e-14,488.6432605419767,103.813024,451.937705,0.0,555.750729
2026-07-16_ttft_component_regression/phase1/input4000_rate2p5_reuse00_seed1,149,0.0,11.52669337416504,11.52669337416504,473.16456578860124,2.042810365310288e-14,484.6912591627663,17.889222,464.854218,0.0,482.74344
2026-07-16_ttft_component_regression/phase1/input4000_rate2p5_reuse00_seed1,141,0.0,15.484831413088857,15.484831413088857,473.16456578860124,2.042810365310288e-14,488.6493972016901,9.750123,451.634889,0.0,461.385012
2026-07-16_ttft_component_regression/phase1/input4000_rate2p5_reuse00_seed1,163,0.0,12.268074340731967,12.268074340731967,473.16456578860124,2.042810365310288e-14,485.4326401293332,0.792286,462.648787,0.0,463.441073
2026-07-16_ttft_component_regression/phase1/input4000_rate2p5_reuse00_seed1,181,0.018181157053974117,15.233544124110058,15.251725281164031,473.16456578860124,2.042810365310288e-14,488.4162910697653,4.794941,464.92738,0.0,469.722321
2026-07-16_ttft_component_regression/phase1/input4000_rate2p5_reuse00_seed1,201,0.019205924948079392,6.205392522645757,6.224598447593836,473.16456578860124,2.042810365310288e-14,479.3891642361951,8.463538,458.994205,0.0,467.457743
2026-07-16_ttft_component_regression/phase1/input4000_rate2p5_reuse00_seed1,202,0.019247906133221294,15.182525846220031,15.201773752353253,473.16456578860124,2.042810365310288e-14,488.36633954095447,70.991949,457.118425,0.0,528.110374
2026-07-16_ttft_component_regression/phase1/input4000_rate2p5_reuse00_seed1,213,0.0,15.575526418663303,15.575526418663303,473.16456578860124,2.042810365310288e-14,488.7400922072645,8.761474,456.975592,0.0,465.737066
2026-07-16_ttft_component_regression/phase1/input4000_rate2p5_reuse00_seed1,233,0.0,11.494800406208132,11.494800406208132,473.16456578860124,2.042810365310288e-14,484.65936619480937,208.782796,710.31306,0.0,919.095856
2026-07-16_ttft_component_regression/phase1/input4000_rate2p5_reuse00_seed1,232,0.0,12.337818101716017,12.337818101716017,473.16456578860124,2.042810365310288e-14,485.5023838903173,145.820744,462.960353,0.0,608.781097
2026-07-16_ttft_component_regression/phase1/input4000_rate2p5_reuse00_seed1,231,0.0,15.557602050010754,15.557602050010754,473.16456578860124,2.042810365310288e-14,488.722167838612,14.72916,462.154408,0.0,476.883568
2026-07-16_ttft_component_regression/phase1/input4000_rate2p5_reuse00_seed1,234,0.002688323946968949,205.41867657049633,205.4213648944433,473.16456578860124,2.042810365310288e-14,678.5859306830446,637.60619,699.993608,0.0,1337.599798
2026-07-16_ttft_component_regression/phase1/input4000_rate2p5_reuse00_seed1,243,0.0,11.534093309325039,11.534093309325039,473.16456578860124,2.042810365310288e-14,484.6986590979263,16.85128,470.412391,0.0,487.263671
2026-07-16_ttft_component_regression/phase1/input4000_rate2p5_reuse00_seed1,263,0.03565658872239451,15.067572396198162,15.103228984920557,473.16456578860124,2.042810365310288e-14,488.2677947735218,0.810572,481.795856,0.0,482.606428
2026-07-16_ttft_component_regression/phase1/input4000_rate2p5_reuse00_seed1,259,0.005994431148477021,12.812586381570851,12.818580812719327,473.16456578860124,2.042810365310288e-14,485.9831466013206,227.55291,468.586594,0.0,696.139504
2026-07-16_ttft_component_regression/phase1/input4000_rate2p5_reuse00_seed1,258,0.0,11.545634909976627,11.545634909976627,473.16456578860124,2.042810365310288e-14,484.71020069857786,2.486612,461.211331,0.0,463.697943
2026-07-16_ttft_component_regression/phase1/input4000_rate2p5_reuse00_seed1,264,0.03787060743580872,17.33477702399348,17.37264763142929,473.16456578860124,2.042810365310288e-14,490.5372134200305,9.637443,716.504272,0.0,726.141715
2026-07-16_ttft_component_regression/phase1/input4000_rate2p5_reuse00_seed1,270,0.03769107037358229,15.300985478323055,15.338676548696638,473.16456578860124,2.042810365310288e-14,488.5032423372979,14.833139,470.224612,0.0,485.057751
2026-07-16_ttft_component_regression/phase1/input4000_rate2p5_reuse00_seed1,294,0.0,11.583402923338413,11.583402923338413,473.16456578860124,2.042810365310288e-14,484.7479687119397,18.04229,467.976302,0.0,486.018592
2026-07-16_ttft_component_regression/phase1/input4000_rate2p5_reuse00_seed1,298,0.007946757168550036,12.903846191747968,12.911792948916519,473.16456578860124,2.042810365310288e-14,486.07635873751775,14.164138,469.324626,0.0,483.488764
2026-07-16_ttft_component_regression/phase1/input4000_rate2p5_reuse00_seed1,3,0.0,0.0,0.0,473.16456578860124,2.042810365310288e-14,473.16456578860124,0.016017,443.684226,0.0,443.700243
2026-07-16_ttft_component_regression/phase1/input4000_rate2p5_reuse00_seed1,4,0.019756609284769588,6.269561719495538,6.289318328780308,473.16456578860124,2.042810365310288e-14,479.45388411738156,126.843275,665.177248,0.0,792.020523
2026-07-16_ttft_component_regression/phase1/input4000_rate2p5_reuse00_seed1,19,0.017783386401244855,15.249371669022693,15.267155055423938,473.16456578860124,2.042810365310288e-14,488.43172084402516,16.457894,449.66348,0.0,466.121374
2026-07-16_ttft_component_regression/phase1/input4000_rate2p5_reuse00_seed1,34,0.020279029701257976,6.332859835221516,6.353138864922774,473.16456578860124,2.042810365310288e-14,479.517704653524,1.02853,445.499615,0.0,446.528145
2026-07-16_ttft_component_regression/phase1/input4000_rate2p5_reuse00_seed1,43,0.0,12.227954027810005,12.227954027810005,473.16456578860124,2.042810365310288e-14,485.39251981641127,5.598565,453.653805,0.0,459.25237
2026-07-16_ttft_component_regression/phase1/input4000_rate2p5_reuse00_seed1,47,0.0,11.563933248931829,11.563933248931829,473.16456578860124,2.042810365310288e-14,484.7284990375331,4.472956,456.629929,0.0,461.102885
2026-07-16_ttft_component_regression/phase1/input4000_rate2p5_reuse00_seed1,56,0.03657634944131015,15.168395540131321,15.204971889572631,473.16456578860124,2.042810365310288e-14,488.36953767817386,183.971884,461.332714,0.0,645.304598
2026-07-16_ttft_component_regression/phase1/input4000_rate2p5_reuse00_seed1,35,0.017212235142355366,15.269450166890453,15.286662402032809,473.16456578860124,2.042810365310288e-14,488.451228190634,9.922675,449.120248,0.0,459.042923
2026-07-16_ttft_component_regression/phase1/input4000_rate2p5_reuse00_seed1,40,0.0,15.379182826745883,15.379182826745883,473.16456578860124,2.042810365310288e-14,488.5437486153471,6.896334,451.719369,0.0,458.615703
2026-07-16_ttft_component_regression/phase1/input4000_rate2p5_reuse00_seed1,53,0.007337559541088619,12.875061650206348,12.882399209747437,473.16456578860124,2.042810365310288e-14,486.0469649983487,10.086892,459.401382,0.0,469.488274
2026-07-16_ttft_component_regression/phase1/input4000_rate2p5_reuse00_seed1,76,0.0,18.543861707351237,18.543861707351237,473.16456578860124,2.042810365310288e-14,491.7084274959525,171.705003,714.894371,0.0,886.599374
2026-07-16_ttft_component_regression/phase1/input4000_rate2p5_reuse00_seed1,69,0.036438568297118105,15.152849966747553,15.189288535044671,473.16456578860124,2.042810365310288e-14,488.3538543236459,10.991107,462.20593,0.0,473.197037
2026-07-16_ttft_component_regression/phase1/input4000_rate2p5_reuse00_seed1,77,0.0,310.2137152591145,310.2137152591145,473.16456578860124,2.042810365310288e-14,783.3782810477157,503.629064,721.500414,0.0,1225.129478
2026-07-16_ttft_component_regression/phase1/input4000_rate2p5_reuse00_seed1,75,0.03617763247363323,17.48108616105632,17.517263793529956,473.16456578860124,2.042810365310288e-14,490.6818295821312,34.595067,468.217906,0.0,502.812973
2026-07-16_ttft_component_regression/phase1/input4000_rate2p5_reuse00_seed1,78,0.0,316.5848299541482,316.5848299541482,473.16456578860124,2.042810365310288e-14,789.7493957427494,786.326372,697.531106,0.0,1483.857478
2026-07-16_ttft_component_regression/phase1/input4000_rate2p5_reuse00_seed1,73,0.0373738470854722,15.261908873794889,15.299282720880361,473.16456578860124,2.042810365310288e-14,488.4638485094816,19.742277,462.494122,0.0,482.236399
2026-07-16_ttft_component_regression/phase1/input4000_rate2p5_reuse00_seed1,104,0.0373738470854722,15.261908873794889,15.299282720880361,473.16456578860124,2.042810365310288e-14,488.4638485094816,10.581344,469.815742,0.0,480.397086
2026-07-16_ttft_component_regression/phase1/input4000_rate2p5_reuse00_seed1,106,0.0367127554401372,15.183952962802621,15.220665718242758,473.16456578860124,2.042810365310288e-14,488.385231506844,18.829912,466.65419,0.0,485.484102
2026-07-16_ttft_component_regression/phase1/input4000_rate2p5_reuse00_seed1,119,0.0,18.507426351916628,18.507426351916628,473.16456578860124,2.042810365310288e-14,491.6719921405179,19.494627,478.313837,0.0,497.808464
2026-07-16_ttft_component_regression/phase1/input4000_rate2p5_reuse00_seed1,125,0.0,19.199543643421702,19.199543643421702,473.16456578860124,2.042810365310288e-14,492.36410943202293,120.773945,482.189107,0.0,602.963052
2026-07-16_ttft_component_regression/phase1/input4000_rate2p5_reuse00_seed1,107,0.03669071795714416,17.439700584034313,17.476391301991455,473.16456578860124,2.042810365310288e-14,490.6409570905927,13.163275,473.34972,0.0,486.512995
2026-07-16_ttft_component_regression/phase1/input4000_rate2p5_reuse00_seed1,123,0.0,18.503337843674903,18.503337843674903,473.16456578860124,2.042810365310288e-14,491.66790363227614,11.625302,475.752809,0.0,487.378111
2026-07-16_ttft_component_regression/phase1/input4000_rate2p5_reuse00_seed1,122,0.03718020473288808,17.397976046834067,17.435156251566955,473.16456578860124,2.042810365310288e-14,490.5997220401682,11.129393,474.258341,0.0,485.387734
2026-07-16_ttft_component_regression/phase1/input4000_rate2p5_reuse00_seed1,137,0.03909605029107412,17.20630585077116,17.245401901062234,473.16456578860124,2.042810365310288e-14,490.40996768966346,195.129615,478.358687,0.0,673.488302
2026-07-16_ttft_component_regression/phase1/input4000_rate2p5_reuse00_seed1,145,0.0,19.166152723754053,19.166152723754053,473.16456578860124,2.042810365310288e-14,492.3307185123553,14.952827,474.381064,0.0,489.333891
2026-07-16_ttft_component_regression/phase1/input4000_rate2p5_reuse00_seed1,152,0.0,24.776137591162936,24.776137591162936,473.16456578860124,2.042810365310288e-14,497.94070337976416,15.762602,478.343176,0.0,494.105778
2026-07-16_ttft_component_regression/phase1/input4000_rate2p5_reuse00_seed1,138,0.0,302.393112286575,302.393112286575,473.16456578860124,2.042810365310288e-14,775.5576780751762,426.291084,711.396624,0.0,1137.687708
2026-07-16_ttft_component_regression/phase1/input4000_rate2p5_reuse00_seed1,136,0.03543634331987344,15.044383899498822,15.079820242818695,473.16456578860124,2.042810365310288e-14,488.24438603141994,14.703409,469.799021,0.0,484.50243
2026-07-16_ttft_component_regression/phase1/input4000_rate2p5_reuse00_seed1,151,0.0,20.77596292469705,20.77596292469705,473.16456578860124,2.042810365310288e-14,493.9405287132983,12.727044,475.547702,0.0,488.274746
2026-07-16_ttft_component_regression/phase1/input4000_rate2p5_reuse00_seed1,155,0.0,24.825090578684033,24.825090578684033,473.16456578860124,2.042810365310288e-14,497.98965636728525,15.851517,478.612318,0.0,494.463835
2026-07-16_ttft_component_regression/phase1/input4000_rate2p5_reuse00_seed1,168,0.0,20.815012234135942,20.815012234135942,473.16456578860124,2.042810365310288e-14,493.9795780227372,15.095736,486.118463,0.0,501.214199
2026-07-16_ttft_component_regression/phase1/input4000_rate2p5_reuse00_seed1,170,0.0,24.914092292200348,24.914092292200348,473.16456578860124,2.042810365310288e-14,498.0786580808016,18.687717,484.944245,0.0,503.631962
2026-07-16_ttft_component_regression/phase1/input4000_rate2p5_reuse00_seed1,189,0.009646765777904237,12.985704808823018,12.995351574600921,473.16456578860124,2.042810365310288e-14,486.15991736320217,18.31054,468.398572,0.0,486.709112
2026-07-16_ttft_component_regression/phase1/input4000_rate2p5_reuse00_seed1,193,0.038119919776960914,15.355793167259948,15.393913087036909,473.16456578860124,2.042810365310288e-14,488.5584788756382,18.492448,466.910968,0.0,485.403416
2026-07-16_ttft_component_regression/phase1/input4000_rate2p5_reuse00_seed1,207,0.0,11.568159080039795,11.568159080039795,473.16456578860124,2.042810365310288e-14,484.732724868641,9.031477,467.513451,0.0,476.544928
2026-07-16_ttft_component_regression/phase1/input4000_rate2p5_reuse00_seed1,228,0.0,11.549599304287955,11.549599304287955,473.16456578860124,2.042810365310288e-14,484.7141650928892,2.824005,471.621213,0.0,474.445218
2026-07-16_ttft_component_regression/phase1/input4000_rate2p5_reuse00_seed1,225,0.0,15.460222556971932,15.460222556971932,473.16456578860124,2.042810365310288e-14,488.62478834557317,92.355816,471.84605,0.0,564.201866
2026-07-16_ttft_component_regression/phase1/input4000_rate2p5_reuse00_seed1,229,0.005138137390490185,12.77344697545184,12.77858511284233,473.16456578860124,2.042810365310288e-14,485.9431509014436,109.593375,468.6559,0.0,578.249275
2026-07-16_ttft_component_regression/phase1/input4000_rate2p5_reuse00_seed1,249,0.0,18.47449153275859,18.47449153275859,473.16456578860124,2.042810365310288e-14,491.6390573213598,4.369174,468.823634,0.0,473.192808
2026-07-16_ttft_component_regression/phase1/input4000_rate2p5_reuse00_seed1,224,0.017212235142355366,15.269450166890453,15.286662402032809,473.16456578860124,2.042810365310288e-14,488.451228190634,6.506551,464.226492,0.0,470.733043
2026-07-16_ttft_component_regression/phase1/input4000_rate2p5_reuse00_seed1,226,0.0,12.227954027810005,12.227954027810005,473.16456578860124,2.042810365310288e-14,485.39251981641127,34.373646,645.22903,0.0,679.602676
2026-07-16_ttft_component_regression/phase1/input4000_rate2p5_reuse00_seed1,244,0.037259504981481985,17.390989753108645,17.428249258090126,473.16456578860124,2.042810365310288e-14,490.5928150466914,101.797935,469.338861,0.0,571.136796
2026-07-16_ttft_component_regression/phase1/input4000_rate2p5_reuse00_seed1,236,0.006116672448609769,12.81821717146901,12.82433384391762,473.16456578860124,2.042810365310288e-14,485.98889963251884,0.177328,469.835065,0.0,470.012393
2026-07-16_ttft_component_regression/phase1/input4000_rate2p5_reuse00_seed1,255,0.0,18.445245360353294,18.445245360353294,473.16456578860124,2.042810365310288e-14,491.6098111489545,18.948455,475.451839,0.0,494.400294
2026-07-16_ttft_component_regression/phase1/input4000_rate2p5_reuse00_seed1,242,0.03684777740183249,15.199521980287543,15.236369757689374,473.16456578860124,2.042810365310288e-14,488.4009355462906,21.251823,471.683952,0.0,492.935775
2026-07-16_ttft_component_regression/phase1/input4000_rate2p5_reuse00_seed1,256,0.0,19.175769045889922,19.175769045889922,473.16456578860124,2.042810365310288e-14,492.34033483449116,214.93521,471.843451,0.0,686.778661
2026-07-16_ttft_component_regression/phase1/input4000_rate2p5_reuse00_seed1,277,0.03772170248981114,17.348883248738055,17.386604951227866,473.16456578860124,2.042810365310288e-14,490.5511707398291,13.17332,473.932415,0.0,487.105735
2026-07-16_ttft_component_regression/phase1/input4000_rate2p5_reuse00_seed1,287,0.004648441530249473,12.75130009049282,12.755948532023071,473.16456578860124,2.042810365310288e-14,485.9205143206243,14.22795,474.784217,0.0,489.012167
2026-07-16_ttft_component_regression/phase1/input4000_rate2p5_reuse00_seed1,288,0.03543634331987344,15.044383899498822,15.079820242818695,473.16456578860124,2.042810365310288e-14,488.24438603141994,222.021306,715.382853,0.0,937.404159
2026-07-16_ttft_component_regression/phase1/input4000_rate2p5_reuse00_seed1,18,0.020446937137201655,6.353762182920419,6.37420912005762,473.16456578860124,2.042810365310288e-14,479.53877490865887,6.480472,444.314655,0.0,450.795127
2026-07-16_ttft_component_regression/phase1/input4000_rate2p5_reuse00_seed1,17,0.0,0.0,0.0,473.16456578860124,2.042810365310288e-14,473.16456578860124,0.014448,439.218678,0.0,439.233126
2026-07-16_ttft_component_regression/phase1/input4000_rate2p5_reuse00_seed1,65,0.019933876133866494,6.290758872368557,6.310692748502424,473.16456578860124,2.042810365310288e-14,479.4752585371037,13.296287,444.634367,0.0,457.930654
2026-07-16_ttft_component_regression/phase1/input4000_rate2p5_reuse00_seed1,57,0.0,0.0,0.0,473.16456578860124,2.042810365310288e-14,473.16456578860124,0.01965,439.218678,0.0,439.238328
2026-07-16_ttft_component_regression/phase1/input4000_rate2p5_reuse00_seed1,74,0.018493105886173783,15.219980977301317,15.23847408318749,473.16456578860124,2.042810365310288e-14,488.40303987178874,9.390058,449.453752,0.0,458.84381
2026-07-16_ttft_component_regression/phase1/input4000_rate2p5_reuse00_seed1,89,0.0,15.484831413088857,15.484831413088857,473.16456578860124,2.042810365310288e-14,488.6493972016901,4.047012,452.679913,0.0,456.726925
2026-07-16_ttft_component_regression/phase1/input4000_rate2p5_reuse00_seed1,92,0.0,12.240976641900081,12.240976641900081,473.16456578860124,2.042810365310288e-14,485.4055424305013,0.929727,454.295565,0.0,455.225292
2026-07-16_ttft_component_regression/phase1/input4000_rate2p5_reuse00_seed1,112,0.016109051904222436,15.300413713397031,15.316522765301254,473.16456578860124,2.042810365310288e-14,488.4810885539025,7.44093,450.06652,0.0,457.50745
2026-07-16_ttft_component_regression/phase1/input4000_rate2p5_reuse00_seed1,147,0.020529728068206028,6.364176007576284,6.3847057356444905,473.16456578860124,2.042810365310288e-14,479.54927152424574,14.013912,446.533919,0.0,460.547831
2026-07-16_ttft_component_regression/phase1/input4000_rate2p5_reuse00_seed1,156,0.020611745547252237,6.374564813880238,6.39517655942749,473.16456578860124,2.042810365310288e-14,479.55974234802875,13.637368,444.981439,0.0,458.618807
2026-07-16_ttft_component_regression/phase1/input4000_rate2p5_reuse00_seed1,165,0.017212235142355366,15.269450166890453,15.286662402032809,473.16456578860124,2.042810365310288e-14,488.451228190634,4.853688,449.271992,0.0,454.12568
2026-07-16_ttft_component_regression/phase1/input4000_rate2p5_reuse00_seed1,188,0.0,15.404279759938523,15.404279759938523,473.16456578860124,2.042810365310288e-14,488.56884554853974,10.210416,452.436393,0.0,462.646809
2026-07-16_ttft_component_regression/phase1/input4000_rate2p5_reuse00_seed1,184,0.0164542230944146,15.29175195447952,15.308206177573936,473.16456578860124,2.042810365310288e-14,488.4727719661752,16.841751,449.965784,0.0,466.807535
2026-07-16_ttft_component_regression/phase1/input4000_rate2p5_reuse00_seed1,205,0.0,12.268074340731967,12.268074340731967,473.16456578860124,2.042810365310288e-14,485.4326401293332,15.791338,454.373613,0.0,470.164951
2026-07-16_ttft_component_regression/phase1/input4000_rate2p5_reuse00_seed1,197,0.0,12.218421996486283,12.218421996486283,473.16456578860124,2.042810365310288e-14,485.3829877850875,18.521143,454.675757,0.0,473.1969
2026-07-16_ttft_component_regression/phase1/input4000_rate2p5_reuse00_seed1,214,0.0,12.278590377643065,12.278590377643065,473.16456578860124,2.042810365310288e-14,485.4431561662443,14.24313,453.860685,0.0,468.103815
2026-07-16_ttft_component_regression/phase1/input4000_rate2p5_reuse00_seed1,218,0.0,11.52852118935529,11.52852118935529,473.16456578860124,2.042810365310288e-14,484.6930869779565,7.450245,462.867069,0.0,470.317314
2026-07-16_ttft_component_regression/phase1/input4000_rate2p5_reuse00_seed1,241,0.0,15.575526418663303,15.575526418663303,473.16456578860124,2.042810365310288e-14,488.7400922072645,10.742887,462.661031,0.0,473.403918
2026-07-16_ttft_component_regression/phase1/input4000_rate2p5_reuse00_seed1,239,0.018570209472701642,15.216464218192712,15.235034427665413,473.16456578860124,2.042810365310288e-14,488.39960021626666,2.503595,464.03399,0.0,466.537585
2026-07-16_ttft_component_regression/phase1/input4000_rate2p5_reuse00_seed1,282,0.01567063705425198,15.31017395740639,15.32584459446064,473.16456578860124,2.042810365310288e-14,488.4904103830619,123.750285,682.311092,0.0,806.061377
2026-07-16_ttft_component_regression/phase1/input4000_rate2p5_reuse00_seed1,291,0.0,12.171051988069761,12.171051988069761,473.16456578860124,2.042810365310288e-14,485.335617776671,16.232203,467.965858,0.0,484.198061
2026-07-16_ttft_component_regression/phase1/input4000_rate2p5_reuse00_seed1,275,0.0,0.0,0.0,473.16456578860124,2.042810365310288e-14,473.16456578860124,0.000899,453.994767,0.0,453.995666
2026-07-16_ttft_component_regression/phase1/input4000_rate2p5_reuse00_seed1,285,0.0,15.264758923882374,15.264758923882374,473.16456578860124,2.042810365310288e-14,488.4293247124836,13.699404,460.965913,0.0,474.665317
2026-07-16_ttft_component_regression/phase1/input4000_rate2p5_reuse00_seed1,296,0.0,11.628293630668761,11.628293630668761,473.16456578860124,2.042810365310288e-14,484.79285941927,0.695137,470.060393,0.0,470.75553
2026-07-16_ttft_component_regression/phase1/input4000_rate2p5_reuse00_seed1,281,0.022538681318162276,6.64529498307168,6.667833664389842,473.16456578860124,2.042810365310288e-14,479.83239945299107,3.406547,460.260759,0.0,463.667306
2026-07-16_ttft_component_regression/phase1/input4000_rate2p5_reuse00_seed1,12,0.0,0.0,0.0,473.16456578860124,2.042810365310288e-14,473.16456578860124,0.020197,439.218678,0.0,439.238875
2026-07-16_ttft_component_regression/phase1/input4000_rate2p5_reuse00_seed1,15,0.021315313959757685,6.466923816531743,6.4882391304915,473.16456578860124,2.042810365310288e-14,479.6528049190927,2.800436,444.312543,0.0,447.112979
2026-07-16_ttft_component_regression/phase1/input4000_rate2p5_reuse00_seed1,21,0.0,15.3602738256989,15.3602738256989,473.16456578860124,2.042810365310288e-14,488.52483961430016,7.916569,451.418377,0.0,459.334946
2026-07-16_ttft_component_regression/phase1/input4000_rate2p5_reuse00_seed1,16,0.016195812799102885,15.298319739563546,15.314515552362648,473.16456578860124,2.042810365310288e-14,488.4790813409639,10.932476,448.42508,0.0,459.357556
2026-07-16_ttft_component_regression/phase1/input4000_rate2p5_reuse00_seed1,23,0.0,12.188131153396329,12.188131153396329,473.16456578860124,2.042810365310288e-14,485.3526969419976,6.214867,457.584777,0.0,463.799644
2026-07-16_ttft_component_regression/phase1/input4000_rate2p5_reuse00_seed1,25,0.0,11.613567261438732,11.613567261438732,473.16456578860124,2.042810365310288e-14,484.77813305003997,98.670313,685.456897,0.0,784.12721
2026-07-16_ttft_component_regression/phase1/input4000_rate2p5_reuse00_seed1,38,0.03781542876927356,15.316633244171692,15.354448672940965,473.16456578860124,2.042810365310288e-14,488.5190144615422,15.872457,462.068842,0.0,477.941299
2026-07-16_ttft_component_regression/phase1/input4000_rate2p5_reuse00_seed1,33,0.00988881712868828,12.99754867115818,13.007437488286868,473.16456578860124,2.042810365310288e-14,486.1720032768881,4.083634,459.67351,0.0,463.757144
2026-07-16_ttft_component_regression/phase1/input4000_rate2p5_reuse00_seed1,51,0.036089810553306935,17.487950050272772,17.52403986082608,473.16456578860124,2.042810365310288e-14,490.6886056494273,20.596189,440.823127,0.0,461.419316
2026-07-16_ttft_component_regression/phase1/input4000_rate2p5_reuse00_seed1,60,0.0,18.543861707351237,18.543861707351237,473.16456578860124,2.042810365310288e-14,491.7084274959525,11.743323,468.880989,0.0,480.624312
2026-07-16_ttft_component_regression/phase1/input4000_rate2p5_reuse00_seed1,82,0.0,15.52748278603945,15.52748278603945,473.16456578860124,2.042810365310288e-14,488.6920485746407,11.108451,453.118185,0.0,464.226636
2026-07-16_ttft_component_regression/phase1/input4000_rate2p5_reuse00_seed1,91,0.0,12.303860744507094,12.303860744507094,473.16456578860124,2.042810365310288e-14,485.46842653310836,19.017246,454.229581,0.0,473.246827
2026-07-16_ttft_component_regression/phase1/input4000_rate2p5_reuse00_seed1,85,0.0,12.268074340731967,12.268074340731967,473.16456578860124,2.042810365310288e-14,485.4326401293332,38.34046,454.623917,0.0,492.964377
2026-07-16_ttft_component_regression/phase1/input4000_rate2p5_reuse00_seed1,95,0.0,12.271558476235297,12.271558476235297,473.16456578860124,2.042810365310288e-14,485.4361242648365,18.104877,453.894125,0.0,471.999002
2026-07-16_ttft_component_regression/phase1/input4000_rate2p5_reuse00_seed1,116,0.0,15.391748205178082,15.391748205178082,473.16456578860124,2.042810365310288e-14,488.5563139937793,9.110449,453.187081,0.0,462.29753
2026-07-16_ttft_component_regression/phase1/input4000_rate2p5_reuse00_seed1,154,0.0,0.0,0.0,473.16456578860124,2.042810365310288e-14,473.16456578860124,0.004732,439.218678,0.0,439.22341
2026-07-16_ttft_component_regression/phase1/input4000_rate2p5_reuse00_seed1,161,0.019205924948079392,6.205392522645757,6.224598447593836,473.16456578860124,2.042810365310288e-14,479.3891642361951,8.901171,457.84206,0.0,466.743231
2026-07-16_ttft_component_regression/phase1/input4000_rate2p5_reuse00_seed1,191,0.0,0.0,0.0,473.16456578860124,2.042810365310288e-14,473.16456578860124,0.012635,452.914416,0.0,452.927051
2026-07-16_ttft_component_regression/phase1/input4000_rate2p5_reuse00_seed1,209,0.02146326546263053,6.4871655394572425,6.508628804919873,473.16456578860124,2.042810365310288e-14,479.6731945935211,10.421313,456.904827,0.0,467.32614
2026-07-16_ttft_component_regression/phase1/input4000_rate2p5_reuse00_seed1,223,0.016794342649819573,15.282323775474461,15.29911811812428,473.16456578860124,2.042810365310288e-14,488.4636839067255,13.664629,461.049667,0.0,474.714296
2026-07-16_ttft_component_regression/phase1/input4000_rate2p5_reuse00_seed1,230,0.016878571446015136,15.279846157909818,15.296724729355834,473.16456578860124,2.042810365310288e-14,488.4612905179571,2.137533,456.910888,0.0,459.048421
2026-07-16_ttft_component_regression/phase1/input4000_rate2p5_reuse00_seed1,257,0.0,15.398018281686708,15.398018281686708,473.16456578860124,2.042810365310288e-14,488.5625840702879,17.571604,459.588672,0.0,477.160276
2026-07-16_ttft_component_regression/phase1/input4000_rate2p5_reuse00_seed1,246,0.0,15.353955143154352,15.353955143154352,473.16456578860124,2.042810365310288e-14,488.5185209317556,14.150292,461.220642,0.0,475.370934
2026-07-16_ttft_component_regression/phase1/input4000_rate2p5_reuse00_seed1,253,0.0,15.3602738256989,15.3602738256989,473.16456578860124,2.042810365310288e-14,488.52483961430016,6.643064,458.66288,0.0,465.305944
2026-07-16_ttft_component_regression/phase1/input4000_rate2p5_reuse00_seed1,260,0.0,12.212180523784161,12.212180523784161,473.16456578860124,2.042810365310288e-14,485.3767463123854,1.572984,458.479936,0.0,460.05292
2026-07-16_ttft_component_regression/phase1/input4000_rate2p5_reuse00_seed1,269,0.0,11.5811821905104,11.5811821905104,473.16456578860124,2.042810365310288e-14,484.7457479791116,15.24052,462.742086,0.0,477.982606
2026-07-16_ttft_component_regression/phase1/input4000_rate2p5_reuse00_seed1,280,0.0,11.553622050646508,11.553622050646508,473.16456578860124,2.042810365310288e-14,484.7181878392477,16.867492,463.224247,0.0,480.091739
2026-07-16_ttft_component_regression/phase1/input4000_rate2p5_reuse00_seed1,297,0.0,11.557703002893424,11.557703002893424,473.16456578860124,2.042810365310288e-14,484.7222687914947,10.56346,470.711684,0.0,481.275144
2026-07-16_ttft_component_regression/phase1/input4000_rate2p5_reuse00_seed1,292,0.00672748845256373,12.846517902723008,12.853245391175571,473.16456578860124,2.042810365310288e-14,486.0178111797768,13.823545,467.496589,0.0,481.320134
2026-07-16_ttft_component_regression/phase1/input4000_rate2p5_reuse00_seed1,299,0.0068495663725684965,12.852207281794325,12.859056848166894,473.16456578860124,2.042810365310288e-14,486.02362263676815,42.211666,697.786566,0.0,739.998232
2026-07-16_ttft_component_regression/phase1/input4000_rate2p5_reuse00_seed1,24,0.0,0.0,0.0,473.16456578860124,2.042810365310288e-14,473.16456578860124,0.000785,439.218678,0.0,439.219463
2026-07-16_ttft_component_regression/phase1/input4000_rate2p5_reuse00_seed1,31,0.021389669186438507,6.477057659279085,6.498447328465524,473.16456578860124,2.042810365310288e-14,479.6630131170668,13.241973,444.835807,0.0,458.07778
2026-07-16_ttft_component_regression/phase1/input4000_rate2p5_reuse00_seed1,52,0.017377094102219205,15.263959371652708,15.281336465754928,473.16456578860124,2.042810365310288e-14,488.44590225435616,6.798918,449.978296,0.0,456.777214
2026-07-16_ttft_component_regression/phase1/input4000_rate2p5_reuse00_seed1,71,0.0,15.539566407922337,15.539566407922337,473.16456578860124,2.042810365310288e-14,488.7041321965236,29.712067,679.581759,0.0,709.293826
2026-07-16_ttft_component_regression/phase1/input4000_rate2p5_reuse00_seed1,70,0.018023083970438777,15.240024732190713,15.258047816161152,473.16456578860124,2.042810365310288e-14,488.4226136047624,16.605019,454.577947,0.0,471.182966
2026-07-16_ttft_component_regression/phase1/input4000_rate2p5_reuse00_seed1,87,0.01887504213089147,15.20189040758122,15.220765449712111,473.16456578860124,2.042810365310288e-14,488.38533123831337,8.544021,449.254232,0.0,457.798253
2026-07-16_ttft_component_regression/phase1/input4000_rate2p5_reuse00_seed1,100,0.0,12.341690464244973,12.341690464244973,473.16456578860124,2.042810365310288e-14,485.5062562528462,49.157865,682.858798,0.0,732.016663
2026-07-16_ttft_component_regression/phase1/input4000_rate2p5_reuse00_seed1,97,0.0,15.575526418663303,15.575526418663303,473.16456578860124,2.042810365310288e-14,488.7400922072645,17.563791,456.863615,0.0,474.427406
2026-07-16_ttft_component_regression/phase1/input4000_rate2p5_reuse00_seed1,114,0.0,15.593335536590864,15.593335536590864,473.16456578860124,2.042810365310288e-14,488.7579013251921,18.031912,452.538345,0.0,470.570257
2026-07-16_ttft_component_regression/phase1/input4000_rate2p5_reuse00_seed1,139,0.0,15.490957461848728,15.490957461848728,473.16456578860124,2.042810365310288e-14,488.65552325044996,19.164931,452.013673,0.0,471.178604
2026-07-16_ttft_component_regression/phase1/input4000_rate2p5_reuse00_seed1,126,0.0,15.539566407922337,15.539566407922337,473.16456578860124,2.042810365310288e-14,488.7041321965236,3.44749,452.723401,0.0,456.170891
2026-07-16_ttft_component_regression/phase1/input4000_rate2p5_reuse00_seed1,127,0.0,12.271558476235297,12.271558476235297,473.16456578860124,2.042810365310288e-14,485.4361242648365,193.263292,454.282861,0.0,647.546153
2026-07-16_ttft_component_regression/phase1/input4000_rate2p5_reuse00_seed1,144,0.0,12.244287633904838,12.244287633904838,473.16456578860124,2.042810365310288e-14,485.40885342250607,18.486027,453.942861,0.0,472.428888
2026-07-16_ttft_component_regression/phase1/input4000_rate2p5_reuse00_seed1,157,0.0,12.231176299145556,12.231176299145556,473.16456578860124,2.042810365310288e-14,485.3957420877468,16.337402,454.771341,0.0,471.108743
2026-07-16_ttft_component_regression/phase1/input4000_rate2p5_reuse00_seed1,171,0.0,15.447857357001133,15.447857357001133,473.16456578860124,2.042810365310288e-14,488.61242314560235,4.292726,452.906889,0.0,457.199615
2026-07-16_ttft_component_regression/phase1/input4000_rate2p5_reuse00_seed1,175,0.0,11.549599304287955,11.549599304287955,473.16456578860124,2.042810365310288e-14,484.7141650928892,6.712085,465.410828,0.0,472.122913
2026-07-16_ttft_component_regression/phase1/input4000_rate2p5_reuse00_seed1,173,0.0,12.231176299145556,12.231176299145556,473.16456578860124,2.042810365310288e-14,485.3957420877468,106.378728,454.443757,0.0,560.822485
2026-07-16_ttft_component_regression/phase1/input4000_rate2p5_reuse00_seed1,183,0.0,11.52852118935529,11.52852118935529,473.16456578860124,2.042810365310288e-14,484.6930869779565,2.210135,466.908073,0.0,469.118208
2026-07-16_ttft_component_regression/phase1/input4000_rate2p5_reuse00_seed1,195,0.0,12.345582361590427,12.345582361590427,473.16456578860124,2.042810365310288e-14,485.51014815019164,2.320601,458.458447,0.0,460.779048
2026-07-16_ttft_component_regression/phase1/input4000_rate2p5_reuse00_seed1,203,0.0025658061272901544,12.658977375039356,12.661543181166646,473.16456578860124,2.042810365310288e-14,485.82610896976786,21.105007,468.125798,0.0,489.230805
2026-07-16_ttft_component_regression/phase1/input4000_rate2p5_reuse00_seed1,208,0.03957531397681777,17.14837911324214,17.18795442721896,473.16456578860124,2.042810365310288e-14,490.3525202158202,17.77899,466.098073,0.0,483.877063
2026-07-16_ttft_component_regression/phase1/input4000_rate2p5_reuse00_seed1,200,0.0,11.516038155971197,11.516038155971197,473.16456578860124,2.042810365310288e-14,484.68060394457245,16.978353,466.555855,0.0,483.534208
2026-07-16_ttft_component_regression/phase1/input4000_rate2p5_reuse00_seed1,206,0.034681170938819485,14.967318600605857,15.001999771544677,473.16456578860124,2.042810365310288e-14,488.1665655601459,3.510912,427.094125,0.0,430.605037
2026-07-16_ttft_component_regression/phase1/input4000_rate2p5_reuse00_seed1,222,0.004648441530249473,12.75130009049282,12.755948532023071,473.16456578860124,2.042810365310288e-14,485.9205143206243,6.663459,474.662052,0.0,481.325511
2026-07-16_ttft_component_regression/phase1/input4000_rate2p5_reuse00_seed1,227,0.005994431148477021,12.812586381570851,12.818580812719327,473.16456578860124,2.042810365310288e-14,485.9831466013206,14.428983,472.213192,0.0,486.642175
2026-07-16_ttft_component_regression/phase1/input4000_rate2p5_reuse00_seed1,262,0.02077346538099005,6.395267017933145,6.416040483314135,473.16456578860124,2.042810365310288e-14,479.58060627191537,0.869266,458.772137,0.0,459.641403
2026-07-16_ttft_component_regression/phase1/input4000_rate2p5_reuse00_seed1,268,0.019576201975165453,6.2482677743456865,6.267843976320852,473.16456578860124,2.042810365310288e-14,479.4324097649221,3.770533,453.07362,0.0,456.844153
2026-07-16_ttft_component_regression/phase1/input4000_rate2p5_reuse00_seed1,273,0.019099861791230056,15.1904252940287,15.209525155819929,473.16456578860124,2.042810365310288e-14,488.37409094442114,5.100484,452.711707,0.0,457.812191
2026-07-16_ttft_component_regression/phase1/input4000_rate2p5_reuse00_seed1,290,0.0,15.52748278603945,15.52748278603945,473.16456578860124,2.042810365310288e-14,488.6920485746407,13.079077,462.025458,0.0,475.104535
2026-07-16_ttft_component_regression/phase1/input4000_rate2p5_reuse00_seed1,8,0.0,0.0,0.0,473.16456578860124,2.042810365310288e-14,473.16456578860124,0.002239,439.218678,0.0,439.220917
2026-07-16_ttft_component_regression/phase1/input4000_rate2p5_reuse00_seed1,14,0.021087681295954626,6.436367347065515,6.457455028361469,473.16456578860124,2.042810365310288e-14,479.62202081696273,3.904459,444.704351,0.0,448.60881
2026-07-16_ttft_component_regression/phase1/input4000_rate2p5_reuse00_seed1,39,0.020611745547252237,6.374564813880238,6.39517655942749,473.16456578860124,2.042810365310288e-14,479.55974234802875,1.544485,446.380639,0.0,447.925124
2026-07-16_ttft_component_regression/phase1/input4000_rate2p5_reuse00_seed1,46,0.01810229409031397,15.236809426422427,15.254911720512741,473.16456578860124,2.042810365310288e-14,488.41947750911396,4.414484,449.854936,0.0,454.26942
2026-07-16_ttft_component_regression/phase1/input4000_rate2p5_reuse00_seed1,50,0.01917406855460747,15.186501235116266,15.205675303670873,473.16456578860124,2.042810365310288e-14,488.3702410922721,13.14077,448.557432,0.0,461.698202
2026-07-16_ttft_component_regression/phase1/input4000_rate2p5_reuse00_seed1,54,0.0,15.611025413473648,15.611025413473648,473.16456578860124,2.042810365310288e-14,488.7755912020749,1.325046,451.253385,0.0,452.578431
2026-07-16_ttft_component_regression/phase1/input4000_rate2p5_reuse00_seed1,64,0.0,12.318752460120287,12.318752460120287,473.16456578860124,2.042810365310288e-14,485.4833182487215,2.380381,453.632269,0.0,456.01265
2026-07-16_ttft_component_regression/phase1/input4000_rate2p5_reuse00_seed1,101,0.0,0.0,0.0,473.16456578860124,2.042810365310288e-14,473.16456578860124,0.005622,439.218678,0.0,439.2243
2026-07-16_ttft_component_regression/phase1/input4000_rate2p5_reuse00_seed1,113,0.020529728068206028,6.364176007576284,6.3847057356444905,473.16456578860124,2.042810365310288e-14,479.54927152424574,9.217491,444.992895,0.0,454.210386
2026-07-16_ttft_component_regression/phase1/input4000_rate2p5_reuse00_seed1,120,0.01696247666423832,15.277320095151959,15.294282571816197,473.16456578860124,2.042810365310288e-14,488.45884836041745,11.886598,449.027736,0.0,460.914334
2026-07-16_ttft_component_regression/phase1/input4000_rate2p5_reuse00_seed1,132,0.0,15.379182826745883,15.379182826745883,473.16456578860124,2.042810365310288e-14,488.5437486153471,19.016637,452.471081,0.0,471.487718
2026-07-16_ttft_component_regression/phase1/input4000_rate2p5_reuse00_seed1,133,0.0,12.188131153396329,12.188131153396329,473.16456578860124,2.042810365310288e-14,485.3526969419976,8.999377,451.755689,0.0,460.755066
2026-07-16_ttft_component_regression/phase1/input4000_rate2p5_reuse00_seed1,146,0.0,12.171051988069761,12.171051988069761,473.16456578860124,2.042810365310288e-14,485.335617776671,4.749136,454.289837,0.0,459.038973
2026-07-16_ttft_component_regression/phase1/input4000_rate2p5_reuse00_seed1,148,0.0,11.625804217748389,11.625804217748389,473.16456578860124,2.042810365310288e-14,484.79037000634963,2.90548,457.134985,0.0,460.040465
2026-07-16_ttft_component_regression/phase1/input4000_rate2p5_reuse00_seed1,172,0.0,11.59242867136165,11.59242867136165,473.16456578860124,2.042810365310288e-14,484.75699445996287,13.071928,458.085769,0.0,471.157697
2026-07-16_ttft_component_regression/phase1/input4000_rate2p5_reuse00_seed1,160,0.0,11.628293630668761,11.628293630668761,473.16456578860124,2.042810365310288e-14,484.79285941927,12.914178,458.036041,0.0,470.950219
2026-07-16_ttft_component_regression/phase1/input4000_rate2p5_reuse00_seed1,182,0.0,11.568159080039795,11.568159080039795,473.16456578860124,2.042810365310288e-14,484.732724868641,15.708626,464.342268,0.0,480.050894
2026-07-16_ttft_component_regression/phase1/input4000_rate2p5_reuse00_seed1,178,0.0,11.597026987453177,11.597026987453177,473.16456578860124,2.042810365310288e-14,484.7615927760544,17.8612,467.989179,0.0,485.850379
2026-07-16_ttft_component_regression/phase1/input4000_rate2p5_reuse00_seed1,196,0.0,12.275063851727978,12.275063851727978,473.16456578860124,2.042810365310288e-14,485.4396296403292,3.868473,464.109541,0.0,467.978014
2026-07-16_ttft_component_regression/phase1/input4000_rate2p5_reuse00_seed1,199,0.0,11.532221175600943,11.532221175600943,473.16456578860124,2.042810365310288e-14,484.6967869642022,14.398416,462.533063,0.0,476.931479
2026-07-16_ttft_component_regression/phase1/input4000_rate2p5_reuse00_seed1,210,0.0,11.534093309325039,11.534093309325039,473.16456578860124,2.042810365310288e-14,484.6986590979263,5.518754,465.656851,0.0,471.175605
2026-07-16_ttft_component_regression/phase1/input4000_rate2p5_reuse00_seed1,217,0.003913545930560892,12.71838065309403,12.72229419902459,473.16456578860124,2.042810365310288e-14,485.8868599876258,13.478407,463.851915,0.0,477.330322
2026-07-16_ttft_component_regression/phase1/input4000_rate2p5_reuse00_seed1,219,0.03475812346086601,14.975008679689621,15.009766803150487,473.16456578860124,2.042810365310288e-14,488.17433259175175,15.465056,470.280548,0.0,485.745604
2026-07-16_ttft_component_regression/phase1/input4000_rate2p5_reuse00_seed1,212,0.005382890495844745,12.784580180292165,12.78996307078801,473.16456578860124,2.042810365310288e-14,485.95452885938926,153.34285,463.583092,0.0,616.925942
2026-07-16_ttft_component_regression/phase1/input4000_rate2p5_reuse00_seed1,238,0.0,11.53788176492646,11.53788176492646,473.16456578860124,2.042810365310288e-14,484.7024475535277,43.9239,697.988427,0.0,741.912327
2026-07-16_ttft_component_regression/phase1/input4000_rate2p5_reuse00_seed1,237,0.0,12.268074340731967,12.268074340731967,473.16456578860124,2.042810365310288e-14,485.4326401293332,6.787768,470.905049,0.0,477.692817
2026-07-16_ttft_component_regression/phase1/input4000_rate2p5_reuse00_seed1,250,0.0,11.559765260700795,11.559765260700795,473.16456578860124,2.042810365310288e-14,484.724331049302,19.128994,460.833308,0.0,479.962302
2026-07-16_ttft_component_regression/phase1/input4000_rate2p5_reuse00_seed1,261,0.0,15.447857357001133,15.447857357001133,473.16456578860124,2.042810365310288e-14,488.61242314560235,19.09371,460.258418,0.0,479.352128
2026-07-16_ttft_component_regression/phase1/input4000_rate2p5_reuse00_seed1,271,0.0,12.261170147914447,12.261170147914447,473.16456578860124,2.042810365310288e-14,485.4257359365157,7.852694,462.611097,0.0,470.463791
2026-07-16_ttft_component_regression/phase1/input4000_rate2p5_reuse00_seed1,276,0.0,11.53788176492646,11.53788176492646,473.16456578860124,2.042810365310288e-14,484.7024475535277,12.113057,461.998022,0.0,474.111079
2026-07-16_ttft_component_regression/phase1/input4000_rate2p5_reuse00_seed1,0,0.0,0.0,0.0,473.16456578860124,2.042810365310288e-14,473.16456578860124,0.0,439.218678,0.0,439.218678
2026-07-16_ttft_component_regression/phase1/input4000_rate2p5_reuse00_seed1,6,0.019576201975165453,6.2482677743456865,6.267843976320852,473.16456578860124,2.042810365310288e-14,479.4324097649221,4.419682,444.708255,0.0,449.127937
2026-07-16_ttft_component_regression/phase1/input4000_rate2p5_reuse00_seed1,41,0.0,0.0,0.0,473.16456578860124,2.042810365310288e-14,473.16456578860124,0.001983,439.218678,0.0,439.220661
2026-07-16_ttft_component_regression/phase1/input4000_rate2p5_reuse00_seed1,63,0.018337835220789005,15.226863134287777,15.245200969508566,473.16456578860124,2.042810365310288e-14,488.4097667581098,87.180244,672.184605,0.0,759.364849
2026-07-16_ttft_component_regression/phase1/input4000_rate2p5_reuse00_seed1,62,0.02019391059292589,6.322371491828128,6.342565402421054,473.16456578860124,2.042810365310288e-14,479.50713119102227,12.466156,449.663709,0.0,462.129865
2026-07-16_ttft_component_regression/phase1/input4000_rate2p5_reuse00_seed1,86,0.01729483033909867,15.266729257124279,15.284024087463377,473.16456578860124,2.042810365310288e-14,488.4485898760646,9.191522,449.89836,0.0,459.089882
2026-07-16_ttft_component_regression/phase1/input4000_rate2p5_reuse00_seed1,128,0.0,0.0,0.0,473.16456578860124,2.042810365310288e-14,473.16456578860124,0.005577,439.218678,0.0,439.224255
2026-07-16_ttft_component_regression/phase1/input4000_rate2p5_reuse00_seed1,140,0.018646956463947206,15.212896876939777,15.231543833403723,473.16456578860124,2.042810365310288e-14,488.396109622005,11.813603,448.635352,0.0,460.448955
2026-07-16_ttft_component_regression/phase1/input4000_rate2p5_reuse00_seed1,134,0.020021335104090772,6.301320919007914,6.321342254112005,473.16456578860124,2.042810365310288e-14,479.4859080427132,12.628005,444.524831,0.0,457.152836
2026-07-16_ttft_component_regression/phase1/input4000_rate2p5_reuse00_seed1,153,0.0,15.52748278603945,15.52748278603945,473.16456578860124,2.042810365310288e-14,488.6920485746407,5.014338,452.263273,0.0,457.277611
2026-07-16_ttft_component_regression/phase1/input4000_rate2p5_reuse00_seed1,162,0.0,15.509270490434561,15.509270490434561,473.16456578860124,2.042810365310288e-14,488.6738362790358,5.417669,452.472489,0.0,457.890158
2026-07-16_ttft_component_regression/phase1/input4000_rate2p5_reuse00_seed1,185,0.0,15.466390180648245,15.466390180648245,473.16456578860124,2.042810365310288e-14,488.6309559692495,4.718773,452.493033,0.0,457.211806
2026-07-16_ttft_component_regression/phase1/input4000_rate2p5_reuse00_seed1,190,0.0,15.51535264253705,15.51535264253705,473.16456578860124,2.042810365310288e-14,488.6799184311383,3.643247,451.892361,0.0,455.535608
2026-07-16_ttft_component_regression/phase1/input4000_rate2p5_reuse00_seed1,179,0.017377094102219205,15.263959371652708,15.281336465754928,473.16456578860124,2.042810365310288e-14,488.44590225435616,2.236726,449.898968,0.0,452.135694
2026-07-16_ttft_component_regression/phase1/input4000_rate2p5_reuse00_seed1,198,0.0,11.53788176492646,11.53788176492646,473.16456578860124,2.042810365310288e-14,484.7024475535277,12.266382,456.948745,0.0,469.215127
2026-07-16_ttft_component_regression/phase1/input4000_rate2p5_reuse00_seed1,194,0.0,12.264611534775272,12.264611534775272,473.16456578860124,2.042810365310288e-14,485.4291773233765,15.818091,453.846637,0.0,469.664728
2026-07-16_ttft_component_regression/phase1/input4000_rate2p5_reuse00_seed1,216,0.005138137390490185,12.77344697545184,12.77858511284233,473.16456578860124,2.042810365310288e-14,485.9431509014436,9.436873,474.106086,0.0,483.542959
2026-07-16_ttft_component_regression/phase1/input4000_rate2p5_reuse00_seed1,221,0.035138124034280224,15.013514519189485,15.048652643223765,473.16456578860124,2.042810365310288e-14,488.213218431825,4.571184,471.570037,0.0,476.141221
2026-07-16_ttft_component_regression/phase1/input4000_rate2p5_reuse00_seed1,211,0.0,11.547609803969777,11.547609803969777,473.16456578860124,2.042810365310288e-14,484.71217559257104,12.936402,465.919836,0.0,478.856238
2026-07-16_ttft_component_regression/phase1/input4000_rate2p5_reuse00_seed1,240,0.0,15.545590407366038,15.545590407366038,473.16456578860124,2.042810365310288e-14,488.7101561959673,0.443964,463.694872,0.0,464.138836
2026-07-16_ttft_component_regression/phase1/input4000_rate2p5_reuse00_seed1,252,0.0,11.517776827564097,11.517776827564097,473.16456578860124,2.042810365310288e-14,484.68234261616533,18.967478,468.001382,0.0,486.96886
2026-07-16_ttft_component_regression/phase1/input4000_rate2p5_reuse00_seed1,254,0.0,15.575526418663303,15.575526418663303,473.16456578860124,2.042810365310288e-14,488.7400922072645,18.81685,453.906896,0.0,472.723746
2026-07-16_ttft_component_regression/phase1/input4000_rate2p5_reuse00_seed1,247,0.0,12.285706522415055,12.285706522415055,473.16456578860124,2.042810365310288e-14,485.4502723110163,8.164844,462.276031,0.0,470.440875
2026-07-16_ttft_component_regression/phase1/input4000_rate2p5_reuse00_seed1,279,0.018493105886173783,15.219980977301317,15.23847408318749,473.16456578860124,2.042810365310288e-14,488.40303987178874,18.487911,460.036642,0.0,478.524553
2026-07-16_ttft_component_regression/phase1/input4000_rate2p5_reuse00_seed1,284,0.0,15.569564238068569,15.569564238068569,473.16456578860124,2.042810365310288e-14,488.7341300266698,11.352643,459.322006,0.0,470.674649
2026-07-16_ttft_component_regression/phase1/input4000_rate2p5_reuse00_seed1,293,0.01825967128847921,15.230228726220107,15.248488397508586,473.16456578860124,2.042810365310288e-14,488.41305418610983,2.068874,452.998579,0.0,455.067453
2026-07-16_ttft_component_regression/phase1/input4000_rate2p5_reuse00_seed1,13,0.0,0.0,0.0,473.16456578860124,2.042810365310288e-14,473.16456578860124,0.002391,439.218678,0.0,439.221069
2026-07-16_ttft_component_regression/phase1/input4000_rate2p5_reuse00_seed1,32,0.019576201975165453,6.2482677743456865,6.267843976320852,473.16456578860124,2.042810365310288e-14,479.4324097649221,5.323026,446.055391,0.0,451.378417
2026-07-16_ttft_component_regression/phase1/input4000_rate2p5_reuse00_seed1,42,0.019576201975165453,6.2482677743456865,6.267843976320852,473.16456578860124,2.042810365310288e-14,479.4324097649221,13.474013,444.847327,0.0,458.32134
2026-07-16_ttft_component_regression/phase1/input4000_rate2p5_reuse00_seed1,67,0.019576201975165453,6.2482677743456865,6.267843976320852,473.16456578860124,2.042810365310288e-14,479.4324097649221,14.475003,445.525471,0.0,460.000474
2026-07-16_ttft_component_regression/phase1/input4000_rate2p5_reuse00_seed1,68,0.017863628553246014,15.24630575305144,15.264169381604685,473.16456578860124,2.042810365310288e-14,488.4287351702059,10.248011,448.946328,0.0,459.194339
2026-07-16_ttft_component_regression/phase1/input4000_rate2p5_reuse00_seed1,81,0.01794352826717628,15.243190141013608,15.261133669280785,473.16456578860124,2.042810365310288e-14,488.42569945788205,1.482449,449.14572,0.0,450.628169
2026-07-16_ttft_component_regression/phase1/input4000_rate2p5_reuse00_seed1,83,0.0,15.509270490434561,15.509270490434561,473.16456578860124,2.042810365310288e-14,488.6738362790358,8.178354,451.566185,0.0,459.744539
2026-07-16_ttft_component_regression/phase1/input4000_rate2p5_reuse00_seed1,88,0.0,12.254351989646342,12.254351989646342,473.16456578860124,2.042810365310288e-14,485.4189177782476,4.736773,453.840397,0.0,458.57717
2026-07-16_ttft_component_regression/phase1/input4000_rate2p5_reuse00_seed1,103,0.0,11.56184201541916,11.56184201541916,473.16456578860124,2.042810365310288e-14,484.72640780402037,9.885621,457.938345,0.0,467.823966
2026-07-16_ttft_component_regression/phase1/input4000_rate2p5_reuse00_seed1,96,0.0,11.563933248931829,11.563933248931829,473.16456578860124,2.042810365310288e-14,484.7284990375331,14.271654,457.604105,0.0,471.875759
2026-07-16_ttft_component_regression/phase1/input4000_rate2p5_reuse00_seed1,109,0.0,11.53788176492646,11.53788176492646,473.16456578860124,2.042810365310288e-14,484.7024475535277,20.647058,457.547081,0.0,478.194139
2026-07-16_ttft_component_regression/phase1/input4000_rate2p5_reuse00_seed1,117,0.0,12.224754160534612,12.224754160534612,473.16456578860124,2.042810365310288e-14,485.3893199491358,8.494168,454.007309,0.0,462.501477
2026-07-16_ttft_component_regression/phase1/input4000_rate2p5_reuse00_seed1,135,0.0,12.250975397311342,12.250975397311342,473.16456578860124,2.042810365310288e-14,485.41554118591256,4.92411,455.021453,0.0,459.945563
2026-07-16_ttft_component_regression/phase1/input4000_rate2p5_reuse00_seed1,150,0.017459024860089538,15.261140405949002,15.278599430809091,473.16456578860124,2.042810365310288e-14,488.44316521941033,7.572189,449.58236,0.0,457.154549
2026-07-16_ttft_component_regression/phase1/input4000_rate2p5_reuse00_seed1,159,0.017377094102219205,15.263959371652708,15.281336465754928,473.16456578860124,2.042810365310288e-14,488.44590225435616,18.067719,449.554872,0.0,467.622591
2026-07-16_ttft_component_regression/phase1/input4000_rate2p5_reuse00_seed1,177,0.0,11.566038943155466,11.566038943155466,473.16456578860124,2.042810365310288e-14,484.7306047317567,93.999821,696.585722,0.0,790.585543
2026-07-16_ttft_component_regression/phase1/input4000_rate2p5_reuse00_seed1,176,0.0,12.209094020752616,12.209094020752616,473.16456578860124,2.042810365310288e-14,485.37365980935385,14.958907,462.857307,0.0,477.816214
2026-07-16_ttft_component_regression/phase1/input4000_rate2p5_reuse00_seed1,167,0.0,15.398018281686708,15.398018281686708,473.16456578860124,2.042810365310288e-14,488.5625840702879,6.735752,452.421577,0.0,459.157329
2026-07-16_ttft_component_regression/phase1/input4000_rate2p5_reuse00_seed1,169,0.0,12.196977730290484,12.196977730290484,473.16456578860124,2.042810365310288e-14,485.3615435188917,19.333654,457.240999,0.0,476.574653
2026-07-16_ttft_component_regression/phase1/input4000_rate2p5_reuse00_seed1,192,0.0,11.551603392609225,11.551603392609225,473.16456578860124,2.042810365310288e-14,484.7161691812105,15.12868,461.285391,0.0,476.414071
2026-07-16_ttft_component_regression/phase1/input4000_rate2p5_reuse00_seed1,248,0.0,0.0,0.0,473.16456578860124,2.042810365310288e-14,473.16456578860124,0.01145,453.994767,0.0,454.006217
2026-07-16_ttft_component_regression/phase1/input4000_rate2p5_reuse00_seed1,251,0.019756609284769588,6.269561719495538,6.289318328780308,473.16456578860124,2.042810365310288e-14,479.45388411738156,172.571049,455.580674,0.0,628.151723
2026-07-16_ttft_component_regression/phase1/input4000_rate2p5_reuse00_seed1,272,0.020446937137201655,6.353762182920419,6.37420912005762,473.16456578860124,2.042810365310288e-14,479.53877490865887,5.144571,460.397349,0.0,465.54192
2026-07-16_ttft_component_regression/phase1/input4000_rate2p5_reuse00_seed1,286,0.020932107123683888,6.415868093385912,6.436800200509596,473.16456578860124,2.042810365310288e-14,479.60136598911083,3.667589,457.202656,0.0,460.870245
2026-07-16_ttft_component_regression/phase1/input4000_rate2p5_reuse00_seed1,2,0.0,0.0,0.0,473.16456578860124,2.042810365310288e-14,473.16456578860124,0.048801,439.218678,0.0,439.267479
2026-07-16_ttft_component_regression/phase1/input4000_rate2p5_reuse00_seed1,11,0.020108012825873142,6.311858489379126,6.331966502204999,473.16456578860124,2.042810365310288e-14,479.4965322908062,3.733552,445.152255,0.0,448.885807
2026-07-16_ttft_component_regression/phase1/input4000_rate2p5_reuse00_seed1,20,0.017459024860089538,15.261140405949002,15.278599430809091,473.16456578860124,2.042810365310288e-14,488.44316521941033,7.669419,449.363064,0.0,457.032483
2026-07-16_ttft_component_regression/phase1/input4000_rate2p5_reuse00_seed1,37,0.018337835220789005,15.226863134287777,15.245200969508566,473.16456578860124,2.042810365310288e-14,488.4097667581098,166.506775,448.989112,0.0,615.495887
2026-07-16_ttft_component_regression/phase1/input4000_rate2p5_reuse00_seed1,36,0.020363371449160988,6.343323428948092,6.363686800397253,473.16456578860124,2.042810365310288e-14,479.5282525889985,2.971294,445.613791,0.0,448.585085
2026-07-16_ttft_component_regression/phase1/input4000_rate2p5_reuse00_seed1,61,0.0,11.547609803969777,11.547609803969777,473.16456578860124,2.042810365310288e-14,484.71217559257104,12.455401,457.465865,0.0,469.921266
2026-07-16_ttft_component_regression/phase1/input4000_rate2p5_reuse00_seed1,45,0.0,12.234420884975304,12.234420884975304,473.16456578860124,2.042810365310288e-14,485.39898667357653,156.514344,682.066766,0.0,838.58111
2026-07-16_ttft_component_regression/phase1/input4000_rate2p5_reuse00_seed1,44,0.0,15.466390180648245,15.466390180648245,473.16456578860124,2.042810365310288e-14,488.6309559692495,9.760104,456.283935,0.0,466.044039
2026-07-16_ttft_component_regression/phase1/input4000_rate2p5_reuse00_seed1,66,0.0,11.524880369213296,11.524880369213296,473.16456578860124,2.042810365310288e-14,484.68944615781453,2.301348,457.081641,0.0,459.382989
2026-07-16_ttft_component_regression/phase1/input4000_rate2p5_reuse00_seed1,80,0.0,12.244287633904838,12.244287633904838,473.16456578860124,2.042810365310288e-14,485.40885342250607,14.678653,454.553325,0.0,469.231978
2026-07-16_ttft_component_regression/phase1/input4000_rate2p5_reuse00_seed1,98,0.0,15.503177145893346,15.503177145893346,473.16456578860124,2.042810365310288e-14,488.6677429344946,9.176178,452.271305,0.0,461.447483
2026-07-16_ttft_component_regression/phase1/input4000_rate2p5_reuse00_seed1,94,0.0,12.209094020752616,12.209094020752616,473.16456578860124,2.042810365310288e-14,485.37365980935385,4.332302,455.207053,0.0,459.539355
2026-07-16_ttft_component_regression/phase1/input4000_rate2p5_reuse00_seed1,115,0.0,11.545634909976627,11.545634909976627,473.16456578860124,2.042810365310288e-14,484.71020069857786,18.199938,457.302153,0.0,475.502091
2026-07-16_ttft_component_regression/phase1/input4000_rate2p5_reuse00_seed1,110,0.0,12.244287633904838,12.244287633904838,473.16456578860124,2.042810365310288e-14,485.40885342250607,2.865712,454.373517,0.0,457.239229
2026-07-16_ttft_component_regression/phase1/input4000_rate2p5_reuse00_seed1,105,0.0,15.423011178493118,15.423011178493118,473.16456578860124,2.042810365310288e-14,488.5875769670944,6.413936,452.214057,0.0,458.627993
2026-07-16_ttft_component_regression/phase1/input4000_rate2p5_reuse00_seed1,129,0.0,11.52852118935529,11.52852118935529,473.16456578860124,2.042810365310288e-14,484.6930869779565,3.393015,457.911017,0.0,461.304032
2026-07-16_ttft_component_regression/phase1/input4000_rate2p5_reuse00_seed1,143,0.0,12.311266094563942,12.311266094563942,473.16456578860124,2.042810365310288e-14,485.4758318831652,6.739668,463.167756,0.0,469.907424
2026-07-16_ttft_component_regression/phase1/input4000_rate2p5_reuse00_seed1,158,0.019392643939031395,6.226877788732773,6.246270432671805,473.16456578860124,2.042810365310288e-14,479.41083622127303,9.199628,456.508645,0.0,465.708273
2026-07-16_ttft_component_regression/phase1/input4000_rate2p5_reuse00_seed1,164,0.019099861791230056,15.1904252940287,15.209525155819929,473.16456578860124,2.042810365310288e-14,488.37409094442114,4.683151,457.225473,0.0,461.908624
2026-07-16_ttft_component_regression/phase1/input4000_rate2p5_reuse00_seed1,174,0.01794352826717628,15.243190141013608,15.261133669280785,473.16456578860124,2.042810365310288e-14,488.42569945788205,17.779428,453.988502,0.0,471.76793
2026-07-16_ttft_component_regression/phase1/input4000_rate2p5_reuse00_seed1,186,0.0,15.509270490434561,15.509270490434561,473.16456578860124,2.042810365310288e-14,488.6738362790358,17.150777,460.580721,0.0,477.731498
2026-07-16_ttft_component_regression/phase1/input4000_rate2p5_reuse00_seed1,187,0.0,12.261170147914447,12.261170147914447,473.16456578860124,2.042810365310288e-14,485.4257359365157,3.931968,458.284845,0.0,462.216813
2026-07-16_ttft_component_regression/phase1/input4000_rate2p5_reuse00_seed1,204,0.0,15.466390180648245,15.466390180648245,473.16456578860124,2.042810365310288e-14,488.6309559692495,18.166891,460.249689,0.0,478.41658
2026-07-16_ttft_component_regression/phase1/input4000_rate2p5_reuse00_seed1,215,0.0,12.2821379644024,12.2821379644024,473.16456578860124,2.042810365310288e-14,485.44670375300365,5.737259,459.094206,0.0,464.831465
2026-07-16_ttft_component_regression/phase1/input4000_rate2p5_reuse00_seed1,220,0.0,12.330132341077526,12.330132341077526,473.16456578860124,2.042810365310288e-14,485.49469812967874,12.625742,458.434285,0.0,471.060027
2026-07-16_ttft_component_regression/phase1/input4000_rate2p5_reuse00_seed1,265,0.0,0.0,0.0,473.16456578860124,2.042810365310288e-14,473.16456578860124,0.026462,450.499513,0.0,450.525975
2026-07-16_ttft_component_regression/phase1/input4000_rate2p5_reuse00_seed1,266,0.018822963379317315,6.162139229554742,6.180962192934059,473.16456578860124,2.042810365310288e-14,479.34552798153527,3.938343,450.855603,0.0,454.793946
2026-07-16_ttft_component_regression/phase1/input4000_rate2p5_reuse00_seed1,274,0.018493105886173783,15.219980977301317,15.23847408318749,473.16456578860124,2.042810365310288e-14,488.40303987178874,2.657813,452.51213,0.0,455.169943
2026-07-16_ttft_component_regression/phase1/input4000_rate2p5_reuse00_seed1,278,0.0,15.478694753375477,15.478694753375477,473.16456578860124,2.042810365310288e-14,488.6432605419767,11.008481,459.522666,0.0,470.531147
2026-07-16_ttft_component_regression/phase1/input4000_rate2p5_reuse00_seed1,295,0.0,12.285706522415055,12.285706522415055,473.16456578860124,2.042810365310288e-14,485.4502723110163,3.880604,463.821859,0.0,467.702463
2026-07-16_ttft_component_regression/phase1/input4000_rate2p5_reuse00_seed1,1,0.0,0.0,0.0,473.16456578860124,2.042810365310288e-14,473.16456578860124,0.182754,439.218678,0.0,439.401432
2026-07-16_ttft_component_regression/phase1/input4000_rate2p5_reuse00_seed1,10,0.01825967128847921,15.230228726220107,15.248488397508586,473.16456578860124,2.042810365310288e-14,488.41305418610983,15.526475,448.661656,0.0,464.188131
2026-07-16_ttft_component_regression/phase1/input4000_rate2p5_reuse00_seed1,9,0.020529728068206028,6.364176007576284,6.3847057356444905,473.16456578860124,2.042810365310288e-14,479.54927152424574,14.228425,444.801119,0.0,459.029544
2026-07-16_ttft_component_regression/phase1/input4000_rate2p5_reuse00_seed1,22,0.0,15.533530485319325,15.533530485319325,473.16456578860124,2.042810365310288e-14,488.69809627392056,13.974377,452.500201,0.0,466.474578
2026-07-16_ttft_component_regression/phase1/input4000_rate2p5_reuse00_seed1,29,0.0,12.271558476235297,12.271558476235297,473.16456578860124,2.042810365310288e-14,485.4361242648365,16.319023,454.793485,0.0,471.112508
2026-07-16_ttft_component_regression/phase1/input4000_rate2p5_reuse00_seed1,49,0.0,15.460222556971932,15.460222556971932,473.16456578860124,2.042810365310288e-14,488.62478834557317,8.782465,452.001705,0.0,460.78417
2026-07-16_ttft_component_regression/phase1/input4000_rate2p5_reuse00_seed1,48,0.017046056733705746,15.27474548005976,15.291791536793466,473.16456578860124,2.042810365310288e-14,488.4563573253947,14.593225,449.680504,0.0,464.273729
2026-07-16_ttft_component_regression/phase1/input4000_rate2p5_reuse00_seed1,72,0.01729483033909867,15.266729257124279,15.284024087463377,473.16456578860124,2.042810365310288e-14,488.4485898760646,0.637316,449.970168,0.0,450.607484
2026-07-16_ttft_component_regression/phase1/input4000_rate2p5_reuse00_seed1,93,0.0,15.385469672798468,15.385469672798468,473.16456578860124,2.042810365310288e-14,488.5500354613997,17.806968,452.502953,0.0,470.309921
2026-07-16_ttft_component_regression/phase1/input4000_rate2p5_reuse00_seed1,84,0.016282262675250306,15.296178195811988,15.312460458487239,473.16456578860124,2.042810365310288e-14,488.4770262470885,8.018199,449.514776,0.0,457.532975
2026-07-16_ttft_component_regression/phase1/input4000_rate2p5_reuse00_seed1,102,0.0,15.472547627642756,15.472547627642756,473.16456578860124,2.042810365310288e-14,488.637113416244,9.649866,452.669225,0.0,462.319091
2026-07-16_ttft_component_regression/phase1/input4000_rate2p5_reuse00_seed1,108,0.0,12.254351989646342,12.254351989646342,473.16456578860124,2.042810365310288e-14,485.4189177782476,1.378969,454.782989,0.0,456.161958
2026-07-16_ttft_component_regression/phase1/input4000_rate2p5_reuse00_seed1,111,0.0,11.555655260147297,11.555655260147297,473.16456578860124,2.042810365310288e-14,484.72022104874856,10.600266,457.676329,0.0,468.276595
2026-07-16_ttft_component_regression/phase1/input4000_rate2p5_reuse00_seed1,118,0.00672748845256373,12.846517902723008,12.853245391175571,473.16456578860124,2.042810365310288e-14,486.0178111797768,18.737399,460.396326,0.0,479.133725
2026-07-16_ttft_component_regression/phase1/input4000_rate2p5_reuse00_seed1,121,0.00672748845256373,12.846517902723008,12.853245391175571,473.16456578860124,2.042810365310288e-14,486.0178111797768,20.289538,459.904646,0.0,480.194184
2026-07-16_ttft_component_regression/phase1/input4000_rate2p5_reuse00_seed1,166,0.0,0.0,0.0,473.16456578860124,2.042810365310288e-14,473.16456578860124,0.042581,439.218678,0.0,439.261259
2026-07-16_ttft_component_regression/phase1/input4000_rate2p5_reuse00_seed1,180,0.01872523151477886,6.151267565910463,6.169992797425242,473.16456578860124,2.042810365310288e-14,479.3345585860265,6.094169,459.267343,0.0,465.361512
2026-07-16_ttft_component_regression/phase1/input4000_rate2p5_reuse00_seed1,235,0.0,0.0,0.0,473.16456578860124,2.042810365310288e-14,473.16456578860124,0.003887,454.058317,0.0,454.062204
2026-07-16_ttft_component_regression/phase1/input4000_rate2p5_reuse00_seed1,245,0.020446937137201655,6.353762182920419,6.37420912005762,473.16456578860124,2.042810365310288e-14,479.53877490865887,1.04412,457.703316,0.0,458.747436
2026-07-16_ttft_component_regression/phase1/input4000_rate2p5_reuse00_seed1,267,0.02101027699721134,6.42613049093663,6.447140767933841,473.16456578860124,2.042810365310288e-14,479.61170655653507,7.142067,460.485153,0.0,467.62722
2026-07-16_ttft_component_regression/phase1/input4000_rate2p5_reuse00_seed1,283,0.01984563462379015,6.280172441634212,6.300018076258002,473.16456578860124,2.042810365310288e-14,479.46458386485926,9.091524,457.863278,0.0,466.954802
2026-07-16_ttft_component_regression/phase1/input4000_rate2p5_reuse00_seed1,289,0.01770280338364975,15.252387990200457,15.270090793584107,473.16456578860124,2.042810365310288e-14,488.43465658218537,1.532051,457.686469,0.0,459.21852
2026-07-16_ttft_component_regression/phase1/input4000_rate2p5_reuse00_seed1,5,0.0,0.0,0.0,473.16456578860124,2.042810365310288e-14,473.16456578860124,0.114898,439.218678,0.0,439.333576
2026-07-16_ttft_component_regression/phase1/input4000_rate2p5_reuse00_seed1,7,0.019484817438071084,6.237584739288781,6.257069556726853,473.16456578860124,2.042810365310288e-14,479.42163534532807,159.01685,444.299839,0.0,603.316689
2026-07-16_ttft_component_regression/phase1/input4000_rate2p5_reuse00_seed1,28,0.0,12.318752460120287,12.318752460120287,473.16456578860124,2.042810365310288e-14,485.4833182487215,18.697668,454.028813,0.0,472.726481
2026-07-16_ttft_component_regression/phase1/input4000_rate2p5_reuse00_seed1,27,0.0,15.521423456396995,15.521423456396995,473.16456578860124,2.042810365310288e-14,488.6859892449982,1.839221,452.320553,0.0,454.159774
2026-07-16_ttft_component_regression/phase1/input4000_rate2p5_reuse00_seed1,26,0.01794352826717628,15.243190141013608,15.261133669280785,473.16456578860124,2.042810365310288e-14,488.42569945788205,7.180712,449.944952,0.0,457.125664
2026-07-16_ttft_component_regression/phase1/input4000_rate2p5_reuse00_seed1,30,0.0,11.530363796062039,11.530363796062039,473.16456578860124,2.042810365310288e-14,484.69492958466327,4.644776,457.031337,0.0,461.676113
2026-07-16_ttft_component_regression/phase1/input4000_rate2p5_reuse00_seed1,55,0.0,12.244287633904838,12.244287633904838,473.16456578860124,2.042810365310288e-14,485.40885342250607,17.77336,454.791661,0.0,472.565021
2026-07-16_ttft_component_regression/phase1/input4000_rate2p5_reuse00_seed1,58,0.0,11.563933248931829,11.563933248931829,473.16456578860124,2.042810365310288e-14,484.7284990375331,8.375104,462.172591,0.0,470.547695
2026-07-16_ttft_component_regression/phase1/input4000_rate2p5_reuse00_seed1,59,0.007337559541088619,12.875061650206348,12.882399209747437,473.16456578860124,2.042810365310288e-14,486.0469649983487,178.562482,691.81882,0.0,870.381302
2026-07-16_ttft_component_regression/phase1/input4000_rate2p5_reuse00_seed1,79,0.0,15.416776351193782,15.416776351193782,473.16456578860124,2.042810365310288e-14,488.581342139795,3.225437,452.339913,0.0,455.56535
2026-07-16_ttft_component_regression/phase1/input4000_rate2p5_reuse00_seed1,90,0.0,12.244287633904838,12.244287633904838,473.16456578860124,2.042810365310288e-14,485.40885342250607,9.656487,454.763725,0.0,464.420212
2026-07-16_ttft_component_regression/phase1/input4000_rate2p5_reuse00_seed1,99,0.0,12.234420884975304,12.234420884975304,473.16456578860124,2.042810365310288e-14,485.39898667357653,1.347829,454.884077,0.0,456.231906
2026-07-16_ttft_component_regression/phase1/input4000_rate2p5_reuse00_seed1,124,0.020279029701257976,6.332859835221516,6.353138864922774,473.16456578860124,2.042810365310288e-14,479.517704653524,8.27637,446.247103,0.0,454.523473
2026-07-16_ttft_component_regression/phase1/input4000_rate2p5_reuse00_seed1,130,0.018415647277764204,15.22344725042047,15.241862897698235,473.16456578860124,2.042810365310288e-14,488.4064286862995,14.168127,449.610584,0.0,463.778711
2026-07-16_ttft_component_regression/phase1/input4000_rate2p5_reuse00_seed1,142,0.0,12.292906193763496,12.292906193763496,473.16456578860124,2.042810365310288e-14,485.4574719823647,191.904055,462.411412,0.0,654.315467
2026-07-16_ttft_component_regression/phase1/input4000_rate2p5_reuse00_seed1,131,0.0,15.478694753375477,15.478694753375477,473.16456578860124,2.042810365310288e-14,488.6432605419767,103.813024,451.937705,0.0,555.750729
2026-07-16_ttft_component_regression/phase1/input4000_rate2p5_reuse00_seed1,149,0.0,11.52669337416504,11.52669337416504,473.16456578860124,2.042810365310288e-14,484.6912591627663,17.889222,464.854218,0.0,482.74344
2026-07-16_ttft_component_regression/phase1/input4000_rate2p5_reuse00_seed1,141,0.0,15.484831413088857,15.484831413088857,473.16456578860124,2.042810365310288e-14,488.6493972016901,9.750123,451.634889,0.0,461.385012
2026-07-16_ttft_component_regression/phase1/input4000_rate2p5_reuse00_seed1,163,0.0,12.268074340731967,12.268074340731967,473.16456578860124,2.042810365310288e-14,485.4326401293332,0.792286,462.648787,0.0,463.441073
2026-07-16_ttft_component_regression/phase1/input4000_rate2p5_reuse00_seed1,181,0.018181157053974117,15.233544124110058,15.251725281164031,473.16456578860124,2.042810365310288e-14,488.4162910697653,4.794941,464.92738,0.0,469.722321
2026-07-16_ttft_component_regression/phase1/input4000_rate2p5_reuse00_seed1,201,0.019205924948079392,6.205392522645757,6.224598447593836,473.16456578860124,2.042810365310288e-14,479.3891642361951,8.463538,458.994205,0.0,467.457743
2026-07-16_ttft_component_regression/phase1/input4000_rate2p5_reuse00_seed1,202,0.019247906133221294,15.182525846220031,15.201773752353253,473.16456578860124,2.042810365310288e-14,488.36633954095447,70.991949,457.118425,0.0,528.110374
2026-07-16_ttft_component_regression/phase1/input4000_rate2p5_reuse00_seed1,213,0.0,15.575526418663303,15.575526418663303,473.16456578860124,2.042810365310288e-14,488.7400922072645,8.761474,456.975592,0.0,465.737066
2026-07-16_ttft_component_regression/phase1/input4000_rate2p5_reuse00_seed1,233,0.0,11.494800406208132,11.494800406208132,473.16456578860124,2.042810365310288e-14,484.65936619480937,208.782796,710.31306,0.0,919.095856
2026-07-16_ttft_component_regression/phase1/input4000_rate2p5_reuse00_seed1,232,0.0,12.337818101716017,12.337818101716017,473.16456578860124,2.042810365310288e-14,485.5023838903173,145.820744,462.960353,0.0,608.781097
2026-07-16_ttft_component_regression/phase1/input4000_rate2p5_reuse00_seed1,231,0.0,15.557602050010754,15.557602050010754,473.16456578860124,2.042810365310288e-14,488.722167838612,14.72916,462.154408,0.0,476.883568
2026-07-16_ttft_component_regression/phase1/input4000_rate2p5_reuse00_seed1,234,0.002688323946968949,205.41867657049633,205.4213648944433,473.16456578860124,2.042810365310288e-14,678.5859306830446,637.60619,699.993608,0.0,1337.599798
2026-07-16_ttft_component_regression/phase1/input4000_rate2p5_reuse00_seed1,243,0.0,11.534093309325039,11.534093309325039,473.16456578860124,2.042810365310288e-14,484.6986590979263,16.85128,470.412391,0.0,487.263671
2026-07-16_ttft_component_regression/phase1/input4000_rate2p5_reuse00_seed1,263,0.03565658872239451,15.067572396198162,15.103228984920557,473.16456578860124,2.042810365310288e-14,488.2677947735218,0.810572,481.795856,0.0,482.606428
2026-07-16_ttft_component_regression/phase1/input4000_rate2p5_reuse00_seed1,259,0.005994431148477021,12.812586381570851,12.818580812719327,473.16456578860124,2.042810365310288e-14,485.9831466013206,227.55291,468.586594,0.0,696.139504
2026-07-16_ttft_component_regression/phase1/input4000_rate2p5_reuse00_seed1,258,0.0,11.545634909976627,11.545634909976627,473.16456578860124,2.042810365310288e-14,484.71020069857786,2.486612,461.211331,0.0,463.697943
2026-07-16_ttft_component_regression/phase1/input4000_rate2p5_reuse00_seed1,264,0.03787060743580872,17.33477702399348,17.37264763142929,473.16456578860124,2.042810365310288e-14,490.5372134200305,9.637443,716.504272,0.0,726.141715
2026-07-16_ttft_component_regression/phase1/input4000_rate2p5_reuse00_seed1,270,0.03769107037358229,15.300985478323055,15.338676548696638,473.16456578860124,2.042810365310288e-14,488.5032423372979,14.833139,470.224612,0.0,485.057751
2026-07-16_ttft_component_regression/phase1/input4000_rate2p5_reuse00_seed1,294,0.0,11.583402923338413,11.583402923338413,473.16456578860124,2.042810365310288e-14,484.7479687119397,18.04229,467.976302,0.0,486.018592
2026-07-16_ttft_component_regression/phase1/input4000_rate2p5_reuse00_seed1,298,0.007946757168550036,12.903846191747968,12.911792948916519,473.16456578860124,2.042810365310288e-14,486.07635873751775,14.164138,469.324626,0.0,483.488764
2026-07-16_ttft_component_regression/phase1/input4000_rate2p5_reuse00_seed1,3,0.0,0.0,0.0,473.16456578860124,2.042810365310288e-14,473.16456578860124,0.016017,443.684226,0.0,443.700243
2026-07-16_ttft_component_regression/phase1/input4000_rate2p5_reuse00_seed1,4,0.019756609284769588,6.269561719495538,6.289318328780308,473.16456578860124,2.042810365310288e-14,479.45388411738156,126.843275,665.177248,0.0,792.020523
2026-07-16_ttft_component_regression/phase1/input4000_rate2p5_reuse00_seed1,19,0.017783386401244855,15.249371669022693,15.267155055423938,473.16456578860124,2.042810365310288e-14,488.43172084402516,16.457894,449.66348,0.0,466.121374
2026-07-16_ttft_component_regression/phase1/input4000_rate2p5_reuse00_seed1,34,0.020279029701257976,6.332859835221516,6.353138864922774,473.16456578860124,2.042810365310288e-14,479.517704653524,1.02853,445.499615,0.0,446.528145
2026-07-16_ttft_component_regression/phase1/input4000_rate2p5_reuse00_seed1,43,0.0,12.227954027810005,12.227954027810005,473.16456578860124,2.042810365310288e-14,485.39251981641127,5.598565,453.653805,0.0,459.25237
2026-07-16_ttft_component_regression/phase1/input4000_rate2p5_reuse00_seed1,47,0.0,11.563933248931829,11.563933248931829,473.16456578860124,2.042810365310288e-14,484.7284990375331,4.472956,456.629929,0.0,461.102885
2026-07-16_ttft_component_regression/phase1/input4000_rate2p5_reuse00_seed1,56,0.03657634944131015,15.168395540131321,15.204971889572631,473.16456578860124,2.042810365310288e-14,488.36953767817386,183.971884,461.332714,0.0,645.304598
2026-07-16_ttft_component_regression/phase1/input4000_rate2p5_reuse00_seed1,35,0.017212235142355366,15.269450166890453,15.286662402032809,473.16456578860124,2.042810365310288e-14,488.451228190634,9.922675,449.120248,0.0,459.042923
2026-07-16_ttft_component_regression/phase1/input4000_rate2p5_reuse00_seed1,40,0.0,15.379182826745883,15.379182826745883,473.16456578860124,2.042810365310288e-14,488.5437486153471,6.896334,451.719369,0.0,458.615703
2026-07-16_ttft_component_regression/phase1/input4000_rate2p5_reuse00_seed1,53,0.007337559541088619,12.875061650206348,12.882399209747437,473.16456578860124,2.042810365310288e-14,486.0469649983487,10.086892,459.401382,0.0,469.488274
2026-07-16_ttft_component_regression/phase1/input4000_rate2p5_reuse00_seed1,76,0.0,18.543861707351237,18.543861707351237,473.16456578860124,2.042810365310288e-14,491.7084274959525,171.705003,714.894371,0.0,886.599374
2026-07-16_ttft_component_regression/phase1/input4000_rate2p5_reuse00_seed1,69,0.036438568297118105,15.152849966747553,15.189288535044671,473.16456578860124,2.042810365310288e-14,488.3538543236459,10.991107,462.20593,0.0,473.197037
2026-07-16_ttft_component_regression/phase1/input4000_rate2p5_reuse00_seed1,77,0.0,310.2137152591145,310.2137152591145,473.16456578860124,2.042810365310288e-14,783.3782810477157,503.629064,721.500414,0.0,1225.129478
2026-07-16_ttft_component_regression/phase1/input4000_rate2p5_reuse00_seed1,75,0.03617763247363323,17.48108616105632,17.517263793529956,473.16456578860124,2.042810365310288e-14,490.6818295821312,34.595067,468.217906,0.0,502.812973
2026-07-16_ttft_component_regression/phase1/input4000_rate2p5_reuse00_seed1,78,0.0,316.5848299541482,316.5848299541482,473.16456578860124,2.042810365310288e-14,789.7493957427494,786.326372,697.531106,0.0,1483.857478
2026-07-16_ttft_component_regression/phase1/input4000_rate2p5_reuse00_seed1,73,0.0373738470854722,15.261908873794889,15.299282720880361,473.16456578860124,2.042810365310288e-14,488.4638485094816,19.742277,462.494122,0.0,482.236399
2026-07-16_ttft_component_regression/phase1/input4000_rate2p5_reuse00_seed1,104,0.0373738470854722,15.261908873794889,15.299282720880361,473.16456578860124,2.042810365310288e-14,488.4638485094816,10.581344,469.815742,0.0,480.397086
2026-07-16_ttft_component_regression/phase1/input4000_rate2p5_reuse00_seed1,106,0.0367127554401372,15.183952962802621,15.220665718242758,473.16456578860124,2.042810365310288e-14,488.385231506844,18.829912,466.65419,0.0,485.484102
2026-07-16_ttft_component_regression/phase1/input4000_rate2p5_reuse00_seed1,119,0.0,18.507426351916628,18.507426351916628,473.16456578860124,2.042810365310288e-14,491.6719921405179,19.494627,478.313837,0.0,497.808464
2026-07-16_ttft_component_regression/phase1/input4000_rate2p5_reuse00_seed1,125,0.0,19.199543643421702,19.199543643421702,473.16456578860124,2.042810365310288e-14,492.36410943202293,120.773945,482.189107,0.0,602.963052
2026-07-16_ttft_component_regression/phase1/input4000_rate2p5_reuse00_seed1,107,0.03669071795714416,17.439700584034313,17.476391301991455,473.16456578860124,2.042810365310288e-14,490.6409570905927,13.163275,473.34972,0.0,486.512995
2026-07-16_ttft_component_regression/phase1/input4000_rate2p5_reuse00_seed1,123,0.0,18.503337843674903,18.503337843674903,473.16456578860124,2.042810365310288e-14,491.66790363227614,11.625302,475.752809,0.0,487.378111
2026-07-16_ttft_component_regression/phase1/input4000_rate2p5_reuse00_seed1,122,0.03718020473288808,17.397976046834067,17.435156251566955,473.16456578860124,2.042810365310288e-14,490.5997220401682,11.129393,474.258341,0.0,485.387734
2026-07-16_ttft_component_regression/phase1/input4000_rate2p5_reuse00_seed1,137,0.03909605029107412,17.20630585077116,17.245401901062234,473.16456578860124,2.042810365310288e-14,490.40996768966346,195.129615,478.358687,0.0,673.488302
2026-07-16_ttft_component_regression/phase1/input4000_rate2p5_reuse00_seed1,145,0.0,19.166152723754053,19.166152723754053,473.16456578860124,2.042810365310288e-14,492.3307185123553,14.952827,474.381064,0.0,489.333891
2026-07-16_ttft_component_regression/phase1/input4000_rate2p5_reuse00_seed1,152,0.0,24.776137591162936,24.776137591162936,473.16456578860124,2.042810365310288e-14,497.94070337976416,15.762602,478.343176,0.0,494.105778
2026-07-16_ttft_component_regression/phase1/input4000_rate2p5_reuse00_seed1,138,0.0,302.393112286575,302.393112286575,473.16456578860124,2.042810365310288e-14,775.5576780751762,426.291084,711.396624,0.0,1137.687708
2026-07-16_ttft_component_regression/phase1/input4000_rate2p5_reuse00_seed1,136,0.03543634331987344,15.044383899498822,15.079820242818695,473.16456578860124,2.042810365310288e-14,488.24438603141994,14.703409,469.799021,0.0,484.50243
2026-07-16_ttft_component_regression/phase1/input4000_rate2p5_reuse00_seed1,151,0.0,20.77596292469705,20.77596292469705,473.16456578860124,2.042810365310288e-14,493.9405287132983,12.727044,475.547702,0.0,488.274746
2026-07-16_ttft_component_regression/phase1/input4000_rate2p5_reuse00_seed1,155,0.0,24.825090578684033,24.825090578684033,473.16456578860124,2.042810365310288e-14,497.98965636728525,15.851517,478.612318,0.0,494.463835
2026-07-16_ttft_component_regression/phase1/input4000_rate2p5_reuse00_seed1,168,0.0,20.815012234135942,20.815012234135942,473.16456578860124,2.042810365310288e-14,493.9795780227372,15.095736,486.118463,0.0,501.214199
2026-07-16_ttft_component_regression/phase1/input4000_rate2p5_reuse00_seed1,170,0.0,24.914092292200348,24.914092292200348,473.16456578860124,2.042810365310288e-14,498.0786580808016,18.687717,484.944245,0.0,503.631962
2026-07-16_ttft_component_regression/phase1/input4000_rate2p5_reuse00_seed1,189,0.009646765777904237,12.985704808823018,12.995351574600921,473.16456578860124,2.042810365310288e-14,486.15991736320217,18.31054,468.398572,0.0,486.709112
2026-07-16_ttft_component_regression/phase1/input4000_rate2p5_reuse00_seed1,193,0.038119919776960914,15.355793167259948,15.393913087036909,473.16456578860124,2.042810365310288e-14,488.5584788756382,18.492448,466.910968,0.0,485.403416
2026-07-16_ttft_component_regression/phase1/input4000_rate2p5_reuse00_seed1,207,0.0,11.568159080039795,11.568159080039795,473.16456578860124,2.042810365310288e-14,484.732724868641,9.031477,467.513451,0.0,476.544928
2026-07-16_ttft_component_regression/phase1/input4000_rate2p5_reuse00_seed1,228,0.0,11.549599304287955,11.549599304287955,473.16456578860124,2.042810365310288e-14,484.7141650928892,2.824005,471.621213,0.0,474.445218
2026-07-16_ttft_component_regression/phase1/input4000_rate2p5_reuse00_seed1,225,0.0,15.460222556971932,15.460222556971932,473.16456578860124,2.042810365310288e-14,488.62478834557317,92.355816,471.84605,0.0,564.201866
2026-07-16_ttft_component_regression/phase1/input4000_rate2p5_reuse00_seed1,229,0.005138137390490185,12.77344697545184,12.77858511284233,473.16456578860124,2.042810365310288e-14,485.9431509014436,109.593375,468.6559,0.0,578.249275
2026-07-16_ttft_component_regression/phase1/input4000_rate2p5_reuse00_seed1,249,0.0,18.47449153275859,18.47449153275859,473.16456578860124,2.042810365310288e-14,491.6390573213598,4.369174,468.823634,0.0,473.192808
2026-07-16_ttft_component_regression/phase1/input4000_rate2p5_reuse00_seed1,224,0.017212235142355366,15.269450166890453,15.286662402032809,473.16456578860124,2.042810365310288e-14,488.451228190634,6.506551,464.226492,0.0,470.733043
2026-07-16_ttft_component_regression/phase1/input4000_rate2p5_reuse00_seed1,226,0.0,12.227954027810005,12.227954027810005,473.16456578860124,2.042810365310288e-14,485.39251981641127,34.373646,645.22903,0.0,679.602676
2026-07-16_ttft_component_regression/phase1/input4000_rate2p5_reuse00_seed1,244,0.037259504981481985,17.390989753108645,17.428249258090126,473.16456578860124,2.042810365310288e-14,490.5928150466914,101.797935,469.338861,0.0,571.136796
2026-07-16_ttft_component_regression/phase1/input4000_rate2p5_reuse00_seed1,236,0.006116672448609769,12.81821717146901,12.82433384391762,473.16456578860124,2.042810365310288e-14,485.98889963251884,0.177328,469.835065,0.0,470.012393
2026-07-16_ttft_component_regression/phase1/input4000_rate2p5_reuse00_seed1,255,0.0,18.445245360353294,18.445245360353294,473.16456578860124,2.042810365310288e-14,491.6098111489545,18.948455,475.451839,0.0,494.400294
2026-07-16_ttft_component_regression/phase1/input4000_rate2p5_reuse00_seed1,242,0.03684777740183249,15.199521980287543,15.236369757689374,473.16456578860124,2.042810365310288e-14,488.4009355462906,21.251823,471.683952,0.0,492.935775
2026-07-16_ttft_component_regression/phase1/input4000_rate2p5_reuse00_seed1,256,0.0,19.175769045889922,19.175769045889922,473.16456578860124,2.042810365310288e-14,492.34033483449116,214.93521,471.843451,0.0,686.778661
2026-07-16_ttft_component_regression/phase1/input4000_rate2p5_reuse00_seed1,277,0.03772170248981114,17.348883248738055,17.386604951227866,473.16456578860124,2.042810365310288e-14,490.5511707398291,13.17332,473.932415,0.0,487.105735
2026-07-16_ttft_component_regression/phase1/input4000_rate2p5_reuse00_seed1,287,0.004648441530249473,12.75130009049282,12.755948532023071,473.16456578860124,2.042810365310288e-14,485.9205143206243,14.22795,474.784217,0.0,489.012167
2026-07-16_ttft_component_regression/phase1/input4000_rate2p5_reuse00_seed1,288,0.03543634331987344,15.044383899498822,15.079820242818695,473.16456578860124,2.042810365310288e-14,488.24438603141994,222.021306,715.382853,0.0,937.404159
2026-07-16_ttft_component_regression/phase1/input4000_rate2p5_reuse00_seed1,18,0.020446937137201655,6.353762182920419,6.37420912005762,473.16456578860124,2.042810365310288e-14,479.53877490865887,6.480472,444.314655,0.0,450.795127
2026-07-16_ttft_component_regression/phase1/input4000_rate2p5_reuse00_seed1,17,0.0,0.0,0.0,473.16456578860124,2.042810365310288e-14,473.16456578860124,0.014448,439.218678,0.0,439.233126
2026-07-16_ttft_component_regression/phase1/input4000_rate2p5_reuse00_seed1,65,0.019933876133866494,6.290758872368557,6.310692748502424,473.16456578860124,2.042810365310288e-14,479.4752585371037,13.296287,444.634367,0.0,457.930654
2026-07-16_ttft_component_regression/phase1/input4000_rate2p5_reuse00_seed1,57,0.0,0.0,0.0,473.16456578860124,2.042810365310288e-14,473.16456578860124,0.01965,439.218678,0.0,439.238328
2026-07-16_ttft_component_regression/phase1/input4000_rate2p5_reuse00_seed1,74,0.018493105886173783,15.219980977301317,15.23847408318749,473.16456578860124,2.042810365310288e-14,488.40303987178874,9.390058,449.453752,0.0,458.84381
2026-07-16_ttft_component_regression/phase1/input4000_rate2p5_reuse00_seed1,89,0.0,15.484831413088857,15.484831413088857,473.16456578860124,2.042810365310288e-14,488.6493972016901,4.047012,452.679913,0.0,456.726925
2026-07-16_ttft_component_regression/phase1/input4000_rate2p5_reuse00_seed1,92,0.0,12.240976641900081,12.240976641900081,473.16456578860124,2.042810365310288e-14,485.4055424305013,0.929727,454.295565,0.0,455.225292
2026-07-16_ttft_component_regression/phase1/input4000_rate2p5_reuse00_seed1,112,0.016109051904222436,15.300413713397031,15.316522765301254,473.16456578860124,2.042810365310288e-14,488.4810885539025,7.44093,450.06652,0.0,457.50745
2026-07-16_ttft_component_regression/phase1/input4000_rate2p5_reuse00_seed1,147,0.020529728068206028,6.364176007576284,6.3847057356444905,473.16456578860124,2.042810365310288e-14,479.54927152424574,14.013912,446.533919,0.0,460.547831
2026-07-16_ttft_component_regression/phase1/input4000_rate2p5_reuse00_seed1,156,0.020611745547252237,6.374564813880238,6.39517655942749,473.16456578860124,2.042810365310288e-14,479.55974234802875,13.637368,444.981439,0.0,458.618807
2026-07-16_ttft_component_regression/phase1/input4000_rate2p5_reuse00_seed1,165,0.017212235142355366,15.269450166890453,15.286662402032809,473.16456578860124,2.042810365310288e-14,488.451228190634,4.853688,449.271992,0.0,454.12568
2026-07-16_ttft_component_regression/phase1/input4000_rate2p5_reuse00_seed1,188,0.0,15.404279759938523,15.404279759938523,473.16456578860124,2.042810365310288e-14,488.56884554853974,10.210416,452.436393,0.0,462.646809
2026-07-16_ttft_component_regression/phase1/input4000_rate2p5_reuse00_seed1,184,0.0164542230944146,15.29175195447952,15.308206177573936,473.16456578860124,2.042810365310288e-14,488.4727719661752,16.841751,449.965784,0.0,466.807535
2026-07-16_ttft_component_regression/phase1/input4000_rate2p5_reuse00_seed1,205,0.0,12.268074340731967,12.268074340731967,473.16456578860124,2.042810365310288e-14,485.4326401293332,15.791338,454.373613,0.0,470.164951
2026-07-16_ttft_component_regression/phase1/input4000_rate2p5_reuse00_seed1,197,0.0,12.218421996486283,12.218421996486283,473.16456578860124,2.042810365310288e-14,485.3829877850875,18.521143,454.675757,0.0,473.1969
2026-07-16_ttft_component_regression/phase1/input4000_rate2p5_reuse00_seed1,214,0.0,12.278590377643065,12.278590377643065,473.16456578860124,2.042810365310288e-14,485.4431561662443,14.24313,453.860685,0.0,468.103815
2026-07-16_ttft_component_regression/phase1/input4000_rate2p5_reuse00_seed1,218,0.0,11.52852118935529,11.52852118935529,473.16456578860124,2.042810365310288e-14,484.6930869779565,7.450245,462.867069,0.0,470.317314
2026-07-16_ttft_component_regression/phase1/input4000_rate2p5_reuse00_seed1,241,0.0,15.575526418663303,15.575526418663303,473.16456578860124,2.042810365310288e-14,488.7400922072645,10.742887,462.661031,0.0,473.403918
2026-07-16_ttft_component_regression/phase1/input4000_rate2p5_reuse00_seed1,239,0.018570209472701642,15.216464218192712,15.235034427665413,473.16456578860124,2.042810365310288e-14,488.39960021626666,2.503595,464.03399,0.0,466.537585
2026-07-16_ttft_component_regression/phase1/input4000_rate2p5_reuse00_seed1,282,0.01567063705425198,15.31017395740639,15.32584459446064,473.16456578860124,2.042810365310288e-14,488.4904103830619,123.750285,682.311092,0.0,806.061377
2026-07-16_ttft_component_regression/phase1/input4000_rate2p5_reuse00_seed1,291,0.0,12.171051988069761,12.171051988069761,473.16456578860124,2.042810365310288e-14,485.335617776671,16.232203,467.965858,0.0,484.198061
2026-07-16_ttft_component_regression/phase1/input4000_rate2p5_reuse00_seed1,275,0.0,0.0,0.0,473.16456578860124,2.042810365310288e-14,473.16456578860124,0.000899,453.994767,0.0,453.995666
2026-07-16_ttft_component_regression/phase1/input4000_rate2p5_reuse00_seed1,285,0.0,15.264758923882374,15.264758923882374,473.16456578860124,2.042810365310288e-14,488.4293247124836,13.699404,460.965913,0.0,474.665317
2026-07-16_ttft_component_regression/phase1/input4000_rate2p5_reuse00_seed1,296,0.0,11.628293630668761,11.628293630668761,473.16456578860124,2.042810365310288e-14,484.79285941927,0.695137,470.060393,0.0,470.75553
2026-07-16_ttft_component_regression/phase1/input4000_rate2p5_reuse00_seed1,281,0.022538681318162276,6.64529498307168,6.667833664389842,473.16456578860124,2.042810365310288e-14,479.83239945299107,3.406547,460.260759,0.0,463.667306
2026-07-16_ttft_component_regression/phase1/input4000_rate2p5_reuse00_seed1,12,0.0,0.0,0.0,473.16456578860124,2.042810365310288e-14,473.16456578860124,0.020197,439.218678,0.0,439.238875
2026-07-16_ttft_component_regression/phase1/input4000_rate2p5_reuse00_seed1,15,0.021315313959757685,6.466923816531743,6.4882391304915,473.16456578860124,2.042810365310288e-14,479.6528049190927,2.800436,444.312543,0.0,447.112979
2026-07-16_ttft_component_regression/phase1/input4000_rate2p5_reuse00_seed1,21,0.0,15.3602738256989,15.3602738256989,473.16456578860124,2.042810365310288e-14,488.52483961430016,7.916569,451.418377,0.0,459.334946
2026-07-16_ttft_component_regression/phase1/input4000_rate2p5_reuse00_seed1,16,0.016195812799102885,15.298319739563546,15.314515552362648,473.16456578860124,2.042810365310288e-14,488.4790813409639,10.932476,448.42508,0.0,459.357556
2026-07-16_ttft_component_regression/phase1/input4000_rate2p5_reuse00_seed1,23,0.0,12.188131153396329,12.188131153396329,473.16456578860124,2.042810365310288e-14,485.3526969419976,6.214867,457.584777,0.0,463.799644
2026-07-16_ttft_component_regression/phase1/input4000_rate2p5_reuse00_seed1,25,0.0,11.613567261438732,11.613567261438732,473.16456578860124,2.042810365310288e-14,484.77813305003997,98.670313,685.456897,0.0,784.12721
2026-07-16_ttft_component_regression/phase1/input4000_rate2p5_reuse00_seed1,38,0.03781542876927356,15.316633244171692,15.354448672940965,473.16456578860124,2.042810365310288e-14,488.5190144615422,15.872457,462.068842,0.0,477.941299
2026-07-16_ttft_component_regression/phase1/input4000_rate2p5_reuse00_seed1,33,0.00988881712868828,12.99754867115818,13.007437488286868,473.16456578860124,2.042810365310288e-14,486.1720032768881,4.083634,459.67351,0.0,463.757144
2026-07-16_ttft_component_regression/phase1/input4000_rate2p5_reuse00_seed1,51,0.036089810553306935,17.487950050272772,17.52403986082608,473.16456578860124,2.042810365310288e-14,490.6886056494273,20.596189,440.823127,0.0,461.419316
2026-07-16_ttft_component_regression/phase1/input4000_rate2p5_reuse00_seed1,60,0.0,18.543861707351237,18.543861707351237,473.16456578860124,2.042810365310288e-14,491.7084274959525,11.743323,468.880989,0.0,480.624312
2026-07-16_ttft_component_regression/phase1/input4000_rate2p5_reuse00_seed1,82,0.0,15.52748278603945,15.52748278603945,473.16456578860124,2.042810365310288e-14,488.6920485746407,11.108451,453.118185,0.0,464.226636
2026-07-16_ttft_component_regression/phase1/input4000_rate2p5_reuse00_seed1,91,0.0,12.303860744507094,12.303860744507094,473.16456578860124,2.042810365310288e-14,485.46842653310836,19.017246,454.229581,0.0,473.246827
2026-07-16_ttft_component_regression/phase1/input4000_rate2p5_reuse00_seed1,85,0.0,12.268074340731967,12.268074340731967,473.16456578860124,2.042810365310288e-14,485.4326401293332,38.34046,454.623917,0.0,492.964377
2026-07-16_ttft_component_regression/phase1/input4000_rate2p5_reuse00_seed1,95,0.0,12.271558476235297,12.271558476235297,473.16456578860124,2.042810365310288e-14,485.4361242648365,18.104877,453.894125,0.0,471.999002
2026-07-16_ttft_component_regression/phase1/input4000_rate2p5_reuse00_seed1,116,0.0,15.391748205178082,15.391748205178082,473.16456578860124,2.042810365310288e-14,488.5563139937793,9.110449,453.187081,0.0,462.29753
2026-07-16_ttft_component_regression/phase1/input4000_rate2p5_reuse00_seed1,154,0.0,0.0,0.0,473.16456578860124,2.042810365310288e-14,473.16456578860124,0.004732,439.218678,0.0,439.22341
2026-07-16_ttft_component_regression/phase1/input4000_rate2p5_reuse00_seed1,161,0.019205924948079392,6.205392522645757,6.224598447593836,473.16456578860124,2.042810365310288e-14,479.3891642361951,8.901171,457.84206,0.0,466.743231
2026-07-16_ttft_component_regression/phase1/input4000_rate2p5_reuse00_seed1,191,0.0,0.0,0.0,473.16456578860124,2.042810365310288e-14,473.16456578860124,0.012635,452.914416,0.0,452.927051
2026-07-16_ttft_component_regression/phase1/input4000_rate2p5_reuse00_seed1,209,0.02146326546263053,6.4871655394572425,6.508628804919873,473.16456578860124,2.042810365310288e-14,479.6731945935211,10.421313,456.904827,0.0,467.32614
2026-07-16_ttft_component_regression/phase1/input4000_rate2p5_reuse00_seed1,223,0.016794342649819573,15.282323775474461,15.29911811812428,473.16456578860124,2.042810365310288e-14,488.4636839067255,13.664629,461.049667,0.0,474.714296
2026-07-16_ttft_component_regression/phase1/input4000_rate2p5_reuse00_seed1,230,0.016878571446015136,15.279846157909818,15.296724729355834,473.16456578860124,2.042810365310288e-14,488.4612905179571,2.137533,456.910888,0.0,459.048421
2026-07-16_ttft_component_regression/phase1/input4000_rate2p5_reuse00_seed1,257,0.0,15.398018281686708,15.398018281686708,473.16456578860124,2.042810365310288e-14,488.5625840702879,17.571604,459.588672,0.0,477.160276
2026-07-16_ttft_component_regression/phase1/input4000_rate2p5_reuse00_seed1,246,0.0,15.353955143154352,15.353955143154352,473.16456578860124,2.042810365310288e-14,488.5185209317556,14.150292,461.220642,0.0,475.370934
2026-07-16_ttft_component_regression/phase1/input4000_rate2p5_reuse00_seed1,253,0.0,15.3602738256989,15.3602738256989,473.16456578860124,2.042810365310288e-14,488.52483961430016,6.643064,458.66288,0.0,465.305944
2026-07-16_ttft_component_regression/phase1/input4000_rate2p5_reuse00_seed1,260,0.0,12.212180523784161,12.212180523784161,473.16456578860124,2.042810365310288e-14,485.3767463123854,1.572984,458.479936,0.0,460.05292
2026-07-16_ttft_component_regression/phase1/input4000_rate2p5_reuse00_seed1,269,0.0,11.5811821905104,11.5811821905104,473.16456578860124,2.042810365310288e-14,484.7457479791116,15.24052,462.742086,0.0,477.982606
2026-07-16_ttft_component_regression/phase1/input4000_rate2p5_reuse00_seed1,280,0.0,11.553622050646508,11.553622050646508,473.16456578860124,2.042810365310288e-14,484.7181878392477,16.867492,463.224247,0.0,480.091739
2026-07-16_ttft_component_regression/phase1/input4000_rate2p5_reuse00_seed1,297,0.0,11.557703002893424,11.557703002893424,473.16456578860124,2.042810365310288e-14,484.7222687914947,10.56346,470.711684,0.0,481.275144
2026-07-16_ttft_component_regression/phase1/input4000_rate2p5_reuse00_seed1,292,0.00672748845256373,12.846517902723008,12.853245391175571,473.16456578860124,2.042810365310288e-14,486.0178111797768,13.823545,467.496589,0.0,481.320134
2026-07-16_ttft_component_regression/phase1/input4000_rate2p5_reuse00_seed1,299,0.0068495663725684965,12.852207281794325,12.859056848166894,473.16456578860124,2.042810365310288e-14,486.02362263676815,42.211666,697.786566,0.0,739.998232
2026-07-16_ttft_component_regression/phase1/input4000_rate2p5_reuse00_seed1,24,0.0,0.0,0.0,473.16456578860124,2.042810365310288e-14,473.16456578860124,0.000785,439.218678,0.0,439.219463
2026-07-16_ttft_component_regression/phase1/input4000_rate2p5_reuse00_seed1,31,0.021389669186438507,6.477057659279085,6.498447328465524,473.16456578860124,2.042810365310288e-14,479.6630131170668,13.241973,444.835807,0.0,458.07778
2026-07-16_ttft_component_regression/phase1/input4000_rate2p5_reuse00_seed1,52,0.017377094102219205,15.263959371652708,15.281336465754928,473.16456578860124,2.042810365310288e-14,488.44590225435616,6.798918,449.978296,0.0,456.777214
2026-07-16_ttft_component_regression/phase1/input4000_rate2p5_reuse00_seed1,71,0.0,15.539566407922337,15.539566407922337,473.16456578860124,2.042810365310288e-14,488.7041321965236,29.712067,679.581759,0.0,709.293826
2026-07-16_ttft_component_regression/phase1/input4000_rate2p5_reuse00_seed1,70,0.018023083970438777,15.240024732190713,15.258047816161152,473.16456578860124,2.042810365310288e-14,488.4226136047624,16.605019,454.577947,0.0,471.182966
2026-07-16_ttft_component_regression/phase1/input4000_rate2p5_reuse00_seed1,87,0.01887504213089147,15.20189040758122,15.220765449712111,473.16456578860124,2.042810365310288e-14,488.38533123831337,8.544021,449.254232,0.0,457.798253
2026-07-16_ttft_component_regression/phase1/input4000_rate2p5_reuse00_seed1,100,0.0,12.341690464244973,12.341690464244973,473.16456578860124,2.042810365310288e-14,485.5062562528462,49.157865,682.858798,0.0,732.016663
2026-07-16_ttft_component_regression/phase1/input4000_rate2p5_reuse00_seed1,97,0.0,15.575526418663303,15.575526418663303,473.16456578860124,2.042810365310288e-14,488.7400922072645,17.563791,456.863615,0.0,474.427406
2026-07-16_ttft_component_regression/phase1/input4000_rate2p5_reuse00_seed1,114,0.0,15.593335536590864,15.593335536590864,473.16456578860124,2.042810365310288e-14,488.7579013251921,18.031912,452.538345,0.0,470.570257
2026-07-16_ttft_component_regression/phase1/input4000_rate2p5_reuse00_seed1,139,0.0,15.490957461848728,15.490957461848728,473.16456578860124,2.042810365310288e-14,488.65552325044996,19.164931,452.013673,0.0,471.178604
2026-07-16_ttft_component_regression/phase1/input4000_rate2p5_reuse00_seed1,126,0.0,15.539566407922337,15.539566407922337,473.16456578860124,2.042810365310288e-14,488.7041321965236,3.44749,452.723401,0.0,456.170891
2026-07-16_ttft_component_regression/phase1/input4000_rate2p5_reuse00_seed1,127,0.0,12.271558476235297,12.271558476235297,473.16456578860124,2.042810365310288e-14,485.4361242648365,193.263292,454.282861,0.0,647.546153
2026-07-16_ttft_component_regression/phase1/input4000_rate2p5_reuse00_seed1,144,0.0,12.244287633904838,12.244287633904838,473.16456578860124,2.042810365310288e-14,485.40885342250607,18.486027,453.942861,0.0,472.428888
2026-07-16_ttft_component_regression/phase1/input4000_rate2p5_reuse00_seed1,157,0.0,12.231176299145556,12.231176299145556,473.16456578860124,2.042810365310288e-14,485.3957420877468,16.337402,454.771341,0.0,471.108743
2026-07-16_ttft_component_regression/phase1/input4000_rate2p5_reuse00_seed1,171,0.0,15.447857357001133,15.447857357001133,473.16456578860124,2.042810365310288e-14,488.61242314560235,4.292726,452.906889,0.0,457.199615
2026-07-16_ttft_component_regression/phase1/input4000_rate2p5_reuse00_seed1,175,0.0,11.549599304287955,11.549599304287955,473.16456578860124,2.042810365310288e-14,484.7141650928892,6.712085,465.410828,0.0,472.122913
2026-07-16_ttft_component_regression/phase1/input4000_rate2p5_reuse00_seed1,173,0.0,12.231176299145556,12.231176299145556,473.16456578860124,2.042810365310288e-14,485.3957420877468,106.378728,454.443757,0.0,560.822485
2026-07-16_ttft_component_regression/phase1/input4000_rate2p5_reuse00_seed1,183,0.0,11.52852118935529,11.52852118935529,473.16456578860124,2.042810365310288e-14,484.6930869779565,2.210135,466.908073,0.0,469.118208
2026-07-16_ttft_component_regression/phase1/input4000_rate2p5_reuse00_seed1,195,0.0,12.345582361590427,12.345582361590427,473.16456578860124,2.042810365310288e-14,485.51014815019164,2.320601,458.458447,0.0,460.779048
2026-07-16_ttft_component_regression/phase1/input4000_rate2p5_reuse00_seed1,203,0.0025658061272901544,12.658977375039356,12.661543181166646,473.16456578860124,2.042810365310288e-14,485.82610896976786,21.105007,468.125798,0.0,489.230805
2026-07-16_ttft_component_regression/phase1/input4000_rate2p5_reuse00_seed1,208,0.03957531397681777,17.14837911324214,17.18795442721896,473.16456578860124,2.042810365310288e-14,490.3525202158202,17.77899,466.098073,0.0,483.877063
2026-07-16_ttft_component_regression/phase1/input4000_rate2p5_reuse00_seed1,200,0.0,11.516038155971197,11.516038155971197,473.16456578860124,2.042810365310288e-14,484.68060394457245,16.978353,466.555855,0.0,483.534208
2026-07-16_ttft_component_regression/phase1/input4000_rate2p5_reuse00_seed1,206,0.034681170938819485,14.967318600605857,15.001999771544677,473.16456578860124,2.042810365310288e-14,488.1665655601459,3.510912,427.094125,0.0,430.605037
2026-07-16_ttft_component_regression/phase1/input4000_rate2p5_reuse00_seed1,222,0.004648441530249473,12.75130009049282,12.755948532023071,473.16456578860124,2.042810365310288e-14,485.9205143206243,6.663459,474.662052,0.0,481.325511
2026-07-16_ttft_component_regression/phase1/input4000_rate2p5_reuse00_seed1,227,0.005994431148477021,12.812586381570851,12.818580812719327,473.16456578860124,2.042810365310288e-14,485.9831466013206,14.428983,472.213192,0.0,486.642175
2026-07-16_ttft_component_regression/phase1/input4000_rate2p5_reuse00_seed1,262,0.02077346538099005,6.395267017933145,6.416040483314135,473.16456578860124,2.042810365310288e-14,479.58060627191537,0.869266,458.772137,0.0,459.641403
2026-07-16_ttft_component_regression/phase1/input4000_rate2p5_reuse00_seed1,268,0.019576201975165453,6.2482677743456865,6.267843976320852,473.16456578860124,2.042810365310288e-14,479.4324097649221,3.770533,453.07362,0.0,456.844153
2026-07-16_ttft_component_regression/phase1/input4000_rate2p5_reuse00_seed1,273,0.019099861791230056,15.1904252940287,15.209525155819929,473.16456578860124,2.042810365310288e-14,488.37409094442114,5.100484,452.711707,0.0,457.812191
2026-07-16_ttft_component_regression/phase1/input4000_rate2p5_reuse00_seed1,290,0.0,15.52748278603945,15.52748278603945,473.16456578860124,2.042810365310288e-14,488.6920485746407,13.079077,462.025458,0.0,475.104535
2026-07-16_ttft_component_regression/phase1/input4000_rate2p5_reuse00_seed1,8,0.0,0.0,0.0,473.16456578860124,2.042810365310288e-14,473.16456578860124,0.002239,439.218678,0.0,439.220917
2026-07-16_ttft_component_regression/phase1/input4000_rate2p5_reuse00_seed1,14,0.021087681295954626,6.436367347065515,6.457455028361469,473.16456578860124,2.042810365310288e-14,479.62202081696273,3.904459,444.704351,0.0,448.60881
2026-07-16_ttft_component_regression/phase1/input4000_rate2p5_reuse00_seed1,39,0.020611745547252237,6.374564813880238,6.39517655942749,473.16456578860124,2.042810365310288e-14,479.55974234802875,1.544485,446.380639,0.0,447.925124
2026-07-16_ttft_component_regression/phase1/input4000_rate2p5_reuse00_seed1,46,0.01810229409031397,15.236809426422427,15.254911720512741,473.16456578860124,2.042810365310288e-14,488.41947750911396,4.414484,449.854936,0.0,454.26942
2026-07-16_ttft_component_regression/phase1/input4000_rate2p5_reuse00_seed1,50,0.01917406855460747,15.186501235116266,15.205675303670873,473.16456578860124,2.042810365310288e-14,488.3702410922721,13.14077,448.557432,0.0,461.698202
2026-07-16_ttft_component_regression/phase1/input4000_rate2p5_reuse00_seed1,54,0.0,15.611025413473648,15.611025413473648,473.16456578860124,2.042810365310288e-14,488.7755912020749,1.325046,451.253385,0.0,452.578431
2026-07-16_ttft_component_regression/phase1/input4000_rate2p5_reuse00_seed1,64,0.0,12.318752460120287,12.318752460120287,473.16456578860124,2.042810365310288e-14,485.4833182487215,2.380381,453.632269,0.0,456.01265
2026-07-16_ttft_component_regression/phase1/input4000_rate2p5_reuse00_seed1,101,0.0,0.0,0.0,473.16456578860124,2.042810365310288e-14,473.16456578860124,0.005622,439.218678,0.0,439.2243
2026-07-16_ttft_component_regression/phase1/input4000_rate2p5_reuse00_seed1,113,0.020529728068206028,6.364176007576284,6.3847057356444905,473.16456578860124,2.042810365310288e-14,479.54927152424574,9.217491,444.992895,0.0,454.210386
2026-07-16_ttft_component_regression/phase1/input4000_rate2p5_reuse00_seed1,120,0.01696247666423832,15.277320095151959,15.294282571816197,473.16456578860124,2.042810365310288e-14,488.45884836041745,11.886598,449.027736,0.0,460.914334
2026-07-16_ttft_component_regression/phase1/input4000_rate2p5_reuse00_seed1,132,0.0,15.379182826745883,15.379182826745883,473.16456578860124,2.042810365310288e-14,488.5437486153471,19.016637,452.471081,0.0,471.487718
2026-07-16_ttft_component_regression/phase1/input4000_rate2p5_reuse00_seed1,133,0.0,12.188131153396329,12.188131153396329,473.16456578860124,2.042810365310288e-14,485.3526969419976,8.999377,451.755689,0.0,460.755066
2026-07-16_ttft_component_regression/phase1/input4000_rate2p5_reuse00_seed1,146,0.0,12.171051988069761,12.171051988069761,473.16456578860124,2.042810365310288e-14,485.335617776671,4.749136,454.289837,0.0,459.038973
2026-07-16_ttft_component_regression/phase1/input4000_rate2p5_reuse00_seed1,148,0.0,11.625804217748389,11.625804217748389,473.16456578860124,2.042810365310288e-14,484.79037000634963,2.90548,457.134985,0.0,460.040465
2026-07-16_ttft_component_regression/phase1/input4000_rate2p5_reuse00_seed1,172,0.0,11.59242867136165,11.59242867136165,473.16456578860124,2.042810365310288e-14,484.75699445996287,13.071928,458.085769,0.0,471.157697
2026-07-16_ttft_component_regression/phase1/input4000_rate2p5_reuse00_seed1,160,0.0,11.628293630668761,11.628293630668761,473.16456578860124,2.042810365310288e-14,484.79285941927,12.914178,458.036041,0.0,470.950219
2026-07-16_ttft_component_regression/phase1/input4000_rate2p5_reuse00_seed1,182,0.0,11.568159080039795,11.568159080039795,473.16456578860124,2.042810365310288e-14,484.732724868641,15.708626,464.342268,0.0,480.050894
2026-07-16_ttft_component_regression/phase1/input4000_rate2p5_reuse00_seed1,178,0.0,11.597026987453177,11.597026987453177,473.16456578860124,2.042810365310288e-14,484.7615927760544,17.8612,467.989179,0.0,485.850379
2026-07-16_ttft_component_regression/phase1/input4000_rate2p5_reuse00_seed1,196,0.0,12.275063851727978,12.275063851727978,473.16456578860124,2.042810365310288e-14,485.4396296403292,3.868473,464.109541,0.0,467.978014
2026-07-16_ttft_component_regression/phase1/input4000_rate2p5_reuse00_seed1,199,0.0,11.532221175600943,11.532221175600943,473.16456578860124,2.042810365310288e-14,484.6967869642022,14.398416,462.533063,0.0,476.931479
2026-07-16_ttft_component_regression/phase1/input4000_rate2p5_reuse00_seed1,210,0.0,11.534093309325039,11.534093309325039,473.16456578860124,2.042810365310288e-14,484.6986590979263,5.518754,465.656851,0.0,471.175605
2026-07-16_ttft_component_regression/phase1/input4000_rate2p5_reuse00_seed1,217,0.003913545930560892,12.71838065309403,12.72229419902459,473.16456578860124,2.042810365310288e-14,485.8868599876258,13.478407,463.851915,0.0,477.330322
2026-07-16_ttft_component_regression/phase1/input4000_rate2p5_reuse00_seed1,219,0.03475812346086601,14.975008679689621,15.009766803150487,473.16456578860124,2.042810365310288e-14,488.17433259175175,15.465056,470.280548,0.0,485.745604
2026-07-16_ttft_component_regression/phase1/input4000_rate2p5_reuse00_seed1,212,0.005382890495844745,12.784580180292165,12.78996307078801,473.16456578860124,2.042810365310288e-14,485.95452885938926,153.34285,463.583092,0.0,616.925942
2026-07-16_ttft_component_regression/phase1/input4000_rate2p5_reuse00_seed1,238,0.0,11.53788176492646,11.53788176492646,473.16456578860124,2.042810365310288e-14,484.7024475535277,43.9239,697.988427,0.0,741.912327
2026-07-16_ttft_component_regression/phase1/input4000_rate2p5_reuse00_seed1,237,0.0,12.268074340731967,12.268074340731967,473.16456578860124,2.042810365310288e-14,485.4326401293332,6.787768,470.905049,0.0,477.692817
2026-07-16_ttft_component_regression/phase1/input4000_rate2p5_reuse00_seed1,250,0.0,11.559765260700795,11.559765260700795,473.16456578860124,2.042810365310288e-14,484.724331049302,19.128994,460.833308,0.0,479.962302
2026-07-16_ttft_component_regression/phase1/input4000_rate2p5_reuse00_seed1,261,0.0,15.447857357001133,15.447857357001133,473.16456578860124,2.042810365310288e-14,488.61242314560235,19.09371,460.258418,0.0,479.352128
2026-07-16_ttft_component_regression/phase1/input4000_rate2p5_reuse00_seed1,271,0.0,12.261170147914447,12.261170147914447,473.16456578860124,2.042810365310288e-14,485.4257359365157,7.852694,462.611097,0.0,470.463791
2026-07-16_ttft_component_regression/phase1/input4000_rate2p5_reuse00_seed1,276,0.0,11.53788176492646,11.53788176492646,473.16456578860124,2.042810365310288e-14,484.7024475535277,12.113057,461.998022,0.0,474.111079
2026-07-16_ttft_component_regression/phase1/input4000_rate2p5_reuse00_seed1,0,0.0,0.0,0.0,473.16456578860124,2.042810365310288e-14,473.16456578860124,0.0,439.218678,0.0,439.218678
2026-07-16_ttft_component_regression/phase1/input4000_rate2p5_reuse00_seed1,6,0.019576201975165453,6.2482677743456865,6.267843976320852,473.16456578860124,2.042810365310288e-14,479.4324097649221,4.419682,444.708255,0.0,449.127937
2026-07-16_ttft_component_regression/phase1/input4000_rate2p5_reuse00_seed1,41,0.0,0.0,0.0,473.16456578860124,2.042810365310288e-14,473.16456578860124,0.001983,439.218678,0.0,439.220661
2026-07-16_ttft_component_regression/phase1/input4000_rate2p5_reuse00_seed1,63,0.018337835220789005,15.226863134287777,15.245200969508566,473.16456578860124,2.042810365310288e-14,488.4097667581098,87.180244,672.184605,0.0,759.364849
2026-07-16_ttft_component_regression/phase1/input4000_rate2p5_reuse00_seed1,62,0.02019391059292589,6.322371491828128,6.342565402421054,473.16456578860124,2.042810365310288e-14,479.50713119102227,12.466156,449.663709,0.0,462.129865
2026-07-16_ttft_component_regression/phase1/input4000_rate2p5_reuse00_seed1,86,0.01729483033909867,15.266729257124279,15.284024087463377,473.16456578860124,2.042810365310288e-14,488.4485898760646,9.191522,449.89836,0.0,459.089882
2026-07-16_ttft_component_regression/phase1/input4000_rate2p5_reuse00_seed1,128,0.0,0.0,0.0,473.16456578860124,2.042810365310288e-14,473.16456578860124,0.005577,439.218678,0.0,439.224255
2026-07-16_ttft_component_regression/phase1/input4000_rate2p5_reuse00_seed1,140,0.018646956463947206,15.212896876939777,15.231543833403723,473.16456578860124,2.042810365310288e-14,488.396109622005,11.813603,448.635352,0.0,460.448955
2026-07-16_ttft_component_regression/phase1/input4000_rate2p5_reuse00_seed1,134,0.020021335104090772,6.301320919007914,6.321342254112005,473.16456578860124,2.042810365310288e-14,479.4859080427132,12.628005,444.524831,0.0,457.152836
2026-07-16_ttft_component_regression/phase1/input4000_rate2p5_reuse00_seed1,153,0.0,15.52748278603945,15.52748278603945,473.16456578860124,2.042810365310288e-14,488.6920485746407,5.014338,452.263273,0.0,457.277611
2026-07-16_ttft_component_regression/phase1/input4000_rate2p5_reuse00_seed1,162,0.0,15.509270490434561,15.509270490434561,473.16456578860124,2.042810365310288e-14,488.6738362790358,5.417669,452.472489,0.0,457.890158
2026-07-16_ttft_component_regression/phase1/input4000_rate2p5_reuse00_seed1,185,0.0,15.466390180648245,15.466390180648245,473.16456578860124,2.042810365310288e-14,488.6309559692495,4.718773,452.493033,0.0,457.211806
2026-07-16_ttft_component_regression/phase1/input4000_rate2p5_reuse00_seed1,190,0.0,15.51535264253705,15.51535264253705,473.16456578860124,2.042810365310288e-14,488.6799184311383,3.643247,451.892361,0.0,455.535608
2026-07-16_ttft_component_regression/phase1/input4000_rate2p5_reuse00_seed1,179,0.017377094102219205,15.263959371652708,15.281336465754928,473.16456578860124,2.042810365310288e-14,488.44590225435616,2.236726,449.898968,0.0,452.135694
2026-07-16_ttft_component_regression/phase1/input4000_rate2p5_reuse00_seed1,198,0.0,11.53788176492646,11.53788176492646,473.16456578860124,2.042810365310288e-14,484.7024475535277,12.266382,456.948745,0.0,469.215127
2026-07-16_ttft_component_regression/phase1/input4000_rate2p5_reuse00_seed1,194,0.0,12.264611534775272,12.264611534775272,473.16456578860124,2.042810365310288e-14,485.4291773233765,15.818091,453.846637,0.0,469.664728
2026-07-16_ttft_component_regression/phase1/input4000_rate2p5_reuse00_seed1,216,0.005138137390490185,12.77344697545184,12.77858511284233,473.16456578860124,2.042810365310288e-14,485.9431509014436,9.436873,474.106086,0.0,483.542959
2026-07-16_ttft_component_regression/phase1/input4000_rate2p5_reuse00_seed1,221,0.035138124034280224,15.013514519189485,15.048652643223765,473.16456578860124,2.042810365310288e-14,488.213218431825,4.571184,471.570037,0.0,476.141221
2026-07-16_ttft_component_regression/phase1/input4000_rate2p5_reuse00_seed1,211,0.0,11.547609803969777,11.547609803969777,473.16456578860124,2.042810365310288e-14,484.71217559257104,12.936402,465.919836,0.0,478.856238
2026-07-16_ttft_component_regression/phase1/input4000_rate2p5_reuse00_seed1,240,0.0,15.545590407366038,15.545590407366038,473.16456578860124,2.042810365310288e-14,488.7101561959673,0.443964,463.694872,0.0,464.138836
2026-07-16_ttft_component_regression/phase1/input4000_rate2p5_reuse00_seed1,252,0.0,11.517776827564097,11.517776827564097,473.16456578860124,2.042810365310288e-14,484.68234261616533,18.967478,468.001382,0.0,486.96886
2026-07-16_ttft_component_regression/phase1/input4000_rate2p5_reuse00_seed1,254,0.0,15.575526418663303,15.575526418663303,473.16456578860124,2.042810365310288e-14,488.7400922072645,18.81685,453.906896,0.0,472.723746
2026-07-16_ttft_component_regression/phase1/input4000_rate2p5_reuse00_seed1,247,0.0,12.285706522415055,12.285706522415055,473.16456578860124,2.042810365310288e-14,485.4502723110163,8.164844,462.276031,0.0,470.440875
2026-07-16_ttft_component_regression/phase1/input4000_rate2p5_reuse00_seed1,279,0.018493105886173783,15.219980977301317,15.23847408318749,473.16456578860124,2.042810365310288e-14,488.40303987178874,18.487911,460.036642,0.0,478.524553
2026-07-16_ttft_component_regression/phase1/input4000_rate2p5_reuse00_seed1,284,0.0,15.569564238068569,15.569564238068569,473.16456578860124,2.042810365310288e-14,488.7341300266698,11.352643,459.322006,0.0,470.674649
2026-07-16_ttft_component_regression/phase1/input4000_rate2p5_reuse00_seed1,293,0.01825967128847921,15.230228726220107,15.248488397508586,473.16456578860124,2.042810365310288e-14,488.41305418610983,2.068874,452.998579,0.0,455.067453
2026-07-16_ttft_component_regression/phase1/input4000_rate2p5_reuse00_seed2,1,0.0,0.0,0.0,471.8093987898427,0.0,471.8093987898427,0.043342,439.218678,0.0,439.26202
2026-07-16_ttft_component_regression/phase1/input4000_rate2p5_reuse00_seed2,23,0.021389385568043588,6.685797696795755,6.707187082363799,471.8093987898427,0.0,478.5165858722065,10.618682,445.302591,0.0,455.921273
2026-07-16_ttft_component_regression/phase1/input4000_rate2p5_reuse00_seed2,37,0.01817467423043078,12.92964638363681,12.947821057867241,471.8093987898427,0.0,484.75721984770996,10.301489,449.698744,0.0,460.000233
2026-07-16_ttft_component_regression/phase1/input4000_rate2p5_reuse00_seed2,66,0.0,0.0,0.0,471.8093987898427,0.0,471.8093987898427,0.002644,439.218678,0.0,439.221322
2026-07-16_ttft_component_regression/phase1/input4000_rate2p5_reuse00_seed2,73,0.020229739210118843,6.559800356730147,6.580030095940265,471.8093987898427,0.0,478.389428885783,0.828233,444.363039,0.0,445.191272
2026-07-16_ttft_component_regression/phase1/input4000_rate2p5_reuse00_seed2,87,0.018411815368914154,12.914617432528905,12.933029247897819,471.8093987898427,0.0,484.7424280377405,16.526121,449.383256,0.0,465.909377
2026-07-16_ttft_component_regression/phase1/input4000_rate2p5_reuse00_seed2,115,0.01793456201725829,12.94443820343515,12.962372765452407,471.8093987898427,0.0,484.7717715552951,8.288369,449.140216,0.0,457.428585
2026-07-16_ttft_component_regression/phase1/input4000_rate2p5_reuse00_seed2,108,0.021767594539241677,6.72999508498549,6.751762679524732,471.8093987898427,0.0,478.56116146936745,5.394767,445.602783,0.0,450.99755
2026-07-16_ttft_component_regression/phase1/input4000_rate2p5_reuse00_seed2,132,0.018800335092107077,12.889038977575892,12.907839312667999,471.8093987898427,0.0,484.7172381025107,1.739127,449.741496,0.0,451.480623
2026-07-16_ttft_component_regression/phase1/input4000_rate2p5_reuse00_seed2,138,0.0,11.74129449781899,11.74129449781899,471.8093987898427,0.0,483.5506932876617,6.562153,452.643081,0.0,459.205234
2026-07-16_ttft_component_regression/phase1/input4000_rate2p5_reuse00_seed2,152,0.01940407838388506,12.846722993874046,12.866127072257932,471.8093987898427,0.0,484.67552586210064,17.740141,449.610904,0.0,467.351045
2026-07-16_ttft_component_regression/phase1/input4000_rate2p5_reuse00_seed2,157,0.0,11.740980905488199,11.740980905488199,471.8093987898427,0.0,483.5503796953309,16.80125,452.224265,0.0,469.025515
2026-07-16_ttft_component_regression/phase1/input4000_rate2p5_reuse00_seed2,173,0.018800335092107077,12.889038977575892,12.907839312667999,471.8093987898427,0.0,484.7172381025107,8.049876,449.709944,0.0,457.75982
2026-07-16_ttft_component_regression/phase1/input4000_rate2p5_reuse00_seed2,183,0.018490194978329523,12.909554878633445,12.928045073611775,471.8093987898427,0.0,484.7374438634545,15.035599,449.627576,0.0,464.663175
2026-07-16_ttft_component_regression/phase1/input4000_rate2p5_reuse00_seed2,194,0.018014926970707286,12.939533869949095,12.957548796919802,471.8093987898427,0.0,484.7669475867625,18.208327,449.21756,0.0,467.425887
2026-07-16_ttft_component_regression/phase1/input4000_rate2p5_reuse00_seed2,206,0.0,10.752912404890779,10.752912404890779,471.8093987898427,0.0,482.56231119473347,4.952946,452.538857,0.0,457.491803
2026-07-16_ttft_component_regression/phase1/input4000_rate2p5_reuse00_seed2,242,0.018877017824534235,12.883843364900384,12.902720382724919,471.8093987898427,0.0,484.7121191725676,8.745347,459.594502,0.0,468.339849
2026-07-16_ttft_component_regression/phase1/input4000_rate2p5_reuse00_seed2,237,0.020633556640584676,6.04911690104641,6.069750457686994,471.8093987898427,0.0,477.8791492475297,13.371456,460.261975,0.0,473.633431
2026-07-16_ttft_component_regression/phase1/input4000_rate2p5_reuse00_seed2,250,0.0,10.865660180640909,10.865660180640909,471.8093987898427,0.0,482.67505897048363,13.437279,690.42605,0.0,703.863329
2026-07-16_ttft_component_regression/phase1/input4000_rate2p5_reuse00_seed2,243,0.01895335655217631,12.878621011762487,12.897574368314663,471.8093987898427,0.0,484.7069731581574,12.503853,454.520444,0.0,467.024297
2026-07-16_ttft_component_regression/phase1/input4000_rate2p5_reuse00_seed2,249,0.0,11.741092528883255,11.741092528883255,471.8093987898427,0.0,483.55049131872596,17.968152,459.610245,0.0,477.578397
2026-07-16_ttft_component_regression/phase1/input4000_rate2p5_reuse00_seed2,251,0.0,12.213570245855237,12.213570245855237,471.8093987898427,0.0,484.02296903569794,228.516868,468.551911,0.0,697.068779
2026-07-16_ttft_component_regression/phase1/input4000_rate2p5_reuse00_seed2,264,0.00683419239712491,15.064687704993323,15.071521897390449,471.8093987898427,0.0,486.88092068723313,15.484976,466.467538,0.0,481.952514
2026-07-16_ttft_component_regression/phase1/input4000_rate2p5_reuse00_seed2,298,0.0,0.0,0.0,471.8093987898427,0.0,471.8093987898427,0.005683,453.613466,0.0,453.619149
2026-07-16_ttft_component_regression/phase1/input4000_rate2p5_reuse00_seed2,6,0.0,0.0,0.0,471.8093987898427,0.0,471.8093987898427,0.037597,443.684226,0.0,443.721823
2026-07-16_ttft_component_regression/phase1/input4000_rate2p5_reuse00_seed2,7,0.020828231438017007,6.623208318929981,6.644036550367998,471.8093987898427,0.0,478.4534353402107,102.234367,665.177248,0.0,767.411615
2026-07-16_ttft_component_regression/phase1/input4000_rate2p5_reuse00_seed2,33,0.018723309898157767,12.894207892340402,12.91293120223856,471.8093987898427,0.0,484.72232999208126,3.047775,453.835739,0.0,456.883514
2026-07-16_ttft_component_regression/phase1/input4000_rate2p5_reuse00_seed2,35,0.0,10.879684622828776,10.879684622828776,471.8093987898427,0.0,482.6890834126715,11.110885,453.517901,0.0,464.628786
2026-07-16_ttft_component_regression/phase1/input4000_rate2p5_reuse00_seed2,34,0.0,11.740908271786045,11.740908271786045,471.8093987898427,0.0,483.55030706162876,219.093553,678.579071,0.0,897.672624
2026-07-16_ttft_component_regression/phase1/input4000_rate2p5_reuse00_seed2,50,0.009599652061254927,15.244721332046034,15.254320984107288,471.8093987898427,0.0,487.06371977394997,11.86888,459.909446,0.0,471.778326
2026-07-16_ttft_component_regression/phase1/input4000_rate2p5_reuse00_seed2,42,0.0,12.27561521042949,12.27561521042949,471.8093987898427,0.0,484.08501400027217,11.979988,457.241737,0.0,469.221725
2026-07-16_ttft_component_regression/phase1/input4000_rate2p5_reuse00_seed2,43,0.009719460092246989,15.252627183888483,15.262346643980731,471.8093987898427,0.0,487.0717454338234,69.779451,459.510598,0.0,529.290049
2026-07-16_ttft_component_regression/phase1/input4000_rate2p5_reuse00_seed2,56,0.03794961654348092,18.447523512996295,18.485473129539777,471.8093987898427,0.0,490.2948719193825,5.531129,462.487434,0.0,468.018563
2026-07-16_ttft_component_regression/phase1/input4000_rate2p5_reuse00_seed2,59,0.03801464667804991,21.14509321242582,21.18310785910387,471.8093987898427,0.0,492.9925066489466,9.468746,461.864106,0.0,471.332852
2026-07-16_ttft_component_regression/phase1/input4000_rate2p5_reuse00_seed2,61,0.038977043566260736,21.05802628934074,21.097003332907,471.8093987898427,0.0,492.9064021227497,19.08895,463.682349,0.0,482.771299
2026-07-16_ttft_component_regression/phase1/input4000_rate2p5_reuse00_seed2,74,0.0,22.73473310391357,22.73473310391357,471.8093987898427,0.0,494.5441318937563,2.436151,467.571005,0.0,470.007156
2026-07-16_ttft_component_regression/phase1/input4000_rate2p5_reuse00_seed2,83,0.0,22.727761537851997,22.727761537851997,471.8093987898427,0.0,494.5371603276947,1.678538,468.434813,0.0,470.113351
2026-07-16_ttft_component_regression/phase1/input4000_rate2p5_reuse00_seed2,90,0.0,22.701145481479823,22.701145481479823,471.8093987898427,0.0,494.51054427132254,15.095468,467.622877,0.0,482.718345
2026-07-16_ttft_component_regression/phase1/input4000_rate2p5_reuse00_seed2,86,0.0,23.742759894917047,23.742759894917047,471.8093987898427,0.0,495.5521586847598,2.99715,471.314871,0.0,474.312021
2026-07-16_ttft_component_regression/phase1/input4000_rate2p5_reuse00_seed2,102,0.03509882188672682,18.087038161076507,18.122136982963234,471.8093987898427,0.0,489.93153577280594,8.519389,470.535815,0.0,479.055204
2026-07-16_ttft_component_regression/phase1/input4000_rate2p5_reuse00_seed2,97,0.0,22.73473310391357,22.73473310391357,471.8093987898427,0.0,494.5441318937563,12.821932,468.234493,0.0,481.056425
2026-07-16_ttft_component_regression/phase1/input4000_rate2p5_reuse00_seed2,119,0.0,12.144231752091533,12.144231752091533,471.8093987898427,0.0,483.9536305419342,17.2295,467.501744,0.0,484.731244
2026-07-16_ttft_component_regression/phase1/input4000_rate2p5_reuse00_seed2,125,0.004541190630478204,14.918689835760338,14.923231026390816,471.8093987898427,0.0,486.7326298162335,16.954179,469.669088,0.0,486.623267
2026-07-16_ttft_component_regression/phase1/input4000_rate2p5_reuse00_seed2,141,0.0,11.741153576524951,11.741153576524951,471.8093987898427,0.0,483.55055236636764,2.144181,463.791232,0.0,465.935413
2026-07-16_ttft_component_regression/phase1/input4000_rate2p5_reuse00_seed2,145,0.0,10.860408656342509,10.860408656342509,471.8093987898427,0.0,482.6698074461852,12.037427,459.946568,0.0,471.983995
2026-07-16_ttft_component_regression/phase1/input4000_rate2p5_reuse00_seed2,159,0.019180293272411872,12.862793088041855,12.881973381314266,471.8093987898427,0.0,484.69137217115696,2.145981,456.642105,0.0,458.788086
2026-07-16_ttft_component_regression/phase1/input4000_rate2p5_reuse00_seed2,182,0.01996170407975277,6.532378695873924,6.552340399953677,471.8093987898427,0.0,478.36173918979637,10.471071,456.124358,0.0,466.595429
2026-07-16_ttft_component_regression/phase1/input4000_rate2p5_reuse00_seed2,190,0.020745028799303924,6.614199806350818,6.634944835150122,471.8093987898427,0.0,478.4443436249928,10.120425,450.251438,0.0,460.371863
2026-07-16_ttft_component_regression/phase1/input4000_rate2p5_reuse00_seed2,227,0.021259544138490776,6.114793032676721,6.136052576815211,471.8093987898427,0.0,477.9454513666579,10.770165,455.848159,0.0,466.618324
2026-07-16_ttft_component_regression/phase1/input4000_rate2p5_reuse00_seed2,255,0.0,11.741221882506533,11.741221882506533,471.8093987898427,0.0,483.5506206723492,92.700152,454.483352,0.0,547.183504
2026-07-16_ttft_component_regression/phase1/input4000_rate2p5_reuse00_seed2,253,0.01793456201725829,12.94443820343515,12.962372765452407,471.8093987898427,0.0,484.7717715552951,2.392103,456.358919,0.0,458.751022
2026-07-16_ttft_component_regression/phase1/input4000_rate2p5_reuse00_seed2,252,0.0218409916706771,6.738783092717795,6.760624084388472,471.8093987898427,0.0,478.5700228742312,8.615723,457.99671,0.0,466.612433
2026-07-16_ttft_component_regression/phase1/input4000_rate2p5_reuse00_seed2,267,0.0,11.741232983171493,11.741232983171493,471.8093987898427,0.0,483.5506317730142,1.159578,459.241589,0.0,460.401167
2026-07-16_ttft_component_regression/phase1/input4000_rate2p5_reuse00_seed2,283,0.018800335092107077,12.889038977575892,12.907839312667999,471.8093987898427,0.0,484.7172381025107,0.519253,461.213157,0.0,461.73241
2026-07-16_ttft_component_regression/phase1/input4000_rate2p5_reuse00_seed2,0,0.0,0.0,0.0,471.8093987898427,0.0,471.8093987898427,0.0,439.218678,0.0,439.218678
2026-07-16_ttft_component_regression/phase1/input4000_rate2p5_reuse00_seed2,21,0.020404572568091795,6.577999566758647,6.598404139326739,471.8093987898427,0.0,478.40780292916946,7.745797,445.220063,0.0,452.96586
2026-07-16_ttft_component_regression/phase1/input4000_rate2p5_reuse00_seed2,51,0.0,0.0,0.0,471.8093987898427,0.0,471.8093987898427,0.008265,439.218678,0.0,439.226943
2026-07-16_ttft_component_regression/phase1/input4000_rate2p5_reuse00_seed2,63,0.021389385568043588,6.685797696795755,6.707187082363799,471.8093987898427,0.0,478.5165858722065,6.444933,445.061375,0.0,451.506308
2026-07-16_ttft_component_regression/phase1/input4000_rate2p5_reuse00_seed2,69,0.017609862689339652,12.963793868341835,12.981403731031174,471.8093987898427,0.0,484.79080252087385,15.09403,453.196731,0.0,468.290761
2026-07-16_ttft_component_regression/phase1/input4000_rate2p5_reuse00_seed2,71,0.0,11.739520170613545,11.739520170613545,471.8093987898427,0.0,483.54891896045626,158.512464,677.733951,0.0,836.246415
2026-07-16_ttft_component_regression/phase1/input4000_rate2p5_reuse00_seed2,99,0.0,11.739376403633674,11.739376403633674,471.8093987898427,0.0,483.5487751934764,0.079545,453.147305,0.0,453.22685
2026-07-16_ttft_component_regression/phase1/input4000_rate2p5_reuse00_seed2,130,0.020576332371479093,6.59613283590368,6.616709168275159,471.8093987898427,0.0,478.4261079581179,2.92726,446.051839,0.0,448.979099
2026-07-16_ttft_component_regression/phase1/input4000_rate2p5_reuse00_seed2,140,0.0185682382982576,12.904465799660297,12.923034037958555,471.8093987898427,0.0,484.73243282780123,9.718735,448.769784,0.0,458.488519
2026-07-16_ttft_component_regression/phase1/input4000_rate2p5_reuse00_seed2,139,0.020576332371479093,6.59613283590368,6.616709168275159,471.8093987898427,0.0,478.4261079581179,16.841858,445.144703,0.0,461.986561
2026-07-16_ttft_component_regression/phase1/input4000_rate2p5_reuse00_seed2,160,0.0185682382982576,12.904465799660297,12.923034037958555,471.8093987898427,0.0,484.73243282780123,13.707049,449.736504,0.0,463.443553
2026-07-16_ttft_component_regression/phase1/input4000_rate2p5_reuse00_seed2,161,0.0,11.741305777376587,11.741305777376587,471.8093987898427,0.0,483.55070456721927,157.285902,452.030793,0.0,609.316695
2026-07-16_ttft_component_regression/phase1/input4000_rate2p5_reuse00_seed2,184,0.019769936785618863,12.819398354490026,12.839168291275644,471.8093987898427,0.0,484.64856708111836,16.800957,450.083832,0.0,466.884789
2026-07-16_ttft_component_regression/phase1/input4000_rate2p5_reuse00_seed2,195,0.019779142537490912,6.514016227379186,6.533795369916677,471.8093987898427,0.0,478.3431941597594,9.14996,444.943231,0.0,454.093191
2026-07-16_ttft_component_regression/phase1/input4000_rate2p5_reuse00_seed2,217,0.0,11.74119680537556,11.74119680537556,471.8093987898427,0.0,483.5505955952183,2.485341,452.377385,0.0,454.862726
2026-07-16_ttft_component_regression/phase1/input4000_rate2p5_reuse00_seed2,205,0.018442310081837797,11.81287983732394,11.831322147405778,471.8093987898427,0.0,483.6407209372485,11.346582,449.23052,0.0,460.577102
2026-07-16_ttft_component_regression/phase1/input4000_rate2p5_reuse00_seed2,233,0.01773718775880049,11.854913696702372,11.872650884461173,471.8093987898427,0.0,483.68204967430387,0.565932,461.428433,0.0,461.994365
2026-07-16_ttft_component_regression/phase1/input4000_rate2p5_reuse00_seed2,248,0.017196815225375816,12.987403164193399,13.004599979418774,471.8093987898427,0.0,484.8139987692615,62.757227,684.675938,0.0,747.433165
2026-07-16_ttft_component_regression/phase1/input4000_rate2p5_reuse00_seed2,257,0.0,11.740670946671584,11.740670946671584,471.8093987898427,0.0,483.5500697365143,18.952363,458.99247,0.0,477.944833
2026-07-16_ttft_component_regression/phase1/input4000_rate2p5_reuse00_seed2,247,0.0218409916706771,6.738783092717795,6.760624084388472,471.8093987898427,0.0,478.5700228742312,6.456429,461.778081,0.0,468.23451
2026-07-16_ttft_component_regression/phase1/input4000_rate2p5_reuse00_seed2,288,0.0,0.0,0.0,471.8093987898427,0.0,471.8093987898427,0.016023,453.486366,0.0,453.502389
2026-07-16_ttft_component_regression/phase1/input4000_rate2p5_reuse00_seed2,292,0.020828231438017007,6.623208318929981,6.644036550367998,471.8093987898427,0.0,478.4534353402107,12.727518,454.057585,0.0,466.785103
2026-07-16_ttft_component_regression/phase1/input4000_rate2p5_reuse00_seed2,2,0.0,0.0,0.0,471.8093987898427,0.0,471.8093987898427,0.223743,439.218678,0.0,439.442421
2026-07-16_ttft_component_regression/phase1/input4000_rate2p5_reuse00_seed2,13,0.0,11.741153576524951,11.741153576524951,471.8093987898427,0.0,483.55055236636764,54.709595,455.415647,0.0,510.125242
2026-07-16_ttft_component_regression/phase1/input4000_rate2p5_reuse00_seed2,5,0.019499467909973665,6.486351414909682,6.505850882819655,471.8093987898427,0.0,478.31524967266233,6.5344,444.379743,0.0,450.914143
2026-07-16_ttft_component_regression/phase1/input4000_rate2p5_reuse00_seed2,20,0.0044204377194909175,14.911077032358452,14.915497470077943,471.8093987898427,0.0,486.7248962599206,20.135693,458.325734,0.0,478.461427
2026-07-16_ttft_component_regression/phase1/input4000_rate2p5_reuse00_seed2,15,0.0,199.81104074458705,199.81104074458705,471.8093987898427,0.0,671.6204395344298,650.088413,673.380553,0.0,1323.468966
2026-07-16_ttft_component_regression/phase1/input4000_rate2p5_reuse00_seed2,14,0.0,201.47100057652793,201.47100057652793,471.8093987898427,0.0,673.2803993663706,274.396703,694.600088,0.0,968.996791
2026-07-16_ttft_component_regression/phase1/input4000_rate2p5_reuse00_seed2,11,0.01895335655217631,12.878621011762487,12.897574368314663,471.8093987898427,0.0,484.7069731581574,10.953236,448.466264,0.0,459.4195
2026-07-16_ttft_component_regression/phase1/input4000_rate2p5_reuse00_seed2,25,0.035483236016643355,18.13221145655626,18.1676946925729,471.8093987898427,0.0,489.9770934824156,10.775532,460.781066,0.0,471.556598
2026-07-16_ttft_component_regression/phase1/input4000_rate2p5_reuse00_seed2,46,0.04053088149612041,20.883366572643208,20.92389745413933,471.8093987898427,0.0,492.733296243982,2.722778,464.849101,0.0,467.571879
2026-07-16_ttft_component_regression/phase1/input4000_rate2p5_reuse00_seed2,48,0.0401930366863895,20.92611951358734,20.96631255027373,471.8093987898427,0.0,492.77571134011646,16.235192,464.653261,0.0,480.888453
2026-07-16_ttft_component_regression/phase1/input4000_rate2p5_reuse00_seed2,79,0.021232840148872754,6.667999412430763,6.689232252579636,471.8093987898427,0.0,478.49863104242235,3.654077,446.165727,0.0,449.819804
2026-07-16_ttft_component_regression/phase1/input4000_rate2p5_reuse00_seed2,92,0.01785387157070129,12.949316324247599,12.9671701958183,471.8093987898427,0.0,484.776568985661,116.540698,671.688893,0.0,788.229591
2026-07-16_ttft_component_regression/phase1/input4000_rate2p5_reuse00_seed2,95,0.0,11.741092528883255,11.741092528883255,471.8093987898427,0.0,483.55049131872596,12.637731,455.895679,0.0,468.53341
2026-07-16_ttft_component_regression/phase1/input4000_rate2p5_reuse00_seed2,91,0.02146652814583479,6.69467135136477,6.716137879510605,471.8093987898427,0.0,478.5255366693533,12.61081,449.217245,0.0,461.828055
2026-07-16_ttft_component_regression/phase1/input4000_rate2p5_reuse00_seed2,96,0.0,10.866578702301192,10.866578702301192,471.8093987898427,0.0,482.6759774921439,217.590095,681.532846,0.0,899.122941
2026-07-16_ttft_component_regression/phase1/input4000_rate2p5_reuse00_seed2,123,0.0,12.21827898812421,12.21827898812421,471.8093987898427,0.0,484.0276777779669,1.861912,457.736681,0.0,459.598593
2026-07-16_ttft_component_regression/phase1/input4000_rate2p5_reuse00_seed2,149,0.021913643627608847,6.747553849343766,6.7694674929713745,471.8093987898427,0.0,478.5788662828141,2.348909,459.225401,0.0,461.57431
2026-07-16_ttft_component_regression/phase1/input4000_rate2p5_reuse00_seed2,163,0.020661062869761073,6.6051746306588095,6.625835693528571,471.8093987898427,0.0,478.4352344833713,12.228426,457.404879,0.0,469.633305
2026-07-16_ttft_component_regression/phase1/input4000_rate2p5_reuse00_seed2,172,0.01793456201725829,12.94443820343515,12.962372765452407,471.8093987898427,0.0,484.7717715552951,11.879364,460.511209,0.0,472.390573
2026-07-16_ttft_component_regression/phase1/input4000_rate2p5_reuse00_seed2,196,0.020828231438017007,6.623208318929981,6.644036550367998,471.8093987898427,0.0,478.4534353402107,8.14997,459.895053,0.0,468.045023
2026-07-16_ttft_component_regression/phase1/input4000_rate2p5_reuse00_seed2,209,0.0,10.753924776305483,10.753924776305483,471.8093987898427,0.0,482.5633235661482,5.721183,462.459408,0.0,468.180591
2026-07-16_ttft_component_regression/phase1/input4000_rate2p5_reuse00_seed2,198,0.01785387157070129,12.949316324247599,12.9671701958183,471.8093987898427,0.0,484.776568985661,3.869165,459.907499,0.0,463.776664
2026-07-16_ttft_component_regression/phase1/input4000_rate2p5_reuse00_seed2,224,0.0,9.945441886043731,9.945441886043731,471.8093987898427,0.0,481.75484067588644,13.669579,457.265987,0.0,470.935566
2026-07-16_ttft_component_regression/phase1/input4000_rate2p5_reuse00_seed2,220,0.0,10.753964574191244,10.753964574191244,471.8093987898427,0.0,482.56336336403393,18.166617,459.42496,0.0,477.591577
2026-07-16_ttft_component_regression/phase1/input4000_rate2p5_reuse00_seed2,236,0.0,9.957222828532425,9.957222828532425,471.8093987898427,0.0,481.76662161837515,18.097764,464.938745,0.0,483.036509
2026-07-16_ttft_component_regression/phase1/input4000_rate2p5_reuse00_seed2,262,0.0,11.740275136336416,11.740275136336416,471.8093987898427,0.0,483.54967392617914,71.069501,691.575881,0.0,762.645382
2026-07-16_ttft_component_regression/phase1/input4000_rate2p5_reuse00_seed2,256,0.0218409916706771,6.738783092717795,6.760624084388472,471.8093987898427,0.0,478.5700228742312,6.875543,459.645615,0.0,466.521158
2026-07-16_ttft_component_regression/phase1/input4000_rate2p5_reuse00_seed2,261,0.016945234943461847,13.001258848810878,13.01820408375434,471.8093987898427,0.0,484.827602873597,0.637439,466.890802,0.0,467.528241
2026-07-16_ttft_component_regression/phase1/input4000_rate2p5_reuse00_seed2,265,0.0,10.885320517003807,10.885320517003807,471.8093987898427,0.0,482.69471930684654,19.688061,458.005005,0.0,477.693066
2026-07-16_ttft_component_regression/phase1/input4000_rate2p5_reuse00_seed2,275,0.0,10.871360709869867,10.871360709869867,471.8093987898427,0.0,482.68075949971256,16.327559,460.275822,0.0,476.603381
2026-07-16_ttft_component_regression/phase1/input4000_rate2p5_reuse00_seed2,293,0.0,11.741310480965657,11.741310480965657,471.8093987898427,0.0,483.55070927080834,13.56615,468.288698,0.0,481.854848
2026-07-16_ttft_component_regression/phase1/input4000_rate2p5_reuse00_seed2,294,0.0,10.859576054627148,10.859576054627148,471.8093987898427,0.0,482.66897484446986,17.424812,465.33847,0.0,482.763282
2026-07-16_ttft_component_regression/phase1/input4000_rate2p5_reuse00_seed2,297,0.036731494102943886,18.28560326179731,18.322334755900254,471.8093987898427,0.0,490.131733545743,26.200609,475.201932,0.0,501.402541
2026-07-16_ttft_component_regression/phase1/input4000_rate2p5_reuse00_seed2,296,0.00683419239712491,15.064687704993323,15.071521897390449,471.8093987898427,0.0,486.88092068723313,9.66245,468.280736,0.0,477.943186
2026-07-16_ttft_component_regression/phase1/input4000_rate2p5_reuse00_seed2,295,0.0,12.180909755389944,12.180909755389944,471.8093987898427,0.0,483.99030854523266,30.964802,461.702054,0.0,492.666856
2026-07-16_ttft_component_regression/phase1/input4000_rate2p5_reuse00_seed2,8,0.0,0.0,0.0,471.8093987898427,0.0,471.8093987898427,0.013785,443.684226,0.0,443.698011
2026-07-16_ttft_component_regression/phase1/input4000_rate2p5_reuse00_seed2,9,0.02169345092562317,6.721189866358149,6.742883317283772,471.8093987898427,0.0,478.5522821071265,201.070901,665.177248,0.0,866.248149
2026-07-16_ttft_component_regression/phase1/input4000_rate2p5_reuse00_seed2,18,0.016860758790087093,13.005826048683478,13.022686807473566,471.8093987898427,0.0,484.8320855973163,17.920426,448.418904,0.0,466.33933
2026-07-16_ttft_component_regression/phase1/input4000_rate2p5_reuse00_seed2,24,0.0,11.737868185077291,11.737868185077291,471.8093987898427,0.0,483.54726697492,9.593341,451.376649,0.0,460.96999
2026-07-16_ttft_component_regression/phase1/input4000_rate2p5_reuse00_seed2,41,0.0,10.898930288516508,10.898930288516508,471.8093987898427,0.0,482.7083290783592,7.863392,454.659725,0.0,462.523117
2026-07-16_ttft_component_regression/phase1/input4000_rate2p5_reuse00_seed2,55,0.0,12.299955130951396,12.299955130951396,471.8093987898427,0.0,484.1093539207941,8.226858,458.407849,0.0,466.634707
2026-07-16_ttft_component_regression/phase1/input4000_rate2p5_reuse00_seed2,58,0.0,12.227728568875614,12.227728568875614,471.8093987898427,0.0,484.0371273587183,1.128944,457.766377,0.0,458.895321
2026-07-16_ttft_component_regression/phase1/input4000_rate2p5_reuse00_seed2,49,0.0,12.359438355554246,12.359438355554246,471.8093987898427,0.0,484.16883714539694,6.872906,458.198633,0.0,465.071539
2026-07-16_ttft_component_regression/phase1/input4000_rate2p5_reuse00_seed2,81,0.037622290008726085,18.40260941657182,18.440231706580548,471.8093987898427,0.0,490.24963049642326,2.862833,461.877578,0.0,464.740411
2026-07-16_ttft_component_regression/phase1/input4000_rate2p5_reuse00_seed2,68,0.008519556521723448,15.173857740885763,15.182377297407486,471.8093987898427,0.0,486.9917760872502,39.802465,691.050372,0.0,730.852837
2026-07-16_ttft_component_regression/phase1/input4000_rate2p5_reuse00_seed2,65,0.0,12.227728568875614,12.227728568875614,471.8093987898427,0.0,484.0371273587183,9.686863,461.647119,0.0,471.333982
2026-07-16_ttft_component_regression/phase1/input4000_rate2p5_reuse00_seed2,72,0.03845518064206218,18.519266123244602,18.557721303886666,471.8093987898427,0.0,490.36712009372934,14.705711,461.726986,0.0,476.432697
2026-07-16_ttft_component_regression/phase1/input4000_rate2p5_reuse00_seed2,93,0.037622290008726085,18.40260941657182,18.440231706580548,471.8093987898427,0.0,490.24963049642326,1.312702,462.661514,0.0,463.974216
2026-07-16_ttft_component_regression/phase1/input4000_rate2p5_reuse00_seed2,109,0.0,12.246755772370017,12.246755772370017,471.8093987898427,0.0,484.0561545622127,20.66654,458.424553,0.0,479.091093
2026-07-16_ttft_component_regression/phase1/input4000_rate2p5_reuse00_seed2,120,0.03801464667804991,21.14509321242582,21.18310785910387,471.8093987898427,0.0,492.9925066489466,1.23048,473.023136,0.0,474.253616
2026-07-16_ttft_component_regression/phase1/input4000_rate2p5_reuse00_seed2,118,0.03788484307256678,18.438545066481517,18.476429909554085,471.8093987898427,0.0,490.2858286993968,16.853764,462.624682,0.0,479.478446
2026-07-16_ttft_component_regression/phase1/input4000_rate2p5_reuse00_seed2,112,0.008519556521723448,15.173857740885763,15.182377297407486,471.8093987898427,0.0,486.9917760872502,148.868938,460.631142,0.0,609.50008
2026-07-16_ttft_component_regression/phase1/input4000_rate2p5_reuse00_seed2,131,0.0,12.117180617043388,12.117180617043388,471.8093987898427,0.0,483.9265794068861,16.7561,461.698616,0.0,478.454716
2026-07-16_ttft_component_regression/phase1/input4000_rate2p5_reuse00_seed2,142,0.0,12.153336109153084,12.153336109153084,471.8093987898427,0.0,483.9627348989958,5.707229,466.026418,0.0,471.733647
2026-07-16_ttft_component_regression/phase1/input4000_rate2p5_reuse00_seed2,158,0.01833310101274218,12.919653505206387,12.937986606219129,471.8093987898427,0.0,484.7473853960618,3.650176,456.4747,0.0,460.124876
2026-07-16_ttft_component_regression/phase1/input4000_rate2p5_reuse00_seed2,153,0.02131149000077881,6.676907036529317,6.698218526530096,471.8093987898427,0.0,478.5076173163728,7.349975,457.392162,0.0,464.742137
2026-07-16_ttft_component_regression/phase1/input4000_rate2p5_reuse00_seed2,162,0.0,11.741276710205222,11.741276710205222,471.8093987898427,0.0,483.55067550004793,6.17906,456.641583,0.0,462.820643
2026-07-16_ttft_component_regression/phase1/input4000_rate2p5_reuse00_seed2,167,0.0,10.860408656342509,10.860408656342509,471.8093987898427,0.0,482.6698074461852,4.673146,460.888461,0.0,465.561607
2026-07-16_ttft_component_regression/phase1/input4000_rate2p5_reuse00_seed2,175,0.038977043566260736,21.05802628934074,21.097003332907,471.8093987898427,0.0,492.9064021227497,3.798986,470.244596,0.0,474.043582
2026-07-16_ttft_component_regression/phase1/input4000_rate2p5_reuse00_seed2,168,0.0,12.157904604030573,12.157904604030573,471.8093987898427,0.0,483.9673033938733,151.031521,694.563175,0.0,845.594696
2026-07-16_ttft_component_regression/phase1/input4000_rate2p5_reuse00_seed2,181,0.0,23.744910846878838,23.744910846878838,471.8093987898427,0.0,495.55430963672154,21.511742,483.973945,0.0,505.485687
2026-07-16_ttft_component_regression/phase1/input4000_rate2p5_reuse00_seed2,169,0.006593042745761908,15.049200402217869,15.05579344496363,471.8093987898427,0.0,486.86519223480633,9.048014,469.631995,0.0,478.680009
2026-07-16_ttft_component_regression/phase1/input4000_rate2p5_reuse00_seed2,185,0.0,24.410176830119738,24.410176830119738,471.8093987898427,0.0,496.2195756199624,15.257235,486.478341,0.0,501.735576
2026-07-16_ttft_component_regression/phase1/input4000_rate2p5_reuse00_seed2,188,0.0,24.96674750082768,24.96674750082768,471.8093987898427,0.0,496.7761462906704,24.827228,488.735966,0.0,513.563194
2026-07-16_ttft_component_regression/phase1/input4000_rate2p5_reuse00_seed2,179,0.0,22.74831115859158,22.74831115859158,471.8093987898427,0.0,494.5577099484343,12.256731,469.722044,0.0,481.978775
2026-07-16_ttft_component_regression/phase1/input4000_rate2p5_reuse00_seed2,174,0.03721820322733765,18.348644726154866,18.385862929382203,471.8093987898427,0.0,490.1952617192249,11.784889,473.847888,0.0,485.632777
2026-07-16_ttft_component_regression/phase1/input4000_rate2p5_reuse00_seed2,192,0.0,26.11163022054066,26.11163022054066,471.8093987898427,0.0,497.92102901038334,13.986464,491.643549,0.0,505.630013
2026-07-16_ttft_component_regression/phase1/input4000_rate2p5_reuse00_seed2,199,0.19545106646982774,28.15277742412415,28.34822849059398,471.8093987898427,0.0,500.15762728043666,18.882589,491.486017,0.0,510.368606
2026-07-16_ttft_component_regression/phase1/input4000_rate2p5_reuse00_seed2,207,694.6642762901221,28.107831183307738,722.7721074734299,471.8093987898427,0.0,1194.5815062632726,748.8709819999999,736.628952,0.0,1485.499934
2026-07-16_ttft_component_regression/phase1/input4000_rate2p5_reuse00_seed2,201,7026.482204723047,28.120879398549878,7054.603084121597,471.8093987898427,0.0,7526.41248291144,1418.764122,491.542401,0.0,1910.306523
2026-07-16_ttft_component_regression/phase1/input4000_rate2p5_reuse00_seed2,203,5545.163510152656,28.120879398549878,5573.284389551206,471.8093987898427,0.0,6045.093788341049,2415.853696,496.207821,0.0,2912.061517
2026-07-16_ttft_component_regression/phase1/input4000_rate2p5_reuse00_seed2,197,0.0,26.11163022054066,26.11163022054066,471.8093987898427,0.0,497.92102901038334,17.998985,491.611385,0.0,509.61037
2026-07-16_ttft_component_regression/phase1/input4000_rate2p5_reuse00_seed2,219,7084.79290561671,28.107831183307738,7112.900736800018,471.8093987898427,0.0,7584.710135589861,3493.862855,482.895399,0.0,3976.758254
2026-07-16_ttft_component_regression/phase1/input4000_rate2p5_reuse00_seed2,221,7181.450537662978,28.198782163378066,7209.649319826356,471.8093987898427,0.0,7681.458718616199,4211.113990999999,488.588497,0.0,4699.702488
2026-07-16_ttft_component_regression/phase1/input4000_rate2p5_reuse00_seed2,234,6029.420569758299,28.250330198428028,6057.670899956727,471.8093987898427,0.0,6529.48029874657,1324.0198619999999,488.668956,0.0,1812.688818
2026-07-16_ttft_component_regression/phase1/input4000_rate2p5_reuse00_seed2,210,4184.050874354464,28.205243098255004,4212.256117452719,471.8093987898427,0.0,4684.065516242562,3410.979775,492.674595,0.0,3903.65437
2026-07-16_ttft_component_regression/phase1/input4000_rate2p5_reuse00_seed2,231,4100.388627026207,28.21169911817002,4128.6003261443775,471.8093987898427,0.0,4600.40972493422,2929.1304050000003,482.304209,0.0,3411.434614
2026-07-16_ttft_component_regression/phase1/input4000_rate2p5_reuse00_seed2,246,0.0,24.96674750082768,24.96674750082768,471.8093987898427,0.0,496.7761462906704,7.46321,480.634257,0.0,488.097467
2026-07-16_ttft_component_regression/phase1/input4000_rate2p5_reuse00_seed2,230,3145.0626196382846,459.508488723298,3604.5711083615824,471.8093987898427,0.0,4076.3805071514253,1912.912994,483.011329,0.0,2395.924323
2026-07-16_ttft_component_regression/phase1/input4000_rate2p5_reuse00_seed2,259,0.036942076060420596,18.312631146658088,18.349573222718508,471.8093987898427,0.0,490.1589720125612,1.796088,470.800552,0.0,472.59664
2026-07-16_ttft_component_regression/phase1/input4000_rate2p5_reuse00_seed2,266,0.0,10.885320517003807,10.885320517003807,471.8093987898427,0.0,482.69471930684654,3.973468,413.80374,0.0,417.777208
2026-07-16_ttft_component_regression/phase1/input4000_rate2p5_reuse00_seed2,273,0.017113264701009632,12.992047454785416,13.009160719486426,471.8093987898427,0.0,484.81855950932913,14.216898,452.174918,0.0,466.391816
2026-07-16_ttft_component_regression/phase1/input4000_rate2p5_reuse00_seed2,276,0.0,11.739074105534796,11.739074105534796,471.8093987898427,0.0,483.5484728953775,5.327902,459.646576,0.0,464.974478
2026-07-16_ttft_component_regression/phase1/input4000_rate2p5_reuse00_seed2,281,0.0,10.900250233555377,10.900250233555377,471.8093987898427,0.0,482.7096490233981,18.23245,468.552741,0.0,486.785191
2026-07-16_ttft_component_regression/phase1/input4000_rate2p5_reuse00_seed2,32,0.02099235196554329,6.641175179909498,6.662167531875041,471.8093987898427,0.0,478.4715663217177,12.320266,444.359903,0.0,456.680169
2026-07-16_ttft_component_regression/phase1/input4000_rate2p5_reuse00_seed2,27,0.0,0.0,0.0,471.8093987898427,0.0,471.8093987898427,0.003329,439.218678,0.0,439.222007
2026-07-16_ttft_component_regression/phase1/input4000_rate2p5_reuse00_seed2,54,0.0185682382982576,12.904465799660297,12.923034037958555,471.8093987898427,0.0,484.73243282780123,18.351852,450.220376,0.0,468.572228
2026-07-16_ttft_component_regression/phase1/input4000_rate2p5_reuse00_seed2,67,0.019686696556639512,6.504810724178044,6.524497420734683,471.8093987898427,0.0,478.3338962105774,13.875184,444.870431,0.0,458.745615
2026-07-16_ttft_component_regression/phase1/input4000_rate2p5_reuse00_seed2,75,0.01910499581959689,12.86809591521994,12.887200911039535,471.8093987898427,0.0,484.69659970088225,7.616505,448.984696,0.0,456.601201
2026-07-16_ttft_component_regression/phase1/input4000_rate2p5_reuse00_seed2,105,0.01833310101274218,12.919653505206387,12.937986606219129,471.8093987898427,0.0,484.7473853960618,127.498133,673.313053,0.0,800.811186
2026-07-16_ttft_component_regression/phase1/input4000_rate2p5_reuse00_seed2,106,0.0,11.741276710205222,11.741276710205222,471.8093987898427,0.0,483.55067550004793,154.151327,451.731689,0.0,605.883016
2026-07-16_ttft_component_regression/phase1/input4000_rate2p5_reuse00_seed2,104,0.021618559524201136,6.712367477323593,6.733986036847794,471.8093987898427,0.0,478.5433848266905,8.058272,450.668989,0.0,458.727261
2026-07-16_ttft_component_regression/phase1/input4000_rate2p5_reuse00_seed2,117,0.0,10.871360709869867,10.871360709869867,471.8093987898427,0.0,482.68075949971256,14.391823,453.815565,0.0,468.207388
2026-07-16_ttft_component_regression/phase1/input4000_rate2p5_reuse00_seed2,143,0.016860758790087093,13.005826048683478,13.022686807473566,471.8093987898427,0.0,484.8320855973163,6.040946,450.568984,0.0,456.60993
2026-07-16_ttft_component_regression/phase1/input4000_rate2p5_reuse00_seed2,154,0.020661062869761073,6.6051746306588095,6.625835693528571,471.8093987898427,0.0,478.4352344833713,1.533976,445.125791,0.0,446.659767
2026-07-16_ttft_component_regression/phase1/input4000_rate2p5_reuse00_seed2,156,0.0,11.740670946671584,11.740670946671584,471.8093987898427,0.0,483.5500697365143,220.39824,451.221417,0.0,671.619657
2026-07-16_ttft_component_regression/phase1/input4000_rate2p5_reuse00_seed2,155,0.01793456201725829,12.94443820343515,12.962372765452407,471.8093987898427,0.0,484.7717715552951,171.580855,448.731064,0.0,620.311919
2026-07-16_ttft_component_regression/phase1/input4000_rate2p5_reuse00_seed2,164,0.0,10.886488645037732,10.886488645037732,471.8093987898427,0.0,482.69588743488043,5.184883,453.750989,0.0,458.935872
2026-07-16_ttft_component_regression/phase1/input4000_rate2p5_reuse00_seed2,178,0.0,12.280462132850937,12.280462132850937,471.8093987898427,0.0,484.0898609226936,18.346099,458.083721,0.0,476.42982
2026-07-16_ttft_component_regression/phase1/input4000_rate2p5_reuse00_seed2,200,0.016755832558030728,11.907906947755574,11.924662780313605,471.8093987898427,0.0,483.7340615701563,7.934083,450.179224,0.0,458.113307
2026-07-16_ttft_component_regression/phase1/input4000_rate2p5_reuse00_seed2,238,0.0,0.0,0.0,471.8093987898427,0.0,471.8093987898427,0.007062,447.242223,0.0,447.249285
2026-07-16_ttft_component_regression/phase1/input4000_rate2p5_reuse00_seed2,263,0.020745028799303924,6.614199806350818,6.634944835150122,471.8093987898427,0.0,478.4443436249928,11.320397,454.757304,0.0,466.077701
2026-07-16_ttft_component_regression/phase1/input4000_rate2p5_reuse00_seed2,269,0.019870811293391084,6.5232055668584,6.543076378151791,471.8093987898427,0.0,478.3524751679945,12.283827,459.455041,0.0,471.738868
2026-07-16_ttft_component_regression/phase1/input4000_rate2p5_reuse00_seed2,272,0.0,11.740580362726337,11.740580362726337,471.8093987898427,0.0,483.54997915256905,191.351767,688.665654,0.0,880.017421
2026-07-16_ttft_component_regression/phase1/input4000_rate2p5_reuse00_seed2,277,0.0,10.872355455375066,10.872355455375066,471.8093987898427,0.0,482.68175424521775,19.651963,455.927508,0.0,475.579471
2026-07-16_ttft_component_regression/phase1/input4000_rate2p5_reuse00_seed2,278,0.0,12.246755772370017,12.246755772370017,471.8093987898427,0.0,484.0561545622127,16.342979,464.562626,0.0,480.905605
2026-07-16_ttft_component_regression/phase1/input4000_rate2p5_reuse00_seed2,286,0.007677535719816008,15.119108269918499,15.126785805638315,471.8093987898427,0.0,486.936184595481,10.051133,469.701005,0.0,479.752138
2026-07-16_ttft_component_regression/phase1/input4000_rate2p5_reuse00_seed2,271,0.01744559089784467,12.973315344515584,12.990760935413428,471.8093987898427,0.0,484.80015972525615,30.561067,464.386301,0.0,494.947368
2026-07-16_ttft_component_regression/phase1/input4000_rate2p5_reuse00_seed2,290,0.009119997809103265,15.21316179798456,15.222281795793663,471.8093987898427,0.0,487.03168058563637,15.559373,469.162686,0.0,484.722059
2026-07-16_ttft_component_regression/phase1/input4000_rate2p5_reuse00_seed2,3,0.0,0.0,0.0,471.8093987898427,0.0,471.8093987898427,0.04321,439.218678,0.0,439.261888
2026-07-16_ttft_component_regression/phase1/input4000_rate2p5_reuse00_seed2,12,0.018411815368914154,12.914617432528905,12.933029247897819,471.8093987898427,0.0,484.7424280377405,5.908806,448.49068,0.0,454.399486
2026-07-16_ttft_component_regression/phase1/input4000_rate2p5_reuse00_seed2,4,0.02099235196554329,6.641175179909498,6.662167531875041,471.8093987898427,0.0,478.4715663217177,5.083603,444.335775,0.0,449.419378
2026-07-16_ttft_component_regression/phase1/input4000_rate2p5_reuse00_seed2,19,0.0,11.740580362726337,11.740580362726337,471.8093987898427,0.0,483.54997915256905,10.155875,451.187049,0.0,461.342924
2026-07-16_ttft_component_regression/phase1/input4000_rate2p5_reuse00_seed2,47,0.0,10.883025411829045,10.883025411829045,471.8093987898427,0.0,482.69242420167177,11.805097,454.768877,0.0,466.573974
2026-07-16_ttft_component_regression/phase1/input4000_rate2p5_reuse00_seed2,45,0.0,11.739376403633674,11.739376403633674,471.8093987898427,0.0,483.5487751934764,9.558787,453.145417,0.0,462.704204
2026-07-16_ttft_component_regression/phase1/input4000_rate2p5_reuse00_seed2,52,0.0,10.883025411829045,10.883025411829045,471.8093987898427,0.0,482.69242420167177,18.341008,454.693709,0.0,473.034717
2026-07-16_ttft_component_regression/phase1/input4000_rate2p5_reuse00_seed2,70,0.0,10.868453426742244,10.868453426742244,471.8093987898427,0.0,482.67785221658494,0.682235,454.128205,0.0,454.81044
2026-07-16_ttft_component_regression/phase1/input4000_rate2p5_reuse00_seed2,53,0.0,12.295066109849941,12.295066109849941,471.8093987898427,0.0,484.10446489969263,138.038033,457.480233,0.0,595.518266
2026-07-16_ttft_component_regression/phase1/input4000_rate2p5_reuse00_seed2,82,0.0,10.867509762273665,10.867509762273665,471.8093987898427,0.0,482.67690855211634,3.497088,454.819597,0.0,458.316685
2026-07-16_ttft_component_regression/phase1/input4000_rate2p5_reuse00_seed2,98,0.0,11.741221882506533,11.741221882506533,471.8093987898427,0.0,483.5506206723492,12.162463,453.066793,0.0,465.229256
2026-07-16_ttft_component_regression/phase1/input4000_rate2p5_reuse00_seed2,122,0.0,12.222998433209888,12.222998433209888,471.8093987898427,0.0,484.0323972230526,13.261922,432.543708,0.0,445.80563
2026-07-16_ttft_component_regression/phase1/input4000_rate2p5_reuse00_seed2,101,0.018411815368914154,12.914617432528905,12.933029247897819,471.8093987898427,0.0,484.7424280377405,8.483812,448.99132,0.0,457.475132
2026-07-16_ttft_component_regression/phase1/input4000_rate2p5_reuse00_seed2,111,0.0,11.740670946671584,11.740670946671584,471.8093987898427,0.0,483.5500697365143,6.83924,451.784969,0.0,458.624209
2026-07-16_ttft_component_regression/phase1/input4000_rate2p5_reuse00_seed2,113,0.0,10.884166128368488,10.884166128368488,471.8093987898427,0.0,482.69356491821117,68.895505,453.483501,0.0,522.379006
2026-07-16_ttft_component_regression/phase1/input4000_rate2p5_reuse00_seed2,137,0.0,12.290187594899784,12.290187594899784,471.8093987898427,0.0,484.0995863847425,0.914593,458.522825,0.0,459.437418
2026-07-16_ttft_component_regression/phase1/input4000_rate2p5_reuse00_seed2,165,0.021618559524201136,6.712367477323593,6.733986036847794,471.8093987898427,0.0,478.5433848266905,4.269664,460.807457,0.0,465.077121
2026-07-16_ttft_component_regression/phase1/input4000_rate2p5_reuse00_seed2,177,0.021153434719283343,6.659074866639827,6.680228301359111,471.8093987898427,0.0,478.48962709120184,11.806448,458.787481,0.0,470.593929
2026-07-16_ttft_component_regression/phase1/input4000_rate2p5_reuse00_seed2,180,0.017527885686512826,12.968567597406643,12.986095483093155,471.8093987898427,0.0,484.79549427293585,17.05389,457.511849,0.0,474.565739
2026-07-16_ttft_component_regression/phase1/input4000_rate2p5_reuse00_seed2,226,0.020386320388214575,6.024231650127874,6.0446179705160885,471.8093987898427,0.0,477.8540167603588,127.634833,456.279725,0.0,583.914558
2026-07-16_ttft_component_regression/phase1/input4000_rate2p5_reuse00_seed2,225,0.0,0.0,0.0,471.8093987898427,0.0,471.8093987898427,0.002607,454.312517,0.0,454.315124
2026-07-16_ttft_component_regression/phase1/input4000_rate2p5_reuse00_seed2,228,0.017496179164967266,11.868486737201193,11.88598291636616,471.8093987898427,0.0,483.6953817062089,0.451355,455.943183,0.0,456.394538
2026-07-16_ttft_component_regression/phase1/input4000_rate2p5_reuse00_seed2,239,0.0,9.956244873982644,9.956244873982644,471.8093987898427,0.0,481.76564366382536,12.523321,462.182637,0.0,474.705958
2026-07-16_ttft_component_regression/phase1/input4000_rate2p5_reuse00_seed2,241,0.0062311864970460845,15.02602126993472,15.032252456431767,471.8093987898427,0.0,486.84165124627447,185.02155,700.260654,0.0,885.282204
2026-07-16_ttft_component_regression/phase1/input4000_rate2p5_reuse00_seed2,229,0.0,10.752680081170386,10.752680081170386,471.8093987898427,0.0,482.5620788710131,0.343417,461.175025,0.0,461.518442
2026-07-16_ttft_component_regression/phase1/input4000_rate2p5_reuse00_seed2,240,0.0,11.189748193199426,11.189748193199426,471.8093987898427,0.0,482.9991469830421,49.313369,717.353147,0.0,766.666516
2026-07-16_ttft_component_regression/phase1/input4000_rate2p5_reuse00_seed2,245,0.036942076060420596,18.312631146658088,18.349573222718508,471.8093987898427,0.0,490.1589720125612,18.331315,475.656788,0.0,493.988103
2026-07-16_ttft_component_regression/phase1/input4000_rate2p5_reuse00_seed2,258,0.03781972258968035,18.429564393659845,18.467384116249526,471.8093987898427,0.0,490.27678290609225,11.96641,468.808077,0.0,480.774487
2026-07-16_ttft_component_regression/phase1/input4000_rate2p5_reuse00_seed2,270,0.0,11.739376403633674,11.739376403633674,471.8093987898427,0.0,483.5487751934764,174.979527,463.497582,0.0,638.477109
2026-07-16_ttft_component_regression/phase1/input4000_rate2p5_reuse00_seed2,268,0.016860758790087093,13.005826048683478,13.022686807473566,471.8093987898427,0.0,484.8320855973163,8.305415,465.063241,0.0,473.368656
2026-07-16_ttft_component_regression/phase1/input4000_rate2p5_reuse00_seed2,22,0.020490836028753633,6.587074466406383,6.607565302435137,471.8093987898427,0.0,478.41696409227785,15.17282,444.661631,0.0,459.834451
2026-07-16_ttft_component_regression/phase1/input4000_rate2p5_reuse00_seed2,10,0.0,0.0,0.0,471.8093987898427,0.0,471.8093987898427,0.02598,439.218678,0.0,439.244658
2026-07-16_ttft_component_regression/phase1/input4000_rate2p5_reuse00_seed2,26,0.01932983609825957,12.852106668449077,12.871436504547336,471.8093987898427,0.0,484.68083529439,15.756605,448.77212,0.0,464.528725
2026-07-16_ttft_component_regression/phase1/input4000_rate2p5_reuse00_seed2,28,0.0,11.74129449781899,11.74129449781899,471.8093987898427,0.0,483.5506932876617,165.763723,451.252393,0.0,617.016116
2026-07-16_ttft_component_regression/phase1/input4000_rate2p5_reuse00_seed2,29,0.0,10.871360709869867,10.871360709869867,471.8093987898427,0.0,482.68075949971256,111.833668,453.079021,0.0,564.912689
2026-07-16_ttft_component_regression/phase1/input4000_rate2p5_reuse00_seed2,38,0.0,12.227728568875614,12.227728568875614,471.8093987898427,0.0,484.0371273587183,8.756952,456.588873,0.0,465.345825
2026-07-16_ttft_component_regression/phase1/input4000_rate2p5_reuse00_seed2,62,0.0,11.740484154342829,11.740484154342829,471.8093987898427,0.0,483.5498829441855,9.017557,453.371657,0.0,462.389214
2026-07-16_ttft_component_regression/phase1/input4000_rate2p5_reuse00_seed2,64,0.0,10.87336313721185,10.87336313721185,471.8093987898427,0.0,482.68276192705457,8.775136,454.919533,0.0,463.694669
2026-07-16_ttft_component_regression/phase1/input4000_rate2p5_reuse00_seed2,84,0.0,11.741103228797478,11.741103228797478,471.8093987898427,0.0,483.5505020186402,2.478148,464.616831,0.0,467.094979
2026-07-16_ttft_component_regression/phase1/input4000_rate2p5_reuse00_seed2,85,0.0,10.851899819623748,10.851899819623748,471.8093987898427,0.0,482.6612986094664,59.728698,644.368817,0.0,704.097515
2026-07-16_ttft_component_regression/phase1/input4000_rate2p5_reuse00_seed2,80,0.01895335655217631,12.878621011762487,12.897574368314663,471.8093987898427,0.0,484.7069731581574,5.640514,449.025592,0.0,454.666106
2026-07-16_ttft_component_regression/phase1/input4000_rate2p5_reuse00_seed2,88,0.0,12.121661783725855,12.121661783725855,471.8093987898427,0.0,483.9310605735686,10.158608,456.437321,0.0,466.595929
2026-07-16_ttft_component_regression/phase1/input4000_rate2p5_reuse00_seed2,110,0.0,12.180909755389944,12.180909755389944,471.8093987898427,0.0,483.99030854523266,13.229845,457.454217,0.0,470.684062
2026-07-16_ttft_component_regression/phase1/input4000_rate2p5_reuse00_seed2,94,0.005748507783476674,14.99521336898573,15.000961876769207,471.8093987898427,0.0,486.8103606666119,3.082996,459.522662,0.0,462.605658
2026-07-16_ttft_component_regression/phase1/input4000_rate2p5_reuse00_seed2,121,0.007195764950755075,15.087970061842848,15.095165826793602,471.8093987898427,0.0,486.9045646166363,6.425897,460.267206,0.0,466.693103
2026-07-16_ttft_component_regression/phase1/input4000_rate2p5_reuse00_seed2,133,0.0,11.740044436852868,11.740044436852868,471.8093987898427,0.0,483.5494432266956,12.630468,452.758889,0.0,465.389357
2026-07-16_ttft_component_regression/phase1/input4000_rate2p5_reuse00_seed2,148,0.0,10.888866374945698,10.888866374945698,471.8093987898427,0.0,482.6982651647884,204.845328,705.013656,0.0,909.858984
2026-07-16_ttft_component_regression/phase1/input4000_rate2p5_reuse00_seed2,146,0.0,11.738915710530824,11.738915710530824,471.8093987898427,0.0,483.5483145003735,102.72013,466.531616,0.0,569.251746
2026-07-16_ttft_component_regression/phase1/input4000_rate2p5_reuse00_seed2,144,0.01669089163211028,13.014883697034968,13.031574588667079,471.8093987898427,0.0,484.8409733785098,17.714268,456.111882,0.0,473.82615
2026-07-16_ttft_component_regression/phase1/input4000_rate2p5_reuse00_seed2,170,0.0,10.874383821935378,10.874383821935378,471.8093987898427,0.0,482.6837826117781,13.065944,465.982088,0.0,479.048032
2026-07-16_ttft_component_regression/phase1/input4000_rate2p5_reuse00_seed2,186,0.019404682744906487,6.477097703657097,6.496502386402003,471.8093987898427,0.0,478.30590117624473,2.918784,453.207753,0.0,456.126537
2026-07-16_ttft_component_regression/phase1/input4000_rate2p5_reuse00_seed2,214,0.019626672459798197,11.733209530185624,11.752836202645423,471.8093987898427,0.0,483.56223499248813,77.027641,702.238959,0.0,779.2666
2026-07-16_ttft_component_regression/phase1/input4000_rate2p5_reuse00_seed2,213,0.019328360062793412,5.923318320727776,5.94264668079057,471.8093987898427,0.0,477.7520454706333,2.863091,458.779991,0.0,461.643082
2026-07-16_ttft_component_regression/phase1/input4000_rate2p5_reuse00_seed2,215,0.0,10.753975484880215,10.753975484880215,471.8093987898427,0.0,482.56337427472295,383.386276,674.125604,0.0,1057.51188
2026-07-16_ttft_component_regression/phase1/input4000_rate2p5_reuse00_seed2,274,0.0,0.0,0.0,471.8093987898427,0.0,471.8093987898427,0.043674,447.830411,0.0,447.874085
2026-07-16_ttft_component_regression/phase1/input4000_rate2p5_reuse00_seed2,280,0.019686696556639512,6.504810724178044,6.524497420734683,471.8093987898427,0.0,478.3338962105774,14.854799,459.390935,0.0,474.245734
2026-07-16_ttft_component_regression/phase1/input4000_rate2p5_reuse00_seed2,285,0.01969748398853585,12.82491758453103,12.844615068519566,471.8093987898427,0.0,484.65401385836225,9.448765,458.081787,0.0,467.530552
2026-07-16_ttft_component_regression/phase1/input4000_rate2p5_reuse00_seed2,289,0.0,11.740908794328181,11.740908794328181,471.8093987898427,0.0,483.55030758417087,13.026169,458.022218,0.0,471.048387
2026-07-16_ttft_component_regression/phase1/input4000_rate2p5_reuse00_seed2,299,0.0,10.852615261098457,10.852615261098457,471.8093987898427,0.0,482.66201405094114,9.954454,460.764293,0.0,470.718747
2026-07-16_ttft_component_regression/phase1/input4000_rate2p5_reuse00_seed2,31,0.0,0.0,0.0,471.8093987898427,0.0,471.8093987898427,0.005086,439.218678,0.0,439.223764
2026-07-16_ttft_component_regression/phase1/input4000_rate2p5_reuse00_seed2,36,0.02099235196554329,6.641175179909498,6.662167531875041,471.8093987898427,0.0,478.4715663217177,11.834921,444.372479,0.0,456.2074
2026-07-16_ttft_component_regression/phase1/input4000_rate2p5_reuse00_seed2,39,0.01785387157070129,12.949316324247599,12.9671701958183,471.8093987898427,0.0,484.776568985661,13.867444,448.628952,0.0,462.496396
2026-07-16_ttft_component_regression/phase1/input4000_rate2p5_reuse00_seed2,44,0.0,11.739921126640118,11.739921126640118,471.8093987898427,0.0,483.54931991648283,2.375719,451.474601,0.0,453.85032
2026-07-16_ttft_component_regression/phase1/input4000_rate2p5_reuse00_seed2,57,0.0,10.87752455994749,10.87752455994749,471.8093987898427,0.0,482.6869233497902,18.668083,454.775949,0.0,473.444032
2026-07-16_ttft_component_regression/phase1/input4000_rate2p5_reuse00_seed2,60,0.0,12.213570245855237,12.213570245855237,471.8093987898427,0.0,484.02296903569794,11.735612,457.712777,0.0,469.448389
2026-07-16_ttft_component_regression/phase1/input4000_rate2p5_reuse00_seed2,100,0.0,0.0,0.0,471.8093987898427,0.0,471.8093987898427,0.002355,439.218678,0.0,439.221033
2026-07-16_ttft_component_regression/phase1/input4000_rate2p5_reuse00_seed2,116,0.01895335655217631,12.878621011762487,12.897574368314663,471.8093987898427,0.0,484.7069731581574,171.940098,448.600376,0.0,620.540474
2026-07-16_ttft_component_regression/phase1/input4000_rate2p5_reuse00_seed2,114,0.020661062869761073,6.6051746306588095,6.625835693528571,471.8093987898427,0.0,478.4352344833713,1.694156,444.874271,0.0,446.568427
2026-07-16_ttft_component_regression/phase1/input4000_rate2p5_reuse00_seed2,128,0.0,10.867509762273665,10.867509762273665,471.8093987898427,0.0,482.67690855211634,3.568869,453.732109,0.0,457.300978
2026-07-16_ttft_component_regression/phase1/input4000_rate2p5_reuse00_seed2,124,0.0,11.741092528883255,11.741092528883255,471.8093987898427,0.0,483.55049131872596,8.255136,451.326985,0.0,459.582121
2026-07-16_ttft_component_regression/phase1/input4000_rate2p5_reuse00_seed2,134,0.006472440558874782,15.041467094314761,15.047939534873636,471.8093987898427,0.0,486.85733832471635,12.899197,459.771494,0.0,472.670691
2026-07-16_ttft_component_regression/phase1/input4000_rate2p5_reuse00_seed2,135,0.03637397065308019,18.240526192330893,18.276900162983974,471.8093987898427,0.0,490.08629895282667,10.342504,461.74001,0.0,472.082514
2026-07-16_ttft_component_regression/phase1/input4000_rate2p5_reuse00_seed2,129,0.0,12.21827898812421,12.21827898812421,471.8093987898427,0.0,484.0276777779669,19.872755,456.646921,0.0,476.519676
2026-07-16_ttft_component_regression/phase1/input4000_rate2p5_reuse00_seed2,147,0.03637397065308019,18.240526192330893,18.276900162983974,471.8093987898427,0.0,490.08629895282667,16.369754,462.270442,0.0,478.640196
2026-07-16_ttft_component_regression/phase1/input4000_rate2p5_reuse00_seed2,151,0.03644612558538537,18.249544484497207,18.285990610082592,471.8093987898427,0.0,490.0953893999253,19.174505,462.721546,0.0,481.896051
2026-07-16_ttft_component_regression/phase1/input4000_rate2p5_reuse00_seed2,204,0.0,0.0,0.0,471.8093987898427,0.0,471.8093987898427,0.00379,453.295716,0.0,453.299506
2026-07-16_ttft_component_regression/phase1/input4000_rate2p5_reuse00_seed2,208,0.019141197211687146,5.906289287119518,5.925430484331205,471.8093987898427,0.0,477.73482927417393,9.103807,453.737372,0.0,462.841179
2026-07-16_ttft_component_regression/phase1/input4000_rate2p5_reuse00_seed2,211,0.018971625011684038,11.778809140300144,11.797780765311828,471.8093987898427,0.0,483.6071795551545,66.720085,456.795517,0.0,523.515602
2026-07-16_ttft_component_regression/phase1/input4000_rate2p5_reuse00_seed2,212,0.0,10.754076013445005,10.754076013445005,471.8093987898427,0.0,482.5634748032877,52.13035,686.085309,0.0,738.215659
2026-07-16_ttft_component_regression/phase1/input4000_rate2p5_reuse00_seed2,218,0.0,9.947125084623362,9.947125084623362,471.8093987898427,0.0,481.75652387446604,5.660568,466.407508,0.0,472.068076
2026-07-16_ttft_component_regression/phase1/input4000_rate2p5_reuse00_seed2,223,0.0,11.189748193199426,11.189748193199426,471.8093987898427,0.0,482.9991469830421,7.218089,466.249169,0.0,473.467258
2026-07-16_ttft_component_regression/phase1/input4000_rate2p5_reuse00_seed2,232,0.007684340819428607,13.891766759044947,13.899451099864375,471.8093987898427,0.0,485.7088498897071,17.643356,468.193417,0.0,485.836773
2026-07-16_ttft_component_regression/phase1/input4000_rate2p5_reuse00_seed2,235,0.037649264851495376,16.94895910554016,16.986608370391654,471.8093987898427,0.0,488.79600716023435,13.917122,476.693898,0.0,490.61102
2026-07-16_ttft_component_regression/phase1/input4000_rate2p5_reuse00_seed2,244,0.010198239512160734,15.284313801316477,15.294512040828637,471.8093987898427,0.0,487.10391083067134,0.043635,470.581361,0.0,470.624996
2026-07-16_ttft_component_regression/phase1/input4000_rate2p5_reuse00_seed2,254,0.0,12.27561521042949,12.27561521042949,471.8093987898427,0.0,484.08501400027217,16.576208,464.501027,0.0,481.077235
2026-07-16_ttft_component_regression/phase1/input4000_rate2p5_reuse00_seed2,260,0.0,10.885320517003807,10.885320517003807,471.8093987898427,0.0,482.69471930684654,13.114276,462.981424,0.0,476.0957
2026-07-16_ttft_component_regression/phase1/input4000_rate2p5_reuse00_seed2,279,0.02099235196554329,6.641175179909498,6.662167531875041,471.8093987898427,0.0,478.4715663217177,12.881132,459.436629,0.0,472.317761
2026-07-16_ttft_component_regression/phase1/input4000_rate2p5_reuse00_seed2,282,0.018411815368914154,12.914617432528905,12.933029247897819,471.8093987898427,0.0,484.7424280377405,6.767307,459.800818,0.0,466.568125
2026-07-16_ttft_component_regression/phase1/input4000_rate2p5_reuse00_seed2,291,0.0,11.740580362726337,11.740580362726337,471.8093987898427,0.0,483.54997915256905,10.347224,462.555028,0.0,472.902252
2026-07-16_ttft_component_regression/phase1/input4000_rate2p5_reuse00_seed2,16,0.0,0.0,0.0,471.8093987898427,0.0,471.8093987898427,0.00768,439.218678,0.0,439.226358
2026-07-16_ttft_component_regression/phase1/input4000_rate2p5_reuse00_seed2,17,0.020828231438017007,6.623208318929981,6.644036550367998,471.8093987898427,0.0,478.4534353402107,216.823383,444.299839,0.0,661.123222
2026-07-16_ttft_component_regression/phase1/input4000_rate2p5_reuse00_seed2,30,0.018723309898157767,12.894207892340402,12.91293120223856,471.8093987898427,0.0,484.72232999208126,18.332762,449.104152,0.0,467.436914
2026-07-16_ttft_component_regression/phase1/input4000_rate2p5_reuse00_seed2,40,0.0,11.741305777376587,11.741305777376587,471.8093987898427,0.0,483.55070456721927,4.328063,452.429961,0.0,456.758024
2026-07-16_ttft_component_regression/phase1/input4000_rate2p5_reuse00_seed2,77,0.020490836028753633,6.587074466406383,6.607565302435137,471.8093987898427,0.0,478.41696409227785,164.407877,665.177248,0.0,829.585125
2026-07-16_ttft_component_regression/phase1/input4000_rate2p5_reuse00_seed2,78,0.01864594378585388,12.899350152009184,12.917996095795038,471.8093987898427,0.0,484.72739488563775,29.02246,448.397976,0.0,477.420436
2026-07-16_ttft_component_regression/phase1/input4000_rate2p5_reuse00_seed2,76,0.0,0.0,0.0,471.8093987898427,0.0,471.8093987898427,0.013561,443.684226,0.0,443.697787
2026-07-16_ttft_component_regression/phase1/input4000_rate2p5_reuse00_seed2,89,0.0,11.741276710205222,11.741276710205222,471.8093987898427,0.0,483.55067550004793,14.758311,451.790793,0.0,466.549104
2026-07-16_ttft_component_regression/phase1/input4000_rate2p5_reuse00_seed2,107,0.0,10.881898300154381,10.881898300154381,471.8093987898427,0.0,482.6912970899971,16.155334,454.403565,0.0,470.558899
2026-07-16_ttft_component_regression/phase1/input4000_rate2p5_reuse00_seed2,103,0.0,10.871360709869867,10.871360709869867,471.8093987898427,0.0,482.68075949971256,18.063641,454.756013,0.0,472.819654
2026-07-16_ttft_component_regression/phase1/input4000_rate2p5_reuse00_seed2,126,0.0,11.741252482457295,11.741252482457295,471.8093987898427,0.0,483.5506512723,14.026144,452.418761,0.0,466.444905
2026-07-16_ttft_component_regression/phase1/input4000_rate2p5_reuse00_seed2,127,0.0,10.872355455375066,10.872355455375066,471.8093987898427,0.0,482.68175424521775,3.177819,454.047405,0.0,457.225224
2026-07-16_ttft_component_regression/phase1/input4000_rate2p5_reuse00_seed2,136,0.0,10.869409761950966,10.869409761950966,471.8093987898427,0.0,482.6788085517937,17.572615,454.677037,0.0,472.249652
2026-07-16_ttft_component_regression/phase1/input4000_rate2p5_reuse00_seed2,150,0.018014926970707286,12.939533869949095,12.957548796919802,471.8093987898427,0.0,484.7669475867625,8.248594,449.620024,0.0,457.868618
2026-07-16_ttft_component_regression/phase1/input4000_rate2p5_reuse00_seed2,166,0.020745028799303924,6.614199806350818,6.634944835150122,471.8093987898427,0.0,478.4443436249928,7.610984,445.358591,0.0,452.969575
2026-07-16_ttft_component_regression/phase1/input4000_rate2p5_reuse00_seed2,171,0.01910499581959689,12.86809591521994,12.887200911039535,471.8093987898427,0.0,484.69659970088225,8.564444,449.439352,0.0,458.003796
2026-07-16_ttft_component_regression/phase1/input4000_rate2p5_reuse00_seed2,176,0.0,11.74129449781899,11.74129449781899,471.8093987898427,0.0,483.5506932876617,15.126535,457.616153,0.0,472.742688
2026-07-16_ttft_component_regression/phase1/input4000_rate2p5_reuse00_seed2,187,0.0,11.741045694383878,11.741045694383878,471.8093987898427,0.0,483.5504444842266,6.948824,458.168072,0.0,465.116896
2026-07-16_ttft_component_regression/phase1/input4000_rate2p5_reuse00_seed2,191,0.0,12.121661783725855,12.121661783725855,471.8093987898427,0.0,483.9310605735686,20.271936,472.464643,0.0,492.736579
2026-07-16_ttft_component_regression/phase1/input4000_rate2p5_reuse00_seed2,193,0.0044204377194909175,14.911077032358452,14.915497470077943,471.8093987898427,0.0,486.7248962599206,1.185845,471.461802,0.0,472.647647
2026-07-16_ttft_component_regression/phase1/input4000_rate2p5_reuse00_seed2,202,0.034785806319894995,18.05088643575607,18.085672242075965,471.8093987898427,0.0,489.8950710319187,14.051476,476.761343,0.0,490.812819
2026-07-16_ttft_component_regression/phase1/input4000_rate2p5_reuse00_seed2,189,0.0,10.861253334709595,10.861253334709595,471.8093987898427,0.0,482.6706521245523,0.924265,463.636221,0.0,464.560486
2026-07-16_ttft_component_regression/phase1/input4000_rate2p5_reuse00_seed2,222,0.03519527947135077,16.65812984166035,16.6933251211317,471.8093987898427,0.0,488.5027239109744,2.819081,470.391699,0.0,473.21078
2026-07-16_ttft_component_regression/phase1/input4000_rate2p5_reuse00_seed2,216,0.0049123865120524616,13.727545521526697,13.732457908038748,471.8093987898427,0.0,485.5418566978814,20.180435,469.448006,0.0,489.628441
2026-07-16_ttft_component_regression/phase1/input4000_rate2p5_reuse00_seed2,284,0.0,0.0,0.0,471.8093987898427,0.0,471.8093987898427,0.004754,451.643414,0.0,451.648168
2026-07-16_ttft_component_regression/phase1/input4000_rate2p5_reuse00_seed2,287,0.019404682744906487,6.477097703657097,6.496502386402003,471.8093987898427,0.0,478.30590117624473,8.317407,452.531401,0.0,460.848808
2026-07-16_ttft_component_regression/phase1/input4000_rate2p5_reuse00_seed2,1,0.0,0.0,0.0,471.8093987898427,0.0,471.8093987898427,0.043342,439.218678,0.0,439.26202
2026-07-16_ttft_component_regression/phase1/input4000_rate2p5_reuse00_seed2,23,0.021389385568043588,6.685797696795755,6.707187082363799,471.8093987898427,0.0,478.5165858722065,10.618682,445.302591,0.0,455.921273
2026-07-16_ttft_component_regression/phase1/input4000_rate2p5_reuse00_seed2,37,0.01817467423043078,12.92964638363681,12.947821057867241,471.8093987898427,0.0,484.75721984770996,10.301489,449.698744,0.0,460.000233
2026-07-16_ttft_component_regression/phase1/input4000_rate2p5_reuse00_seed2,66,0.0,0.0,0.0,471.8093987898427,0.0,471.8093987898427,0.002644,439.218678,0.0,439.221322
2026-07-16_ttft_component_regression/phase1/input4000_rate2p5_reuse00_seed2,73,0.020229739210118843,6.559800356730147,6.580030095940265,471.8093987898427,0.0,478.389428885783,0.828233,444.363039,0.0,445.191272
2026-07-16_ttft_component_regression/phase1/input4000_rate2p5_reuse00_seed2,87,0.018411815368914154,12.914617432528905,12.933029247897819,471.8093987898427,0.0,484.7424280377405,16.526121,449.383256,0.0,465.909377
2026-07-16_ttft_component_regression/phase1/input4000_rate2p5_reuse00_seed2,115,0.01793456201725829,12.94443820343515,12.962372765452407,471.8093987898427,0.0,484.7717715552951,8.288369,449.140216,0.0,457.428585
2026-07-16_ttft_component_regression/phase1/input4000_rate2p5_reuse00_seed2,108,0.021767594539241677,6.72999508498549,6.751762679524732,471.8093987898427,0.0,478.56116146936745,5.394767,445.602783,0.0,450.99755
2026-07-16_ttft_component_regression/phase1/input4000_rate2p5_reuse00_seed2,132,0.018800335092107077,12.889038977575892,12.907839312667999,471.8093987898427,0.0,484.7172381025107,1.739127,449.741496,0.0,451.480623
2026-07-16_ttft_component_regression/phase1/input4000_rate2p5_reuse00_seed2,138,0.0,11.74129449781899,11.74129449781899,471.8093987898427,0.0,483.5506932876617,6.562153,452.643081,0.0,459.205234
2026-07-16_ttft_component_regression/phase1/input4000_rate2p5_reuse00_seed2,152,0.01940407838388506,12.846722993874046,12.866127072257932,471.8093987898427,0.0,484.67552586210064,17.740141,449.610904,0.0,467.351045
2026-07-16_ttft_component_regression/phase1/input4000_rate2p5_reuse00_seed2,157,0.0,11.740980905488199,11.740980905488199,471.8093987898427,0.0,483.5503796953309,16.80125,452.224265,0.0,469.025515
2026-07-16_ttft_component_regression/phase1/input4000_rate2p5_reuse00_seed2,173,0.018800335092107077,12.889038977575892,12.907839312667999,471.8093987898427,0.0,484.7172381025107,8.049876,449.709944,0.0,457.75982
2026-07-16_ttft_component_regression/phase1/input4000_rate2p5_reuse00_seed2,183,0.018490194978329523,12.909554878633445,12.928045073611775,471.8093987898427,0.0,484.7374438634545,15.035599,449.627576,0.0,464.663175
2026-07-16_ttft_component_regression/phase1/input4000_rate2p5_reuse00_seed2,194,0.018014926970707286,12.939533869949095,12.957548796919802,471.8093987898427,0.0,484.7669475867625,18.208327,449.21756,0.0,467.425887
2026-07-16_ttft_component_regression/phase1/input4000_rate2p5_reuse00_seed2,206,0.0,11.740044436852868,11.740044436852868,471.8093987898427,0.0,483.5494432266956,4.952946,452.538857,0.0,457.491803
2026-07-16_ttft_component_regression/phase1/input4000_rate2p5_reuse00_seed2,242,0.018877017824534235,12.883843364900384,12.902720382724919,471.8093987898427,0.0,484.7121191725676,8.745347,459.594502,0.0,468.339849
2026-07-16_ttft_component_regression/phase1/input4000_rate2p5_reuse00_seed2,237,0.02099235196554329,6.641175179909498,6.662167531875041,471.8093987898427,0.0,478.4715663217177,13.371456,460.261975,0.0,473.633431
2026-07-16_ttft_component_regression/phase1/input4000_rate2p5_reuse00_seed2,250,0.0,10.865660180640909,10.865660180640909,471.8093987898427,0.0,482.67505897048363,13.437279,690.42605,0.0,703.863329
2026-07-16_ttft_component_regression/phase1/input4000_rate2p5_reuse00_seed2,243,0.01895335655217631,12.878621011762487,12.897574368314663,471.8093987898427,0.0,484.7069731581574,12.503853,454.520444,0.0,467.024297
2026-07-16_ttft_component_regression/phase1/input4000_rate2p5_reuse00_seed2,249,0.0,11.741092528883255,11.741092528883255,471.8093987898427,0.0,483.55049131872596,17.968152,459.610245,0.0,477.578397
2026-07-16_ttft_component_regression/phase1/input4000_rate2p5_reuse00_seed2,251,0.0,12.213570245855237,12.213570245855237,471.8093987898427,0.0,484.02296903569794,228.516868,468.551911,0.0,697.068779
2026-07-16_ttft_component_regression/phase1/input4000_rate2p5_reuse00_seed2,264,0.00683419239712491,15.064687704993323,15.071521897390449,471.8093987898427,0.0,486.88092068723313,15.484976,466.467538,0.0,481.952514
2026-07-16_ttft_component_regression/phase1/input4000_rate2p5_reuse00_seed2,298,0.0,0.0,0.0,471.8093987898427,0.0,471.8093987898427,0.004256,453.613466,0.0,453.617722
2026-07-16_ttft_component_regression/phase1/input4000_rate2p5_reuse00_seed2,6,0.0,0.0,0.0,471.8093987898427,0.0,471.8093987898427,0.037597,443.684226,0.0,443.721823
2026-07-16_ttft_component_regression/phase1/input4000_rate2p5_reuse00_seed2,7,0.020828231438017007,6.623208318929981,6.644036550367998,471.8093987898427,0.0,478.4534353402107,102.234367,665.177248,0.0,767.411615
2026-07-16_ttft_component_regression/phase1/input4000_rate2p5_reuse00_seed2,33,0.018723309898157767,12.894207892340402,12.91293120223856,471.8093987898427,0.0,484.72232999208126,3.047775,453.835739,0.0,456.883514
2026-07-16_ttft_component_regression/phase1/input4000_rate2p5_reuse00_seed2,35,0.0,10.879684622828776,10.879684622828776,471.8093987898427,0.0,482.6890834126715,11.110885,453.517901,0.0,464.628786
2026-07-16_ttft_component_regression/phase1/input4000_rate2p5_reuse00_seed2,34,0.0,11.740908271786045,11.740908271786045,471.8093987898427,0.0,483.55030706162876,219.093553,678.579071,0.0,897.672624
2026-07-16_ttft_component_regression/phase1/input4000_rate2p5_reuse00_seed2,50,0.009599652061254927,15.244721332046034,15.254320984107288,471.8093987898427,0.0,487.06371977394997,11.86888,459.909446,0.0,471.778326
2026-07-16_ttft_component_regression/phase1/input4000_rate2p5_reuse00_seed2,42,0.0,12.27561521042949,12.27561521042949,471.8093987898427,0.0,484.08501400027217,11.979988,457.241737,0.0,469.221725
2026-07-16_ttft_component_regression/phase1/input4000_rate2p5_reuse00_seed2,43,0.009719460092246989,15.252627183888483,15.262346643980731,471.8093987898427,0.0,487.0717454338234,69.779451,459.510598,0.0,529.290049
2026-07-16_ttft_component_regression/phase1/input4000_rate2p5_reuse00_seed2,56,0.03794961654348092,18.447523512996295,18.485473129539777,471.8093987898427,0.0,490.2948719193825,5.531129,462.487434,0.0,468.018563
2026-07-16_ttft_component_regression/phase1/input4000_rate2p5_reuse00_seed2,59,0.03801464667804991,21.14509321242582,21.18310785910387,471.8093987898427,0.0,492.9925066489466,9.468746,461.864106,0.0,471.332852
2026-07-16_ttft_component_regression/phase1/input4000_rate2p5_reuse00_seed2,61,0.038977043566260736,21.05802628934074,21.097003332907,471.8093987898427,0.0,492.9064021227497,19.08895,463.682349,0.0,482.771299
2026-07-16_ttft_component_regression/phase1/input4000_rate2p5_reuse00_seed2,74,0.0,22.73473310391357,22.73473310391357,471.8093987898427,0.0,494.5441318937563,2.436151,467.571005,0.0,470.007156
2026-07-16_ttft_component_regression/phase1/input4000_rate2p5_reuse00_seed2,83,0.0,22.727761537851997,22.727761537851997,471.8093987898427,0.0,494.5371603276947,1.678538,468.434813,0.0,470.113351
2026-07-16_ttft_component_regression/phase1/input4000_rate2p5_reuse00_seed2,90,0.0,22.701145481479823,22.701145481479823,471.8093987898427,0.0,494.51054427132254,15.095468,467.622877,0.0,482.718345
2026-07-16_ttft_component_regression/phase1/input4000_rate2p5_reuse00_seed2,86,0.0,23.742759894917047,23.742759894917047,471.8093987898427,0.0,495.5521586847598,2.99715,471.314871,0.0,474.312021
2026-07-16_ttft_component_regression/phase1/input4000_rate2p5_reuse00_seed2,102,0.03509882188672682,18.087038161076507,18.122136982963234,471.8093987898427,0.0,489.93153577280594,8.519389,470.535815,0.0,479.055204
2026-07-16_ttft_component_regression/phase1/input4000_rate2p5_reuse00_seed2,97,0.0,22.73473310391357,22.73473310391357,471.8093987898427,0.0,494.5441318937563,12.821932,468.234493,0.0,481.056425
2026-07-16_ttft_component_regression/phase1/input4000_rate2p5_reuse00_seed2,119,0.0,12.144231752091533,12.144231752091533,471.8093987898427,0.0,483.9536305419342,17.2295,467.501744,0.0,484.731244
2026-07-16_ttft_component_regression/phase1/input4000_rate2p5_reuse00_seed2,125,0.004541190630478204,14.918689835760338,14.923231026390816,471.8093987898427,0.0,486.7326298162335,16.954179,469.669088,0.0,486.623267
2026-07-16_ttft_component_regression/phase1/input4000_rate2p5_reuse00_seed2,141,0.0,11.741153576524951,11.741153576524951,471.8093987898427,0.0,483.55055236636764,2.144181,463.791232,0.0,465.935413
2026-07-16_ttft_component_regression/phase1/input4000_rate2p5_reuse00_seed2,145,0.0,10.860408656342509,10.860408656342509,471.8093987898427,0.0,482.6698074461852,12.037427,459.946568,0.0,471.983995
2026-07-16_ttft_component_regression/phase1/input4000_rate2p5_reuse00_seed2,159,0.019180293272411872,12.862793088041855,12.881973381314266,471.8093987898427,0.0,484.69137217115696,2.145981,456.642105,0.0,458.788086
2026-07-16_ttft_component_regression/phase1/input4000_rate2p5_reuse00_seed2,182,0.01996170407975277,6.532378695873924,6.552340399953677,471.8093987898427,0.0,478.36173918979637,10.471071,456.124358,0.0,466.595429
2026-07-16_ttft_component_regression/phase1/input4000_rate2p5_reuse00_seed2,190,0.020745028799303924,6.614199806350818,6.634944835150122,471.8093987898427,0.0,478.4443436249928,10.120425,450.251438,0.0,460.371863
2026-07-16_ttft_component_regression/phase1/input4000_rate2p5_reuse00_seed2,227,0.021259544138490776,6.114793032676721,6.136052576815211,471.8093987898427,0.0,477.9454513666579,10.770165,455.848159,0.0,466.618324
2026-07-16_ttft_component_regression/phase1/input4000_rate2p5_reuse00_seed2,255,0.0,11.741221882506533,11.741221882506533,471.8093987898427,0.0,483.5506206723492,92.700152,454.483352,0.0,547.183504
2026-07-16_ttft_component_regression/phase1/input4000_rate2p5_reuse00_seed2,253,0.01793456201725829,12.94443820343515,12.962372765452407,471.8093987898427,0.0,484.7717715552951,2.392103,456.358919,0.0,458.751022
2026-07-16_ttft_component_regression/phase1/input4000_rate2p5_reuse00_seed2,252,0.0218409916706771,6.738783092717795,6.760624084388472,471.8093987898427,0.0,478.5700228742312,8.615723,457.99671,0.0,466.612433
2026-07-16_ttft_component_regression/phase1/input4000_rate2p5_reuse00_seed2,267,0.0,11.741232983171493,11.741232983171493,471.8093987898427,0.0,483.5506317730142,1.159578,459.241589,0.0,460.401167
2026-07-16_ttft_component_regression/phase1/input4000_rate2p5_reuse00_seed2,283,0.018800335092107077,12.889038977575892,12.907839312667999,471.8093987898427,0.0,484.7172381025107,0.519253,461.213157,0.0,461.73241
2026-07-16_ttft_component_regression/phase1/input4000_rate2p5_reuse00_seed2,0,0.0,0.0,0.0,471.8093987898427,0.0,471.8093987898427,0.0,439.218678,0.0,439.218678
2026-07-16_ttft_component_regression/phase1/input4000_rate2p5_reuse00_seed2,21,0.020404572568091795,6.577999566758647,6.598404139326739,471.8093987898427,0.0,478.40780292916946,7.745797,445.220063,0.0,452.96586
2026-07-16_ttft_component_regression/phase1/input4000_rate2p5_reuse00_seed2,51,0.0,0.0,0.0,471.8093987898427,0.0,471.8093987898427,0.008265,439.218678,0.0,439.226943
2026-07-16_ttft_component_regression/phase1/input4000_rate2p5_reuse00_seed2,63,0.021389385568043588,6.685797696795755,6.707187082363799,471.8093987898427,0.0,478.5165858722065,6.444933,445.061375,0.0,451.506308
2026-07-16_ttft_component_regression/phase1/input4000_rate2p5_reuse00_seed2,69,0.017609862689339652,12.963793868341835,12.981403731031174,471.8093987898427,0.0,484.79080252087385,15.09403,453.196731,0.0,468.290761
2026-07-16_ttft_component_regression/phase1/input4000_rate2p5_reuse00_seed2,71,0.0,11.739520170613545,11.739520170613545,471.8093987898427,0.0,483.54891896045626,158.512464,677.733951,0.0,836.246415
2026-07-16_ttft_component_regression/phase1/input4000_rate2p5_reuse00_seed2,99,0.0,11.739376403633674,11.739376403633674,471.8093987898427,0.0,483.5487751934764,0.079545,453.147305,0.0,453.22685
2026-07-16_ttft_component_regression/phase1/input4000_rate2p5_reuse00_seed2,130,0.020576332371479093,6.59613283590368,6.616709168275159,471.8093987898427,0.0,478.4261079581179,2.92726,446.051839,0.0,448.979099
2026-07-16_ttft_component_regression/phase1/input4000_rate2p5_reuse00_seed2,140,0.0185682382982576,12.904465799660297,12.923034037958555,471.8093987898427,0.0,484.73243282780123,9.718735,448.769784,0.0,458.488519
2026-07-16_ttft_component_regression/phase1/input4000_rate2p5_reuse00_seed2,139,0.020576332371479093,6.59613283590368,6.616709168275159,471.8093987898427,0.0,478.4261079581179,16.841858,445.144703,0.0,461.986561
2026-07-16_ttft_component_regression/phase1/input4000_rate2p5_reuse00_seed2,160,0.0185682382982576,12.904465799660297,12.923034037958555,471.8093987898427,0.0,484.73243282780123,13.707049,449.736504,0.0,463.443553
2026-07-16_ttft_component_regression/phase1/input4000_rate2p5_reuse00_seed2,161,0.0,11.741305777376587,11.741305777376587,471.8093987898427,0.0,483.55070456721927,157.285902,452.030793,0.0,609.316695
2026-07-16_ttft_component_regression/phase1/input4000_rate2p5_reuse00_seed2,184,0.019769936785618863,12.819398354490026,12.839168291275644,471.8093987898427,0.0,484.64856708111836,16.800957,450.083832,0.0,466.884789
2026-07-16_ttft_component_regression/phase1/input4000_rate2p5_reuse00_seed2,195,0.019779142537490912,6.514016227379186,6.533795369916677,471.8093987898427,0.0,478.3431941597594,9.14996,444.943231,0.0,454.093191
2026-07-16_ttft_component_regression/phase1/input4000_rate2p5_reuse00_seed2,217,0.0,11.74119680537556,11.74119680537556,471.8093987898427,0.0,483.5505955952183,2.485341,452.377385,0.0,454.862726
2026-07-16_ttft_component_regression/phase1/input4000_rate2p5_reuse00_seed2,205,0.018800335092107077,12.889038977575892,12.907839312667999,471.8093987898427,0.0,484.7172381025107,11.346582,449.23052,0.0,460.577102
2026-07-16_ttft_component_regression/phase1/input4000_rate2p5_reuse00_seed2,233,0.018094964889121684,12.934603278396409,12.95269824328553,471.8093987898427,0.0,484.7620970331282,0.565932,461.428433,0.0,461.994365
2026-07-16_ttft_component_regression/phase1/input4000_rate2p5_reuse00_seed2,248,0.017196815225375816,12.987403164193399,13.004599979418774,471.8093987898427,0.0,484.8139987692615,62.757227,684.675938,0.0,747.433165
2026-07-16_ttft_component_regression/phase1/input4000_rate2p5_reuse00_seed2,257,0.0,11.740670946671584,11.740670946671584,471.8093987898427,0.0,483.5500697365143,18.952363,458.99247,0.0,477.944833
2026-07-16_ttft_component_regression/phase1/input4000_rate2p5_reuse00_seed2,247,0.0218409916706771,6.738783092717795,6.760624084388472,471.8093987898427,0.0,478.5700228742312,6.456429,461.778081,0.0,468.23451
2026-07-16_ttft_component_regression/phase1/input4000_rate2p5_reuse00_seed2,288,0.0,0.0,0.0,471.8093987898427,0.0,471.8093987898427,0.028023,453.486366,0.0,453.514389
2026-07-16_ttft_component_regression/phase1/input4000_rate2p5_reuse00_seed2,292,0.020828231438017007,6.623208318929981,6.644036550367998,471.8093987898427,0.0,478.4534353402107,12.739518,454.057585,0.0,466.797103
2026-07-16_ttft_component_regression/phase1/input4000_rate2p5_reuse00_seed2,2,0.0,0.0,0.0,471.8093987898427,0.0,471.8093987898427,0.223743,439.218678,0.0,439.442421
2026-07-16_ttft_component_regression/phase1/input4000_rate2p5_reuse00_seed2,13,0.0,11.741153576524951,11.741153576524951,471.8093987898427,0.0,483.55055236636764,54.709595,455.415647,0.0,510.125242
2026-07-16_ttft_component_regression/phase1/input4000_rate2p5_reuse00_seed2,5,0.019499467909973665,6.486351414909682,6.505850882819655,471.8093987898427,0.0,478.31524967266233,6.5344,444.379743,0.0,450.914143
2026-07-16_ttft_component_regression/phase1/input4000_rate2p5_reuse00_seed2,20,0.0044204377194909175,14.911077032358452,14.915497470077943,471.8093987898427,0.0,486.7248962599206,20.135693,458.325734,0.0,478.461427
2026-07-16_ttft_component_regression/phase1/input4000_rate2p5_reuse00_seed2,15,0.0,199.81104074458705,199.81104074458705,471.8093987898427,0.0,671.6204395344298,650.088413,673.380553,0.0,1323.468966
2026-07-16_ttft_component_regression/phase1/input4000_rate2p5_reuse00_seed2,14,0.0,201.47100057652793,201.47100057652793,471.8093987898427,0.0,673.2803993663706,274.396703,694.600088,0.0,968.996791
2026-07-16_ttft_component_regression/phase1/input4000_rate2p5_reuse00_seed2,11,0.01895335655217631,12.878621011762487,12.897574368314663,471.8093987898427,0.0,484.7069731581574,10.953236,448.466264,0.0,459.4195
2026-07-16_ttft_component_regression/phase1/input4000_rate2p5_reuse00_seed2,25,0.035483236016643355,18.13221145655626,18.1676946925729,471.8093987898427,0.0,489.9770934824156,10.775532,460.781066,0.0,471.556598
2026-07-16_ttft_component_regression/phase1/input4000_rate2p5_reuse00_seed2,46,0.04053088149612041,20.883366572643208,20.92389745413933,471.8093987898427,0.0,492.733296243982,2.722778,464.849101,0.0,467.571879
2026-07-16_ttft_component_regression/phase1/input4000_rate2p5_reuse00_seed2,48,0.0401930366863895,20.92611951358734,20.96631255027373,471.8093987898427,0.0,492.77571134011646,16.235192,464.653261,0.0,480.888453
2026-07-16_ttft_component_regression/phase1/input4000_rate2p5_reuse00_seed2,79,0.021232840148872754,6.667999412430763,6.689232252579636,471.8093987898427,0.0,478.49863104242235,3.654077,446.165727,0.0,449.819804
2026-07-16_ttft_component_regression/phase1/input4000_rate2p5_reuse00_seed2,92,0.01785387157070129,12.949316324247599,12.9671701958183,471.8093987898427,0.0,484.776568985661,116.540698,671.688893,0.0,788.229591
2026-07-16_ttft_component_regression/phase1/input4000_rate2p5_reuse00_seed2,95,0.0,11.741092528883255,11.741092528883255,471.8093987898427,0.0,483.55049131872596,12.637731,455.895679,0.0,468.53341
2026-07-16_ttft_component_regression/phase1/input4000_rate2p5_reuse00_seed2,91,0.02146652814583479,6.69467135136477,6.716137879510605,471.8093987898427,0.0,478.5255366693533,12.61081,449.217245,0.0,461.828055
2026-07-16_ttft_component_regression/phase1/input4000_rate2p5_reuse00_seed2,96,0.0,10.866578702301192,10.866578702301192,471.8093987898427,0.0,482.6759774921439,217.590095,681.532846,0.0,899.122941
2026-07-16_ttft_component_regression/phase1/input4000_rate2p5_reuse00_seed2,123,0.0,12.21827898812421,12.21827898812421,471.8093987898427,0.0,484.0276777779669,1.861912,457.736681,0.0,459.598593
2026-07-16_ttft_component_regression/phase1/input4000_rate2p5_reuse00_seed2,149,0.021913643627608847,6.747553849343766,6.7694674929713745,471.8093987898427,0.0,478.5788662828141,2.348909,459.225401,0.0,461.57431
2026-07-16_ttft_component_regression/phase1/input4000_rate2p5_reuse00_seed2,163,0.020661062869761073,6.6051746306588095,6.625835693528571,471.8093987898427,0.0,478.4352344833713,12.228426,457.404879,0.0,469.633305
2026-07-16_ttft_component_regression/phase1/input4000_rate2p5_reuse00_seed2,172,0.01793456201725829,12.94443820343515,12.962372765452407,471.8093987898427,0.0,484.7717715552951,11.879364,460.511209,0.0,472.390573
2026-07-16_ttft_component_regression/phase1/input4000_rate2p5_reuse00_seed2,196,0.020828231438017007,6.623208318929981,6.644036550367998,471.8093987898427,0.0,478.4534353402107,8.14997,459.895053,0.0,468.045023
2026-07-16_ttft_component_regression/phase1/input4000_rate2p5_reuse00_seed2,209,0.0,11.741141837766419,11.741141837766419,471.8093987898427,0.0,483.5505406276091,5.721183,462.459408,0.0,468.180591
2026-07-16_ttft_component_regression/phase1/input4000_rate2p5_reuse00_seed2,198,0.01785387157070129,12.949316324247599,12.9671701958183,471.8093987898427,0.0,484.776568985661,3.869165,459.907499,0.0,463.776664
2026-07-16_ttft_component_regression/phase1/input4000_rate2p5_reuse00_seed2,224,0.0,9.945441886043731,9.945441886043731,471.8093987898427,0.0,481.75484067588644,13.669579,457.265987,0.0,470.935566
2026-07-16_ttft_component_regression/phase1/input4000_rate2p5_reuse00_seed2,220,0.0,11.74118497829326,11.74118497829326,471.8093987898427,0.0,483.55058376813594,18.166617,459.42496,0.0,477.591577
2026-07-16_ttft_component_regression/phase1/input4000_rate2p5_reuse00_seed2,236,0.0,10.87752455994749,10.87752455994749,471.8093987898427,0.0,482.6869233497902,18.097764,464.938745,0.0,483.036509
2026-07-16_ttft_component_regression/phase1/input4000_rate2p5_reuse00_seed2,262,0.0,11.740275136336416,11.740275136336416,471.8093987898427,0.0,483.54967392617914,71.069501,691.575881,0.0,762.645382
2026-07-16_ttft_component_regression/phase1/input4000_rate2p5_reuse00_seed2,256,0.0218409916706771,6.738783092717795,6.760624084388472,471.8093987898427,0.0,478.5700228742312,6.875543,459.645615,0.0,466.521158
2026-07-16_ttft_component_regression/phase1/input4000_rate2p5_reuse00_seed2,261,0.016945234943461847,13.001258848810878,13.01820408375434,471.8093987898427,0.0,484.827602873597,0.637439,466.890802,0.0,467.528241
2026-07-16_ttft_component_regression/phase1/input4000_rate2p5_reuse00_seed2,265,0.0,10.885320517003807,10.885320517003807,471.8093987898427,0.0,482.69471930684654,19.688061,458.005005,0.0,477.693066
2026-07-16_ttft_component_regression/phase1/input4000_rate2p5_reuse00_seed2,275,0.0,10.871360709869867,10.871360709869867,471.8093987898427,0.0,482.68075949971256,16.327559,460.275822,0.0,476.603381
2026-07-16_ttft_component_regression/phase1/input4000_rate2p5_reuse00_seed2,293,0.0,11.741310480965657,11.741310480965657,471.8093987898427,0.0,483.55070927080834,13.56615,468.288698,0.0,481.854848
2026-07-16_ttft_component_regression/phase1/input4000_rate2p5_reuse00_seed2,294,0.0,10.859576054627148,10.859576054627148,471.8093987898427,0.0,482.66897484446986,17.424812,465.33847,0.0,482.763282
2026-07-16_ttft_component_regression/phase1/input4000_rate2p5_reuse00_seed2,297,0.036731494102943886,18.28560326179731,18.322334755900254,471.8093987898427,0.0,490.131733545743,26.200609,475.201932,0.0,501.402541
2026-07-16_ttft_component_regression/phase1/input4000_rate2p5_reuse00_seed2,296,0.00683419239712491,15.064687704993323,15.071521897390449,471.8093987898427,0.0,486.88092068723313,9.66245,468.280736,0.0,477.943186
2026-07-16_ttft_component_regression/phase1/input4000_rate2p5_reuse00_seed2,295,0.0,12.180909755389944,12.180909755389944,471.8093987898427,0.0,483.99030854523266,30.964802,461.702054,0.0,492.666856
2026-07-16_ttft_component_regression/phase1/input4000_rate2p5_reuse00_seed2,8,0.0,0.0,0.0,471.8093987898427,0.0,471.8093987898427,0.013785,443.684226,0.0,443.698011
2026-07-16_ttft_component_regression/phase1/input4000_rate2p5_reuse00_seed2,9,0.02169345092562317,6.721189866358149,6.742883317283772,471.8093987898427,0.0,478.5522821071265,201.070901,665.177248,0.0,866.248149
2026-07-16_ttft_component_regression/phase1/input4000_rate2p5_reuse00_seed2,18,0.016860758790087093,13.005826048683478,13.022686807473566,471.8093987898427,0.0,484.8320855973163,17.920426,448.418904,0.0,466.33933
2026-07-16_ttft_component_regression/phase1/input4000_rate2p5_reuse00_seed2,24,0.0,11.737868185077291,11.737868185077291,471.8093987898427,0.0,483.54726697492,9.593341,451.376649,0.0,460.96999
2026-07-16_ttft_component_regression/phase1/input4000_rate2p5_reuse00_seed2,41,0.0,10.898930288516508,10.898930288516508,471.8093987898427,0.0,482.7083290783592,7.863392,454.659725,0.0,462.523117
2026-07-16_ttft_component_regression/phase1/input4000_rate2p5_reuse00_seed2,55,0.0,12.299955130951396,12.299955130951396,471.8093987898427,0.0,484.1093539207941,8.226858,458.407849,0.0,466.634707
2026-07-16_ttft_component_regression/phase1/input4000_rate2p5_reuse00_seed2,58,0.0,12.227728568875614,12.227728568875614,471.8093987898427,0.0,484.0371273587183,1.128944,457.766377,0.0,458.895321
2026-07-16_ttft_component_regression/phase1/input4000_rate2p5_reuse00_seed2,49,0.0,12.359438355554246,12.359438355554246,471.8093987898427,0.0,484.16883714539694,6.872906,458.198633,0.0,465.071539
2026-07-16_ttft_component_regression/phase1/input4000_rate2p5_reuse00_seed2,81,0.037622290008726085,18.40260941657182,18.440231706580548,471.8093987898427,0.0,490.24963049642326,2.862833,461.877578,0.0,464.740411
2026-07-16_ttft_component_regression/phase1/input4000_rate2p5_reuse00_seed2,68,0.008519556521723448,15.173857740885763,15.182377297407486,471.8093987898427,0.0,486.9917760872502,39.802465,691.050372,0.0,730.852837
2026-07-16_ttft_component_regression/phase1/input4000_rate2p5_reuse00_seed2,65,0.0,12.227728568875614,12.227728568875614,471.8093987898427,0.0,484.0371273587183,9.686863,461.647119,0.0,471.333982
2026-07-16_ttft_component_regression/phase1/input4000_rate2p5_reuse00_seed2,72,0.03845518064206218,18.519266123244602,18.557721303886666,471.8093987898427,0.0,490.36712009372934,14.705711,461.726986,0.0,476.432697
2026-07-16_ttft_component_regression/phase1/input4000_rate2p5_reuse00_seed2,93,0.037622290008726085,18.40260941657182,18.440231706580548,471.8093987898427,0.0,490.24963049642326,1.312702,462.661514,0.0,463.974216
2026-07-16_ttft_component_regression/phase1/input4000_rate2p5_reuse00_seed2,109,0.0,12.246755772370017,12.246755772370017,471.8093987898427,0.0,484.0561545622127,20.66654,458.424553,0.0,479.091093
2026-07-16_ttft_component_regression/phase1/input4000_rate2p5_reuse00_seed2,120,0.03801464667804991,21.14509321242582,21.18310785910387,471.8093987898427,0.0,492.9925066489466,1.23048,473.023136,0.0,474.253616
2026-07-16_ttft_component_regression/phase1/input4000_rate2p5_reuse00_seed2,118,0.03788484307256678,18.438545066481517,18.476429909554085,471.8093987898427,0.0,490.2858286993968,16.853764,462.624682,0.0,479.478446
2026-07-16_ttft_component_regression/phase1/input4000_rate2p5_reuse00_seed2,112,0.008519556521723448,15.173857740885763,15.182377297407486,471.8093987898427,0.0,486.9917760872502,148.868938,460.631142,0.0,609.50008
2026-07-16_ttft_component_regression/phase1/input4000_rate2p5_reuse00_seed2,131,0.0,12.117180617043388,12.117180617043388,471.8093987898427,0.0,483.9265794068861,16.7561,461.698616,0.0,478.454716
2026-07-16_ttft_component_regression/phase1/input4000_rate2p5_reuse00_seed2,142,0.0,12.153336109153084,12.153336109153084,471.8093987898427,0.0,483.9627348989958,5.707229,466.026418,0.0,471.733647
2026-07-16_ttft_component_regression/phase1/input4000_rate2p5_reuse00_seed2,158,0.01833310101274218,12.919653505206387,12.937986606219129,471.8093987898427,0.0,484.7473853960618,3.650176,456.4747,0.0,460.124876
2026-07-16_ttft_component_regression/phase1/input4000_rate2p5_reuse00_seed2,153,0.02131149000077881,6.676907036529317,6.698218526530096,471.8093987898427,0.0,478.5076173163728,7.349975,457.392162,0.0,464.742137
2026-07-16_ttft_component_regression/phase1/input4000_rate2p5_reuse00_seed2,162,0.0,11.741276710205222,11.741276710205222,471.8093987898427,0.0,483.55067550004793,6.17906,456.641583,0.0,462.820643
2026-07-16_ttft_component_regression/phase1/input4000_rate2p5_reuse00_seed2,167,0.0,10.860408656342509,10.860408656342509,471.8093987898427,0.0,482.6698074461852,4.673146,460.888461,0.0,465.561607
2026-07-16_ttft_component_regression/phase1/input4000_rate2p5_reuse00_seed2,175,0.038977043566260736,21.05802628934074,21.097003332907,471.8093987898427,0.0,492.9064021227497,3.798986,470.244596,0.0,474.043582
2026-07-16_ttft_component_regression/phase1/input4000_rate2p5_reuse00_seed2,168,0.0,12.157904604030573,12.157904604030573,471.8093987898427,0.0,483.9673033938733,151.031521,694.563175,0.0,845.594696
2026-07-16_ttft_component_regression/phase1/input4000_rate2p5_reuse00_seed2,181,0.0,23.744910846878838,23.744910846878838,471.8093987898427,0.0,495.55430963672154,21.511742,483.973945,0.0,505.485687
2026-07-16_ttft_component_regression/phase1/input4000_rate2p5_reuse00_seed2,169,0.006593042745761908,15.049200402217869,15.05579344496363,471.8093987898427,0.0,486.86519223480633,9.048014,469.631995,0.0,478.680009
2026-07-16_ttft_component_regression/phase1/input4000_rate2p5_reuse00_seed2,185,0.0,24.410176830119738,24.410176830119738,471.8093987898427,0.0,496.2195756199624,15.257235,486.478341,0.0,501.735576
2026-07-16_ttft_component_regression/phase1/input4000_rate2p5_reuse00_seed2,188,0.0,24.96674750082768,24.96674750082768,471.8093987898427,0.0,496.7761462906704,24.827228,488.735966,0.0,513.563194
2026-07-16_ttft_component_regression/phase1/input4000_rate2p5_reuse00_seed2,179,0.0,22.74831115859158,22.74831115859158,471.8093987898427,0.0,494.5577099484343,12.256731,469.722044,0.0,481.978775
2026-07-16_ttft_component_regression/phase1/input4000_rate2p5_reuse00_seed2,174,0.03721820322733765,18.348644726154866,18.385862929382203,471.8093987898427,0.0,490.1952617192249,11.784889,473.847888,0.0,485.632777
2026-07-16_ttft_component_regression/phase1/input4000_rate2p5_reuse00_seed2,192,0.0,26.11163022054066,26.11163022054066,471.8093987898427,0.0,497.92102901038334,13.986464,491.643549,0.0,505.630013
2026-07-16_ttft_component_regression/phase1/input4000_rate2p5_reuse00_seed2,199,0.19545106646982774,28.15277742412415,28.34822849059398,471.8093987898427,0.0,500.15762728043666,18.882589,491.486017,0.0,510.368606
2026-07-16_ttft_component_regression/phase1/input4000_rate2p5_reuse00_seed2,207,0.19363895976162931,28.138676287894594,28.332315247656222,471.8093987898427,0.0,500.1417140374989,20.458628,493.503626,0.0,513.962254
2026-07-16_ttft_component_regression/phase1/input4000_rate2p5_reuse00_seed2,197,0.0,26.11163022054066,26.11163022054066,471.8093987898427,0.0,497.92102901038334,17.998985,491.611385,0.0,509.61037
2026-07-16_ttft_component_regression/phase1/input4000_rate2p5_reuse00_seed2,221,0.20645235337662227,28.237713994161673,28.444166347538296,471.8093987898427,0.0,500.253565137381,200.461777,492.752386,0.0,693.214163
2026-07-16_ttft_component_regression/phase1/input4000_rate2p5_reuse00_seed2,219,0.0,26.160651495617905,26.160651495617905,471.8093987898427,0.0,497.9700502854606,19.261815,493.707626,0.0,512.969441
2026-07-16_ttft_component_regression/phase1/input4000_rate2p5_reuse00_seed2,210,0.20000809264842317,28.18810005001281,28.388108142661235,471.8093987898427,0.0,500.1975069325039,226.156938,492.039986,0.0,718.196924
2026-07-16_ttft_component_regression/phase1/input4000_rate2p5_reuse00_seed2,234,0.0,26.160651495617905,26.160651495617905,471.8093987898427,0.0,497.9700502854606,7.999085,484.366583,0.0,492.365668
2026-07-16_ttft_component_regression/phase1/input4000_rate2p5_reuse00_seed2,231,0.21767546474530167,28.323182479760504,28.540857944505806,471.8093987898427,0.0,500.35025673434853,114.557503,481.619016,0.0,596.176519
2026-07-16_ttft_component_regression/phase1/input4000_rate2p5_reuse00_seed2,230,0.005118518515643611,26.21577939452954,26.220897913045185,471.8093987898427,0.0,498.0302967028879,0.481621,483.61125,0.0,484.092871
2026-07-16_ttft_component_regression/phase1/input4000_rate2p5_reuse00_seed2,246,0.0,22.727761537851997,22.727761537851997,471.8093987898427,0.0,494.5371603276947,2.118724,483.382404,0.0,485.501128
2026-07-16_ttft_component_regression/phase1/input4000_rate2p5_reuse00_seed2,259,0.0,11.740670946671584,11.740670946671584,471.8093987898427,0.0,483.5500697365143,16.708516,464.319248,0.0,481.027764
2026-07-16_ttft_component_regression/phase1/input4000_rate2p5_reuse00_seed2,266,0.0,11.739658925474568,11.739658925474568,471.8093987898427,0.0,483.54905771531725,12.677365,412.576821,0.0,425.254186
2026-07-16_ttft_component_regression/phase1/input4000_rate2p5_reuse00_seed2,273,0.017113264701009632,12.992047454785416,13.009160719486426,471.8093987898427,0.0,484.81855950932913,9.895253,453.070618,0.0,462.965871
2026-07-16_ttft_component_regression/phase1/input4000_rate2p5_reuse00_seed2,276,0.0,11.739074105534796,11.739074105534796,471.8093987898427,0.0,483.5484728953775,2.072773,460.577748,0.0,462.650521
2026-07-16_ttft_component_regression/phase1/input4000_rate2p5_reuse00_seed2,281,0.0,10.900250233555377,10.900250233555377,471.8093987898427,0.0,482.7096490233981,16.42825,461.597979,0.0,478.026229
2026-07-16_ttft_component_regression/phase1/input4000_rate2p5_reuse00_seed2,32,0.02099235196554329,6.641175179909498,6.662167531875041,471.8093987898427,0.0,478.4715663217177,12.320266,444.359903,0.0,456.680169
2026-07-16_ttft_component_regression/phase1/input4000_rate2p5_reuse00_seed2,27,0.0,0.0,0.0,471.8093987898427,0.0,471.8093987898427,0.003329,439.218678,0.0,439.222007
2026-07-16_ttft_component_regression/phase1/input4000_rate2p5_reuse00_seed2,54,0.0185682382982576,12.904465799660297,12.923034037958555,471.8093987898427,0.0,484.73243282780123,18.351852,450.220376,0.0,468.572228
2026-07-16_ttft_component_regression/phase1/input4000_rate2p5_reuse00_seed2,67,0.019686696556639512,6.504810724178044,6.524497420734683,471.8093987898427,0.0,478.3338962105774,13.875184,444.870431,0.0,458.745615
2026-07-16_ttft_component_regression/phase1/input4000_rate2p5_reuse00_seed2,75,0.01910499581959689,12.86809591521994,12.887200911039535,471.8093987898427,0.0,484.69659970088225,7.616505,448.984696,0.0,456.601201
2026-07-16_ttft_component_regression/phase1/input4000_rate2p5_reuse00_seed2,105,0.01833310101274218,12.919653505206387,12.937986606219129,471.8093987898427,0.0,484.7473853960618,127.498133,673.313053,0.0,800.811186
2026-07-16_ttft_component_regression/phase1/input4000_rate2p5_reuse00_seed2,106,0.0,11.741276710205222,11.741276710205222,471.8093987898427,0.0,483.55067550004793,154.151327,451.731689,0.0,605.883016
2026-07-16_ttft_component_regression/phase1/input4000_rate2p5_reuse00_seed2,104,0.021618559524201136,6.712367477323593,6.733986036847794,471.8093987898427,0.0,478.5433848266905,8.058272,450.668989,0.0,458.727261
2026-07-16_ttft_component_regression/phase1/input4000_rate2p5_reuse00_seed2,117,0.0,10.871360709869867,10.871360709869867,471.8093987898427,0.0,482.68075949971256,14.391823,453.815565,0.0,468.207388
2026-07-16_ttft_component_regression/phase1/input4000_rate2p5_reuse00_seed2,143,0.016860758790087093,13.005826048683478,13.022686807473566,471.8093987898427,0.0,484.8320855973163,6.040946,450.568984,0.0,456.60993
2026-07-16_ttft_component_regression/phase1/input4000_rate2p5_reuse00_seed2,154,0.020661062869761073,6.6051746306588095,6.625835693528571,471.8093987898427,0.0,478.4352344833713,1.533976,445.125791,0.0,446.659767
2026-07-16_ttft_component_regression/phase1/input4000_rate2p5_reuse00_seed2,156,0.0,11.740670946671584,11.740670946671584,471.8093987898427,0.0,483.5500697365143,220.39824,451.221417,0.0,671.619657
2026-07-16_ttft_component_regression/phase1/input4000_rate2p5_reuse00_seed2,155,0.01793456201725829,12.94443820343515,12.962372765452407,471.8093987898427,0.0,484.7717715552951,171.580855,448.731064,0.0,620.311919
2026-07-16_ttft_component_regression/phase1/input4000_rate2p5_reuse00_seed2,164,0.0,10.886488645037732,10.886488645037732,471.8093987898427,0.0,482.69588743488043,5.184883,453.750989,0.0,458.935872
2026-07-16_ttft_component_regression/phase1/input4000_rate2p5_reuse00_seed2,178,0.0,12.280462132850937,12.280462132850937,471.8093987898427,0.0,484.0898609226936,18.346099,458.083721,0.0,476.42982
2026-07-16_ttft_component_regression/phase1/input4000_rate2p5_reuse00_seed2,201,0.5252351599750126,28.120879398549878,28.64611455852489,471.8093987898427,0.6224345573171607,501.07794790568477,143.767682,689.117175,0.613411,833.498268
2026-07-16_ttft_component_regression/phase1/input4000_rate2p5_reuse00_seed2,203,0.5252351599750126,28.120879398549878,28.64611455852489,471.8093987898427,0.6224345573171607,501.07794790568477,89.912135,457.98344,0.613411,548.508986
2026-07-16_ttft_component_regression/phase1/input4000_rate2p5_reuse00_seed2,200,0.016755832558030728,11.907906947755574,11.924662780313605,471.8093987898427,0.0,483.7340615701563,7.934083,454.556059,0.0,462.490142
2026-07-16_ttft_component_regression/phase1/input4000_rate2p5_reuse00_seed2,238,0.02169345092562317,6.721189866358149,6.742883317283772,471.8093987898427,0.0,478.5522821071265,8.802563,461.868874,0.0,470.671437
2026-07-16_ttft_component_regression/phase1/input4000_rate2p5_reuse00_seed2,263,0.020745028799303924,6.614199806350818,6.634944835150122,471.8093987898427,0.0,478.4443436249928,9.67971,447.254058,0.0,456.933768
2026-07-16_ttft_component_regression/phase1/input4000_rate2p5_reuse00_seed2,269,0.019870811293391084,6.5232055668584,6.543076378151791,471.8093987898427,0.0,478.3524751679945,11.039712,459.391491,0.0,470.431203
2026-07-16_ttft_component_regression/phase1/input4000_rate2p5_reuse00_seed2,272,0.0,11.740580362726337,11.740580362726337,471.8093987898427,0.0,483.54997915256905,189.980552,690.127304,0.0,880.107856
2026-07-16_ttft_component_regression/phase1/input4000_rate2p5_reuse00_seed2,277,0.0,10.872355455375066,10.872355455375066,471.8093987898427,0.0,482.68175424521775,0.017707,463.67556,0.0,463.693267
2026-07-16_ttft_component_regression/phase1/input4000_rate2p5_reuse00_seed2,278,0.0,12.246755772370017,12.246755772370017,471.8093987898427,0.0,484.0561545622127,4.453319,471.741126,0.0,476.194445
2026-07-16_ttft_component_regression/phase1/input4000_rate2p5_reuse00_seed2,286,0.007677535719816008,15.119108269918499,15.126785805638315,471.8093987898427,0.0,486.936184595481,5.132325,468.550704,0.0,473.683029
2026-07-16_ttft_component_regression/phase1/input4000_rate2p5_reuse00_seed2,271,0.01744559089784467,12.973315344515584,12.990760935413428,471.8093987898427,0.0,484.80015972525615,29.253402,464.767601,0.0,494.021003
2026-07-16_ttft_component_regression/phase1/input4000_rate2p5_reuse00_seed2,290,0.009119997809103265,15.21316179798456,15.222281795793663,471.8093987898427,0.0,487.03168058563637,10.182339,467.955074,0.0,478.137413
2026-07-16_ttft_component_regression/phase1/input4000_rate2p5_reuse00_seed2,3,0.0,0.0,0.0,471.8093987898427,0.0,471.8093987898427,0.04321,439.218678,0.0,439.261888
2026-07-16_ttft_component_regression/phase1/input4000_rate2p5_reuse00_seed2,12,0.018411815368914154,12.914617432528905,12.933029247897819,471.8093987898427,0.0,484.7424280377405,5.908806,448.49068,0.0,454.399486
2026-07-16_ttft_component_regression/phase1/input4000_rate2p5_reuse00_seed2,4,0.02099235196554329,6.641175179909498,6.662167531875041,471.8093987898427,0.0,478.4715663217177,5.083603,444.335775,0.0,449.419378
2026-07-16_ttft_component_regression/phase1/input4000_rate2p5_reuse00_seed2,19,0.0,11.740580362726337,11.740580362726337,471.8093987898427,0.0,483.54997915256905,10.155875,451.187049,0.0,461.342924
2026-07-16_ttft_component_regression/phase1/input4000_rate2p5_reuse00_seed2,47,0.0,10.883025411829045,10.883025411829045,471.8093987898427,0.0,482.69242420167177,11.805097,454.768877,0.0,466.573974
2026-07-16_ttft_component_regression/phase1/input4000_rate2p5_reuse00_seed2,45,0.0,11.739376403633674,11.739376403633674,471.8093987898427,0.0,483.5487751934764,9.558787,453.145417,0.0,462.704204
2026-07-16_ttft_component_regression/phase1/input4000_rate2p5_reuse00_seed2,52,0.0,10.883025411829045,10.883025411829045,471.8093987898427,0.0,482.69242420167177,18.341008,454.693709,0.0,473.034717
2026-07-16_ttft_component_regression/phase1/input4000_rate2p5_reuse00_seed2,70,0.0,10.868453426742244,10.868453426742244,471.8093987898427,0.0,482.67785221658494,0.682235,454.128205,0.0,454.81044
2026-07-16_ttft_component_regression/phase1/input4000_rate2p5_reuse00_seed2,53,0.0,12.295066109849941,12.295066109849941,471.8093987898427,0.0,484.10446489969263,138.038033,457.480233,0.0,595.518266
2026-07-16_ttft_component_regression/phase1/input4000_rate2p5_reuse00_seed2,82,0.0,10.867509762273665,10.867509762273665,471.8093987898427,0.0,482.67690855211634,3.497088,454.819597,0.0,458.316685
2026-07-16_ttft_component_regression/phase1/input4000_rate2p5_reuse00_seed2,98,0.0,11.741221882506533,11.741221882506533,471.8093987898427,0.0,483.5506206723492,12.162463,453.066793,0.0,465.229256
2026-07-16_ttft_component_regression/phase1/input4000_rate2p5_reuse00_seed2,122,0.0,12.222998433209888,12.222998433209888,471.8093987898427,0.0,484.0323972230526,13.261922,432.543708,0.0,445.80563
2026-07-16_ttft_component_regression/phase1/input4000_rate2p5_reuse00_seed2,101,0.018411815368914154,12.914617432528905,12.933029247897819,471.8093987898427,0.0,484.7424280377405,8.483812,448.99132,0.0,457.475132
2026-07-16_ttft_component_regression/phase1/input4000_rate2p5_reuse00_seed2,111,0.0,11.740670946671584,11.740670946671584,471.8093987898427,0.0,483.5500697365143,6.83924,451.784969,0.0,458.624209
2026-07-16_ttft_component_regression/phase1/input4000_rate2p5_reuse00_seed2,113,0.0,10.884166128368488,10.884166128368488,471.8093987898427,0.0,482.69356491821117,68.895505,453.483501,0.0,522.379006
2026-07-16_ttft_component_regression/phase1/input4000_rate2p5_reuse00_seed2,137,0.0,12.290187594899784,12.290187594899784,471.8093987898427,0.0,484.0995863847425,0.914593,458.522825,0.0,459.437418
2026-07-16_ttft_component_regression/phase1/input4000_rate2p5_reuse00_seed2,165,0.021618559524201136,6.712367477323593,6.733986036847794,471.8093987898427,0.0,478.5433848266905,4.269664,460.807457,0.0,465.077121
2026-07-16_ttft_component_regression/phase1/input4000_rate2p5_reuse00_seed2,177,0.021153434719283343,6.659074866639827,6.680228301359111,471.8093987898427,0.0,478.48962709120184,11.806448,458.787481,0.0,470.593929
2026-07-16_ttft_component_regression/phase1/input4000_rate2p5_reuse00_seed2,180,0.017527885686512826,12.968567597406643,12.986095483093155,471.8093987898427,0.0,484.79549427293585,17.05389,457.511849,0.0,474.565739
2026-07-16_ttft_component_regression/phase1/input4000_rate2p5_reuse00_seed2,226,0.020386320388214575,6.024231650127874,6.0446179705160885,471.8093987898427,0.0,477.8540167603588,127.634833,456.279725,0.0,583.914558
2026-07-16_ttft_component_regression/phase1/input4000_rate2p5_reuse00_seed2,225,0.0,0.0,0.0,471.8093987898427,0.0,471.8093987898427,0.002607,454.312517,0.0,454.315124
2026-07-16_ttft_component_regression/phase1/input4000_rate2p5_reuse00_seed2,228,0.01785387157070129,12.949316324247599,12.9671701958183,471.8093987898427,0.0,484.776568985661,0.451355,455.943183,0.0,456.394538
2026-07-16_ttft_component_regression/phase1/input4000_rate2p5_reuse00_seed2,239,0.0,10.876464466585766,10.876464466585766,471.8093987898427,0.0,482.6858632564285,12.523321,462.182637,0.0,474.705958
2026-07-16_ttft_component_regression/phase1/input4000_rate2p5_reuse00_seed2,241,0.0062311864970460845,15.02602126993472,15.032252456431767,471.8093987898427,0.0,486.84165124627447,185.02155,700.260654,0.0,885.282204
2026-07-16_ttft_component_regression/phase1/input4000_rate2p5_reuse00_seed2,229,0.0,11.739792600165961,11.739792600165961,471.8093987898427,0.0,483.5491913900087,0.343417,461.175025,0.0,461.518442
2026-07-16_ttft_component_regression/phase1/input4000_rate2p5_reuse00_seed2,240,0.0,12.213570245855237,12.213570245855237,471.8093987898427,0.0,484.02296903569794,49.313369,717.353147,0.0,766.666516
2026-07-16_ttft_component_regression/phase1/input4000_rate2p5_reuse00_seed2,245,0.036942076060420596,18.312631146658088,18.349573222718508,471.8093987898427,0.0,490.1589720125612,18.331315,475.656788,0.0,493.988103
2026-07-16_ttft_component_regression/phase1/input4000_rate2p5_reuse00_seed2,258,0.03781972258968035,18.429564393659845,18.467384116249526,471.8093987898427,0.0,490.27678290609225,11.96641,468.808077,0.0,480.774487
2026-07-16_ttft_component_regression/phase1/input4000_rate2p5_reuse00_seed2,270,0.0,11.739376403633674,11.739376403633674,471.8093987898427,0.0,483.5487751934764,174.979527,463.497582,0.0,638.477109
2026-07-16_ttft_component_regression/phase1/input4000_rate2p5_reuse00_seed2,268,0.016860758790087093,13.005826048683478,13.022686807473566,471.8093987898427,0.0,484.8320855973163,8.305415,465.063241,0.0,473.368656
2026-07-16_ttft_component_regression/phase1/input4000_rate2p5_reuse00_seed2,22,0.020490836028753633,6.587074466406383,6.607565302435137,471.8093987898427,0.0,478.41696409227785,15.17282,444.661631,0.0,459.834451
2026-07-16_ttft_component_regression/phase1/input4000_rate2p5_reuse00_seed2,10,0.0,0.0,0.0,471.8093987898427,0.0,471.8093987898427,0.02598,439.218678,0.0,439.244658
2026-07-16_ttft_component_regression/phase1/input4000_rate2p5_reuse00_seed2,26,0.01932983609825957,12.852106668449077,12.871436504547336,471.8093987898427,0.0,484.68083529439,15.756605,448.77212,0.0,464.528725
2026-07-16_ttft_component_regression/phase1/input4000_rate2p5_reuse00_seed2,28,0.0,11.74129449781899,11.74129449781899,471.8093987898427,0.0,483.5506932876617,165.763723,451.252393,0.0,617.016116
2026-07-16_ttft_component_regression/phase1/input4000_rate2p5_reuse00_seed2,29,0.0,10.871360709869867,10.871360709869867,471.8093987898427,0.0,482.68075949971256,111.833668,453.079021,0.0,564.912689
2026-07-16_ttft_component_regression/phase1/input4000_rate2p5_reuse00_seed2,38,0.0,12.227728568875614,12.227728568875614,471.8093987898427,0.0,484.0371273587183,8.756952,456.588873,0.0,465.345825
2026-07-16_ttft_component_regression/phase1/input4000_rate2p5_reuse00_seed2,62,0.0,11.740484154342829,11.740484154342829,471.8093987898427,0.0,483.5498829441855,9.017557,453.371657,0.0,462.389214
2026-07-16_ttft_component_regression/phase1/input4000_rate2p5_reuse00_seed2,64,0.0,10.87336313721185,10.87336313721185,471.8093987898427,0.0,482.68276192705457,8.775136,454.919533,0.0,463.694669
2026-07-16_ttft_component_regression/phase1/input4000_rate2p5_reuse00_seed2,84,0.0,11.741103228797478,11.741103228797478,471.8093987898427,0.0,483.5505020186402,2.478148,464.616831,0.0,467.094979
2026-07-16_ttft_component_regression/phase1/input4000_rate2p5_reuse00_seed2,85,0.0,10.851899819623748,10.851899819623748,471.8093987898427,0.0,482.6612986094664,59.728698,644.368817,0.0,704.097515
2026-07-16_ttft_component_regression/phase1/input4000_rate2p5_reuse00_seed2,80,0.01895335655217631,12.878621011762487,12.897574368314663,471.8093987898427,0.0,484.7069731581574,5.640514,449.025592,0.0,454.666106
2026-07-16_ttft_component_regression/phase1/input4000_rate2p5_reuse00_seed2,88,0.0,12.121661783725855,12.121661783725855,471.8093987898427,0.0,483.9310605735686,10.158608,456.437321,0.0,466.595929
2026-07-16_ttft_component_regression/phase1/input4000_rate2p5_reuse00_seed2,110,0.0,12.180909755389944,12.180909755389944,471.8093987898427,0.0,483.99030854523266,13.229845,457.454217,0.0,470.684062
2026-07-16_ttft_component_regression/phase1/input4000_rate2p5_reuse00_seed2,94,0.005748507783476674,14.99521336898573,15.000961876769207,471.8093987898427,0.0,486.8103606666119,3.082996,459.522662,0.0,462.605658
2026-07-16_ttft_component_regression/phase1/input4000_rate2p5_reuse00_seed2,121,0.007195764950755075,15.087970061842848,15.095165826793602,471.8093987898427,0.0,486.9045646166363,6.425897,460.267206,0.0,466.693103
2026-07-16_ttft_component_regression/phase1/input4000_rate2p5_reuse00_seed2,133,0.0,11.740044436852868,11.740044436852868,471.8093987898427,0.0,483.5494432266956,12.630468,452.758889,0.0,465.389357
2026-07-16_ttft_component_regression/phase1/input4000_rate2p5_reuse00_seed2,148,0.0,10.888866374945698,10.888866374945698,471.8093987898427,0.0,482.6982651647884,204.845328,705.013656,0.0,909.858984
2026-07-16_ttft_component_regression/phase1/input4000_rate2p5_reuse00_seed2,146,0.0,11.738915710530824,11.738915710530824,471.8093987898427,0.0,483.5483145003735,102.72013,466.531616,0.0,569.251746
2026-07-16_ttft_component_regression/phase1/input4000_rate2p5_reuse00_seed2,144,0.01669089163211028,13.014883697034968,13.031574588667079,471.8093987898427,0.0,484.8409733785098,17.714268,456.111882,0.0,473.82615
2026-07-16_ttft_component_regression/phase1/input4000_rate2p5_reuse00_seed2,170,0.0,10.874383821935378,10.874383821935378,471.8093987898427,0.0,482.6837826117781,13.065944,465.982088,0.0,479.048032
2026-07-16_ttft_component_regression/phase1/input4000_rate2p5_reuse00_seed2,186,0.019404682744906487,6.477097703657097,6.496502386402003,471.8093987898427,0.0,478.30590117624473,2.918784,453.207753,0.0,456.126537
2026-07-16_ttft_component_regression/phase1/input4000_rate2p5_reuse00_seed2,214,0.019626672459798197,11.733209530185624,11.752836202645423,471.8093987898427,0.0,483.56223499248813,77.027641,702.238959,0.0,779.2666
2026-07-16_ttft_component_regression/phase1/input4000_rate2p5_reuse00_seed2,213,0.019328360062793412,5.923318320727776,5.94264668079057,471.8093987898427,0.0,477.7520454706333,2.863091,458.779991,0.0,461.643082
2026-07-16_ttft_component_regression/phase1/input4000_rate2p5_reuse00_seed2,215,0.0,10.753975484880215,10.753975484880215,471.8093987898427,0.0,482.56337427472295,383.386276,674.125604,0.0,1057.51188
2026-07-16_ttft_component_regression/phase1/input4000_rate2p5_reuse00_seed2,274,0.0,0.0,0.0,471.8093987898427,0.0,471.8093987898427,0.043674,447.830411,0.0,447.874085
2026-07-16_ttft_component_regression/phase1/input4000_rate2p5_reuse00_seed2,280,0.019686696556639512,6.504810724178044,6.524497420734683,471.8093987898427,0.0,478.3338962105774,14.854799,459.390935,0.0,474.245734
2026-07-16_ttft_component_regression/phase1/input4000_rate2p5_reuse00_seed2,285,0.01969748398853585,12.82491758453103,12.844615068519566,471.8093987898427,0.0,484.65401385836225,9.448765,458.081787,0.0,467.530552
2026-07-16_ttft_component_regression/phase1/input4000_rate2p5_reuse00_seed2,289,0.0,11.740908794328181,11.740908794328181,471.8093987898427,0.0,483.55030758417087,13.026169,458.022218,0.0,471.048387
2026-07-16_ttft_component_regression/phase1/input4000_rate2p5_reuse00_seed2,299,0.0,10.852615261098457,10.852615261098457,471.8093987898427,0.0,482.66201405094114,9.954454,460.764293,0.0,470.718747
2026-07-16_ttft_component_regression/phase1/input4000_rate2p5_reuse00_seed2,31,0.0,0.0,0.0,471.8093987898427,0.0,471.8093987898427,0.005086,439.218678,0.0,439.223764
2026-07-16_ttft_component_regression/phase1/input4000_rate2p5_reuse00_seed2,36,0.02099235196554329,6.641175179909498,6.662167531875041,471.8093987898427,0.0,478.4715663217177,11.834921,444.372479,0.0,456.2074
2026-07-16_ttft_component_regression/phase1/input4000_rate2p5_reuse00_seed2,39,0.01785387157070129,12.949316324247599,12.9671701958183,471.8093987898427,0.0,484.776568985661,13.867444,448.628952,0.0,462.496396
2026-07-16_ttft_component_regression/phase1/input4000_rate2p5_reuse00_seed2,44,0.0,11.739921126640118,11.739921126640118,471.8093987898427,0.0,483.54931991648283,2.375719,451.474601,0.0,453.85032
2026-07-16_ttft_component_regression/phase1/input4000_rate2p5_reuse00_seed2,57,0.0,10.87752455994749,10.87752455994749,471.8093987898427,0.0,482.6869233497902,18.668083,454.775949,0.0,473.444032
2026-07-16_ttft_component_regression/phase1/input4000_rate2p5_reuse00_seed2,60,0.0,12.213570245855237,12.213570245855237,471.8093987898427,0.0,484.02296903569794,11.735612,457.712777,0.0,469.448389
2026-07-16_ttft_component_regression/phase1/input4000_rate2p5_reuse00_seed2,100,0.0,0.0,0.0,471.8093987898427,0.0,471.8093987898427,0.002355,439.218678,0.0,439.221033
2026-07-16_ttft_component_regression/phase1/input4000_rate2p5_reuse00_seed2,116,0.01895335655217631,12.878621011762487,12.897574368314663,471.8093987898427,0.0,484.7069731581574,171.940098,448.600376,0.0,620.540474
2026-07-16_ttft_component_regression/phase1/input4000_rate2p5_reuse00_seed2,114,0.020661062869761073,6.6051746306588095,6.625835693528571,471.8093987898427,0.0,478.4352344833713,1.694156,444.874271,0.0,446.568427
2026-07-16_ttft_component_regression/phase1/input4000_rate2p5_reuse00_seed2,128,0.0,10.867509762273665,10.867509762273665,471.8093987898427,0.0,482.67690855211634,3.568869,453.732109,0.0,457.300978
2026-07-16_ttft_component_regression/phase1/input4000_rate2p5_reuse00_seed2,124,0.0,11.741092528883255,11.741092528883255,471.8093987898427,0.0,483.55049131872596,8.255136,451.326985,0.0,459.582121
2026-07-16_ttft_component_regression/phase1/input4000_rate2p5_reuse00_seed2,134,0.006472440558874782,15.041467094314761,15.047939534873636,471.8093987898427,0.0,486.85733832471635,12.899197,459.771494,0.0,472.670691
2026-07-16_ttft_component_regression/phase1/input4000_rate2p5_reuse00_seed2,135,0.03637397065308019,18.240526192330893,18.276900162983974,471.8093987898427,0.0,490.08629895282667,10.342504,461.74001,0.0,472.082514
2026-07-16_ttft_component_regression/phase1/input4000_rate2p5_reuse00_seed2,129,0.0,12.21827898812421,12.21827898812421,471.8093987898427,0.0,484.0276777779669,19.872755,456.646921,0.0,476.519676
2026-07-16_ttft_component_regression/phase1/input4000_rate2p5_reuse00_seed2,147,0.03637397065308019,18.240526192330893,18.276900162983974,471.8093987898427,0.0,490.08629895282667,16.369754,462.270442,0.0,478.640196
2026-07-16_ttft_component_regression/phase1/input4000_rate2p5_reuse00_seed2,151,0.03644612558538537,18.249544484497207,18.285990610082592,471.8093987898427,0.0,490.0953893999253,19.174505,462.721546,0.0,481.896051
2026-07-16_ttft_component_regression/phase1/input4000_rate2p5_reuse00_seed2,204,0.0,0.0,0.0,471.8093987898427,0.0,471.8093987898427,0.00379,453.295716,0.0,453.299506
2026-07-16_ttft_component_regression/phase1/input4000_rate2p5_reuse00_seed2,208,0.019499467909973665,6.486351414909682,6.505850882819655,471.8093987898427,0.0,478.31524967266233,9.103807,453.737372,0.0,462.841179
2026-07-16_ttft_component_regression/phase1/input4000_rate2p5_reuse00_seed2,211,0.018971625011684038,11.778809140300144,11.797780765311828,471.8093987898427,0.0,483.6071795551545,66.720085,456.795517,0.0,523.515602
2026-07-16_ttft_component_regression/phase1/input4000_rate2p5_reuse00_seed2,212,0.0,10.754076013445005,10.754076013445005,471.8093987898427,0.0,482.5634748032877,52.13035,686.085309,0.0,738.215659
2026-07-16_ttft_component_regression/phase1/input4000_rate2p5_reuse00_seed2,218,0.0,10.866578702301192,10.866578702301192,471.8093987898427,0.0,482.6759774921439,5.660568,466.407508,0.0,472.068076
2026-07-16_ttft_component_regression/phase1/input4000_rate2p5_reuse00_seed2,223,0.0,11.189748193199426,11.189748193199426,471.8093987898427,0.0,482.9991469830421,7.218089,466.249169,0.0,473.467258
2026-07-16_ttft_component_regression/phase1/input4000_rate2p5_reuse00_seed2,232,0.00803858395416353,15.142532481951578,15.150571065905742,471.8093987898427,0.0,486.95996985574845,17.643356,468.193417,0.0,485.836773
2026-07-16_ttft_component_regression/phase1/input4000_rate2p5_reuse00_seed2,235,0.03801404190860173,18.45649969318917,18.494513735097772,471.8093987898427,0.0,490.3039125249405,13.917122,476.693898,0.0,490.61102
2026-07-16_ttft_component_regression/phase1/input4000_rate2p5_reuse00_seed2,244,0.010198239512160734,15.284313801316477,15.294512040828637,471.8093987898427,0.0,487.10391083067134,0.043635,470.581361,0.0,470.624996
2026-07-16_ttft_component_regression/phase1/input4000_rate2p5_reuse00_seed2,254,0.0,12.27561521042949,12.27561521042949,471.8093987898427,0.0,484.08501400027217,16.576208,464.501027,0.0,481.077235
2026-07-16_ttft_component_regression/phase1/input4000_rate2p5_reuse00_seed2,260,0.0,10.885320517003807,10.885320517003807,471.8093987898427,0.0,482.69471930684654,13.114276,462.981424,0.0,476.0957
2026-07-16_ttft_component_regression/phase1/input4000_rate2p5_reuse00_seed2,279,0.02099235196554329,6.641175179909498,6.662167531875041,471.8093987898427,0.0,478.4715663217177,12.881132,459.436629,0.0,472.317761
2026-07-16_ttft_component_regression/phase1/input4000_rate2p5_reuse00_seed2,282,0.018411815368914154,12.914617432528905,12.933029247897819,471.8093987898427,0.0,484.7424280377405,6.767307,459.800818,0.0,466.568125
2026-07-16_ttft_component_regression/phase1/input4000_rate2p5_reuse00_seed2,291,0.0,11.740580362726337,11.740580362726337,471.8093987898427,0.0,483.54997915256905,10.347224,462.555028,0.0,472.902252
2026-07-16_ttft_component_regression/phase1/input4000_rate2p5_reuse00_seed2,16,0.0,0.0,0.0,471.8093987898427,0.0,471.8093987898427,0.00768,439.218678,0.0,439.226358
2026-07-16_ttft_component_regression/phase1/input4000_rate2p5_reuse00_seed2,17,0.020828231438017007,6.623208318929981,6.644036550367998,471.8093987898427,0.0,478.4534353402107,216.823383,444.299839,0.0,661.123222
2026-07-16_ttft_component_regression/phase1/input4000_rate2p5_reuse00_seed2,30,0.018723309898157767,12.894207892340402,12.91293120223856,471.8093987898427,0.0,484.72232999208126,18.332762,449.104152,0.0,467.436914
2026-07-16_ttft_component_regression/phase1/input4000_rate2p5_reuse00_seed2,40,0.0,11.741305777376587,11.741305777376587,471.8093987898427,0.0,483.55070456721927,4.328063,452.429961,0.0,456.758024
2026-07-16_ttft_component_regression/phase1/input4000_rate2p5_reuse00_seed2,77,0.020490836028753633,6.587074466406383,6.607565302435137,471.8093987898427,0.0,478.41696409227785,164.407877,665.177248,0.0,829.585125
2026-07-16_ttft_component_regression/phase1/input4000_rate2p5_reuse00_seed2,78,0.01864594378585388,12.899350152009184,12.917996095795038,471.8093987898427,0.0,484.72739488563775,29.02246,448.397976,0.0,477.420436
2026-07-16_ttft_component_regression/phase1/input4000_rate2p5_reuse00_seed2,76,0.0,0.0,0.0,471.8093987898427,0.0,471.8093987898427,0.013561,443.684226,0.0,443.697787
2026-07-16_ttft_component_regression/phase1/input4000_rate2p5_reuse00_seed2,89,0.0,11.741276710205222,11.741276710205222,471.8093987898427,0.0,483.55067550004793,14.758311,451.790793,0.0,466.549104
2026-07-16_ttft_component_regression/phase1/input4000_rate2p5_reuse00_seed2,107,0.0,10.881898300154381,10.881898300154381,471.8093987898427,0.0,482.6912970899971,16.155334,454.403565,0.0,470.558899
2026-07-16_ttft_component_regression/phase1/input4000_rate2p5_reuse00_seed2,103,0.0,10.871360709869867,10.871360709869867,471.8093987898427,0.0,482.68075949971256,18.063641,454.756013,0.0,472.819654
2026-07-16_ttft_component_regression/phase1/input4000_rate2p5_reuse00_seed2,126,0.0,11.741252482457295,11.741252482457295,471.8093987898427,0.0,483.5506512723,14.026144,452.418761,0.0,466.444905
2026-07-16_ttft_component_regression/phase1/input4000_rate2p5_reuse00_seed2,127,0.0,10.872355455375066,10.872355455375066,471.8093987898427,0.0,482.68175424521775,3.177819,454.047405,0.0,457.225224
2026-07-16_ttft_component_regression/phase1/input4000_rate2p5_reuse00_seed2,136,0.0,10.869409761950966,10.869409761950966,471.8093987898427,0.0,482.6788085517937,17.572615,454.677037,0.0,472.249652
2026-07-16_ttft_component_regression/phase1/input4000_rate2p5_reuse00_seed2,150,0.018014926970707286,12.939533869949095,12.957548796919802,471.8093987898427,0.0,484.7669475867625,8.248594,449.620024,0.0,457.868618
2026-07-16_ttft_component_regression/phase1/input4000_rate2p5_reuse00_seed2,166,0.020745028799303924,6.614199806350818,6.634944835150122,471.8093987898427,0.0,478.4443436249928,7.610984,445.358591,0.0,452.969575
2026-07-16_ttft_component_regression/phase1/input4000_rate2p5_reuse00_seed2,171,0.01910499581959689,12.86809591521994,12.887200911039535,471.8093987898427,0.0,484.69659970088225,8.564444,449.439352,0.0,458.003796
2026-07-16_ttft_component_regression/phase1/input4000_rate2p5_reuse00_seed2,176,0.0,11.74129449781899,11.74129449781899,471.8093987898427,0.0,483.5506932876617,15.126535,457.616153,0.0,472.742688
2026-07-16_ttft_component_regression/phase1/input4000_rate2p5_reuse00_seed2,187,0.0,11.741045694383878,11.741045694383878,471.8093987898427,0.0,483.5504444842266,6.948824,458.168072,0.0,465.116896
2026-07-16_ttft_component_regression/phase1/input4000_rate2p5_reuse00_seed2,191,0.0,12.121661783725855,12.121661783725855,471.8093987898427,0.0,483.9310605735686,20.271936,472.464643,0.0,492.736579
2026-07-16_ttft_component_regression/phase1/input4000_rate2p5_reuse00_seed2,193,0.0044204377194909175,14.911077032358452,14.915497470077943,471.8093987898427,0.0,486.7248962599206,1.185845,471.461802,0.0,472.647647
2026-07-16_ttft_component_regression/phase1/input4000_rate2p5_reuse00_seed2,202,0.034785806319894995,18.05088643575607,18.085672242075965,471.8093987898427,0.0,489.8950710319187,14.051476,476.761343,0.0,490.812819
2026-07-16_ttft_component_regression/phase1/input4000_rate2p5_reuse00_seed2,189,0.0,10.861253334709595,10.861253334709595,471.8093987898427,0.0,482.6706521245523,0.924265,463.636221,0.0,464.560486
2026-07-16_ttft_component_regression/phase1/input4000_rate2p5_reuse00_seed2,222,0.03519527947135077,16.65812984166035,16.6933251211317,471.8093987898427,0.0,488.5027239109744,2.819081,470.391699,0.0,473.21078
2026-07-16_ttft_component_regression/phase1/input4000_rate2p5_reuse00_seed2,216,0.0052656551890694165,14.964518233960861,14.96978388914993,471.8093987898427,0.0,486.77918267899264,20.180435,469.448006,0.0,489.628441
2026-07-16_ttft_component_regression/phase1/input4000_rate2p5_reuse00_seed2,284,0.0,0.0,0.0,471.8093987898427,0.0,471.8093987898427,0.004754,451.643414,0.0,451.648168
2026-07-16_ttft_component_regression/phase1/input4000_rate2p5_reuse00_seed2,287,0.019404682744906487,6.477097703657097,6.496502386402003,471.8093987898427,0.0,478.30590117624473,8.317407,452.531401,0.0,460.848808
2026-07-16_ttft_component_regression/phase1/input4000_rate2p5_reuse00_seed2,1,0.0,0.0,0.0,471.8093987898427,0.0,471.8093987898427,0.043342,439.218678,0.0,439.26202
2026-07-16_ttft_component_regression/phase1/input4000_rate2p5_reuse00_seed2,23,0.021389385568043588,6.685797696795755,6.707187082363799,471.8093987898427,0.0,478.5165858722065,10.618682,445.302591,0.0,455.921273
2026-07-16_ttft_component_regression/phase1/input4000_rate2p5_reuse00_seed2,37,0.01817467423043078,12.92964638363681,12.947821057867241,471.8093987898427,0.0,484.75721984770996,10.301489,449.698744,0.0,460.000233
2026-07-16_ttft_component_regression/phase1/input4000_rate2p5_reuse00_seed2,66,0.0,0.0,0.0,471.8093987898427,0.0,471.8093987898427,0.002644,439.218678,0.0,439.221322
2026-07-16_ttft_component_regression/phase1/input4000_rate2p5_reuse00_seed2,73,0.020229739210118843,6.559800356730147,6.580030095940265,471.8093987898427,0.0,478.389428885783,0.828233,444.363039,0.0,445.191272
2026-07-16_ttft_component_regression/phase1/input4000_rate2p5_reuse00_seed2,87,0.018411815368914154,12.914617432528905,12.933029247897819,471.8093987898427,0.0,484.7424280377405,16.526121,449.383256,0.0,465.909377
2026-07-16_ttft_component_regression/phase1/input4000_rate2p5_reuse00_seed2,115,0.01793456201725829,12.94443820343515,12.962372765452407,471.8093987898427,0.0,484.7717715552951,8.288369,449.140216,0.0,457.428585
2026-07-16_ttft_component_regression/phase1/input4000_rate2p5_reuse00_seed2,108,0.021767594539241677,6.72999508498549,6.751762679524732,471.8093987898427,0.0,478.56116146936745,5.394767,445.602783,0.0,450.99755
2026-07-16_ttft_component_regression/phase1/input4000_rate2p5_reuse00_seed2,132,0.018800335092107077,12.889038977575892,12.907839312667999,471.8093987898427,0.0,484.7172381025107,1.739127,449.741496,0.0,451.480623
2026-07-16_ttft_component_regression/phase1/input4000_rate2p5_reuse00_seed2,138,0.0,11.74129449781899,11.74129449781899,471.8093987898427,0.0,483.5506932876617,6.562153,452.643081,0.0,459.205234
2026-07-16_ttft_component_regression/phase1/input4000_rate2p5_reuse00_seed2,152,0.01940407838388506,12.846722993874046,12.866127072257932,471.8093987898427,0.0,484.67552586210064,17.740141,449.610904,0.0,467.351045
2026-07-16_ttft_component_regression/phase1/input4000_rate2p5_reuse00_seed2,157,0.0,11.740980905488199,11.740980905488199,471.8093987898427,0.0,483.5503796953309,16.80125,452.224265,0.0,469.025515
2026-07-16_ttft_component_regression/phase1/input4000_rate2p5_reuse00_seed2,173,0.018800335092107077,12.889038977575892,12.907839312667999,471.8093987898427,0.0,484.7172381025107,8.049876,449.709944,0.0,457.75982
2026-07-16_ttft_component_regression/phase1/input4000_rate2p5_reuse00_seed2,183,0.018490194978329523,12.909554878633445,12.928045073611775,471.8093987898427,0.0,484.7374438634545,15.035599,449.627576,0.0,464.663175
2026-07-16_ttft_component_regression/phase1/input4000_rate2p5_reuse00_seed2,194,0.018014926970707286,12.939533869949095,12.957548796919802,471.8093987898427,0.0,484.7669475867625,18.208327,449.21756,0.0,467.425887
2026-07-16_ttft_component_regression/phase1/input4000_rate2p5_reuse00_seed2,206,0.0,11.740044436852868,11.740044436852868,471.8093987898427,0.0,483.5494432266956,4.952946,452.538857,0.0,457.491803
2026-07-16_ttft_component_regression/phase1/input4000_rate2p5_reuse00_seed2,242,0.018877017824534235,12.883843364900384,12.902720382724919,471.8093987898427,0.0,484.7121191725676,8.745347,459.594502,0.0,468.339849
2026-07-16_ttft_component_regression/phase1/input4000_rate2p5_reuse00_seed2,237,0.02099235196554329,6.641175179909498,6.662167531875041,471.8093987898427,0.0,478.4715663217177,13.371456,460.261975,0.0,473.633431
2026-07-16_ttft_component_regression/phase1/input4000_rate2p5_reuse00_seed2,250,0.0,10.865660180640909,10.865660180640909,471.8093987898427,0.0,482.67505897048363,13.437279,690.42605,0.0,703.863329
2026-07-16_ttft_component_regression/phase1/input4000_rate2p5_reuse00_seed2,243,0.01895335655217631,12.878621011762487,12.897574368314663,471.8093987898427,0.0,484.7069731581574,12.503853,454.520444,0.0,467.024297
2026-07-16_ttft_component_regression/phase1/input4000_rate2p5_reuse00_seed2,249,0.0,11.741092528883255,11.741092528883255,471.8093987898427,0.0,483.55049131872596,17.968152,459.610245,0.0,477.578397
2026-07-16_ttft_component_regression/phase1/input4000_rate2p5_reuse00_seed2,251,0.0,12.213570245855237,12.213570245855237,471.8093987898427,0.0,484.02296903569794,228.516868,468.551911,0.0,697.068779
2026-07-16_ttft_component_regression/phase1/input4000_rate2p5_reuse00_seed2,264,0.00683419239712491,15.064687704993323,15.071521897390449,471.8093987898427,0.0,486.88092068723313,15.484976,466.467538,0.0,481.952514
2026-07-16_ttft_component_regression/phase1/input4000_rate2p5_reuse00_seed2,298,0.0,0.0,0.0,471.8093987898427,0.0,471.8093987898427,0.004256,453.613466,0.0,453.617722
2026-07-16_ttft_component_regression/phase1/input4000_rate2p5_reuse00_seed2,6,0.0,0.0,0.0,471.8093987898427,0.0,471.8093987898427,0.037597,443.684226,0.0,443.721823
2026-07-16_ttft_component_regression/phase1/input4000_rate2p5_reuse00_seed2,7,0.020828231438017007,6.623208318929981,6.644036550367998,471.8093987898427,0.0,478.4534353402107,102.234367,665.177248,0.0,767.411615
2026-07-16_ttft_component_regression/phase1/input4000_rate2p5_reuse00_seed2,33,0.018723309898157767,12.894207892340402,12.91293120223856,471.8093987898427,0.0,484.72232999208126,3.047775,453.835739,0.0,456.883514
2026-07-16_ttft_component_regression/phase1/input4000_rate2p5_reuse00_seed2,35,0.0,10.879684622828776,10.879684622828776,471.8093987898427,0.0,482.6890834126715,11.110885,453.517901,0.0,464.628786
2026-07-16_ttft_component_regression/phase1/input4000_rate2p5_reuse00_seed2,34,0.0,11.740908271786045,11.740908271786045,471.8093987898427,0.0,483.55030706162876,219.093553,678.579071,0.0,897.672624
2026-07-16_ttft_component_regression/phase1/input4000_rate2p5_reuse00_seed2,50,0.009599652061254927,15.244721332046034,15.254320984107288,471.8093987898427,0.0,487.06371977394997,11.86888,459.909446,0.0,471.778326
2026-07-16_ttft_component_regression/phase1/input4000_rate2p5_reuse00_seed2,42,0.0,12.27561521042949,12.27561521042949,471.8093987898427,0.0,484.08501400027217,11.979988,457.241737,0.0,469.221725
2026-07-16_ttft_component_regression/phase1/input4000_rate2p5_reuse00_seed2,43,0.009719460092246989,15.252627183888483,15.262346643980731,471.8093987898427,0.0,487.0717454338234,69.779451,459.510598,0.0,529.290049
2026-07-16_ttft_component_regression/phase1/input4000_rate2p5_reuse00_seed2,56,0.03794961654348092,18.447523512996295,18.485473129539777,471.8093987898427,0.0,490.2948719193825,5.531129,462.487434,0.0,468.018563
2026-07-16_ttft_component_regression/phase1/input4000_rate2p5_reuse00_seed2,59,0.03801464667804991,21.14509321242582,21.18310785910387,471.8093987898427,0.0,492.9925066489466,9.468746,461.864106,0.0,471.332852
2026-07-16_ttft_component_regression/phase1/input4000_rate2p5_reuse00_seed2,61,0.038977043566260736,21.05802628934074,21.097003332907,471.8093987898427,0.0,492.9064021227497,19.08895,463.682349,0.0,482.771299
2026-07-16_ttft_component_regression/phase1/input4000_rate2p5_reuse00_seed2,74,0.0,22.73473310391357,22.73473310391357,471.8093987898427,0.0,494.5441318937563,2.436151,467.571005,0.0,470.007156
2026-07-16_ttft_component_regression/phase1/input4000_rate2p5_reuse00_seed2,83,0.0,22.727761537851997,22.727761537851997,471.8093987898427,0.0,494.5371603276947,1.678538,468.434813,0.0,470.113351
2026-07-16_ttft_component_regression/phase1/input4000_rate2p5_reuse00_seed2,90,0.0,22.701145481479823,22.701145481479823,471.8093987898427,0.0,494.51054427132254,15.095468,467.622877,0.0,482.718345
2026-07-16_ttft_component_regression/phase1/input4000_rate2p5_reuse00_seed2,86,0.0,23.742759894917047,23.742759894917047,471.8093987898427,0.0,495.5521586847598,2.99715,471.314871,0.0,474.312021
2026-07-16_ttft_component_regression/phase1/input4000_rate2p5_reuse00_seed2,102,0.03509882188672682,18.087038161076507,18.122136982963234,471.8093987898427,0.0,489.93153577280594,8.519389,470.535815,0.0,479.055204
2026-07-16_ttft_component_regression/phase1/input4000_rate2p5_reuse00_seed2,97,0.0,22.73473310391357,22.73473310391357,471.8093987898427,0.0,494.5441318937563,12.821932,468.234493,0.0,481.056425
2026-07-16_ttft_component_regression/phase1/input4000_rate2p5_reuse00_seed2,119,0.0,12.144231752091533,12.144231752091533,471.8093987898427,0.0,483.9536305419342,17.2295,467.501744,0.0,484.731244
2026-07-16_ttft_component_regression/phase1/input4000_rate2p5_reuse00_seed2,125,0.004541190630478204,14.918689835760338,14.923231026390816,471.8093987898427,0.0,486.7326298162335,16.954179,469.669088,0.0,486.623267
2026-07-16_ttft_component_regression/phase1/input4000_rate2p5_reuse00_seed2,141,0.0,11.741153576524951,11.741153576524951,471.8093987898427,0.0,483.55055236636764,2.144181,463.791232,0.0,465.935413
2026-07-16_ttft_component_regression/phase1/input4000_rate2p5_reuse00_seed2,145,0.0,10.860408656342509,10.860408656342509,471.8093987898427,0.0,482.6698074461852,12.037427,459.946568,0.0,471.983995
2026-07-16_ttft_component_regression/phase1/input4000_rate2p5_reuse00_seed2,159,0.019180293272411872,12.862793088041855,12.881973381314266,471.8093987898427,0.0,484.69137217115696,2.145981,456.642105,0.0,458.788086
2026-07-16_ttft_component_regression/phase1/input4000_rate2p5_reuse00_seed2,182,0.01996170407975277,6.532378695873924,6.552340399953677,471.8093987898427,0.0,478.36173918979637,10.471071,456.124358,0.0,466.595429
2026-07-16_ttft_component_regression/phase1/input4000_rate2p5_reuse00_seed2,190,0.020745028799303924,6.614199806350818,6.634944835150122,471.8093987898427,0.0,478.4443436249928,10.120425,450.251438,0.0,460.371863
2026-07-16_ttft_component_regression/phase1/input4000_rate2p5_reuse00_seed2,227,0.021259544138490776,6.114793032676721,6.136052576815211,471.8093987898427,0.0,477.9454513666579,10.770165,455.848159,0.0,466.618324
2026-07-16_ttft_component_regression/phase1/input4000_rate2p5_reuse00_seed2,255,0.0,11.741221882506533,11.741221882506533,471.8093987898427,0.0,483.5506206723492,92.700152,454.483352,0.0,547.183504
2026-07-16_ttft_component_regression/phase1/input4000_rate2p5_reuse00_seed2,253,0.01793456201725829,12.94443820343515,12.962372765452407,471.8093987898427,0.0,484.7717715552951,2.392103,456.358919,0.0,458.751022
2026-07-16_ttft_component_regression/phase1/input4000_rate2p5_reuse00_seed2,252,0.0218409916706771,6.738783092717795,6.760624084388472,471.8093987898427,0.0,478.5700228742312,8.615723,457.99671,0.0,466.612433
2026-07-16_ttft_component_regression/phase1/input4000_rate2p5_reuse00_seed2,267,0.0,11.741232983171493,11.741232983171493,471.8093987898427,0.0,483.5506317730142,1.159578,459.241589,0.0,460.401167
2026-07-16_ttft_component_regression/phase1/input4000_rate2p5_reuse00_seed2,283,0.018800335092107077,12.889038977575892,12.907839312667999,471.8093987898427,0.0,484.7172381025107,0.519253,461.213157,0.0,461.73241
2026-07-16_ttft_component_regression/phase1/input4000_rate2p5_reuse00_seed2,0,0.0,0.0,0.0,471.8093987898427,0.0,471.8093987898427,0.0,439.218678,0.0,439.218678
2026-07-16_ttft_component_regression/phase1/input4000_rate2p5_reuse00_seed2,21,0.020404572568091795,6.577999566758647,6.598404139326739,471.8093987898427,0.0,478.40780292916946,7.745797,445.220063,0.0,452.96586
2026-07-16_ttft_component_regression/phase1/input4000_rate2p5_reuse00_seed2,51,0.0,0.0,0.0,471.8093987898427,0.0,471.8093987898427,0.008265,439.218678,0.0,439.226943
2026-07-16_ttft_component_regression/phase1/input4000_rate2p5_reuse00_seed2,63,0.021389385568043588,6.685797696795755,6.707187082363799,471.8093987898427,0.0,478.5165858722065,6.444933,445.061375,0.0,451.506308
2026-07-16_ttft_component_regression/phase1/input4000_rate2p5_reuse00_seed2,69,0.017609862689339652,12.963793868341835,12.981403731031174,471.8093987898427,0.0,484.79080252087385,15.09403,453.196731,0.0,468.290761
2026-07-16_ttft_component_regression/phase1/input4000_rate2p5_reuse00_seed2,71,0.0,11.739520170613545,11.739520170613545,471.8093987898427,0.0,483.54891896045626,158.512464,677.733951,0.0,836.246415
2026-07-16_ttft_component_regression/phase1/input4000_rate2p5_reuse00_seed2,99,0.0,11.739376403633674,11.739376403633674,471.8093987898427,0.0,483.5487751934764,0.079545,453.147305,0.0,453.22685
2026-07-16_ttft_component_regression/phase1/input4000_rate2p5_reuse00_seed2,130,0.020576332371479093,6.59613283590368,6.616709168275159,471.8093987898427,0.0,478.4261079581179,2.92726,446.051839,0.0,448.979099
2026-07-16_ttft_component_regression/phase1/input4000_rate2p5_reuse00_seed2,140,0.0185682382982576,12.904465799660297,12.923034037958555,471.8093987898427,0.0,484.73243282780123,9.718735,448.769784,0.0,458.488519
2026-07-16_ttft_component_regression/phase1/input4000_rate2p5_reuse00_seed2,139,0.020576332371479093,6.59613283590368,6.616709168275159,471.8093987898427,0.0,478.4261079581179,16.841858,445.144703,0.0,461.986561
2026-07-16_ttft_component_regression/phase1/input4000_rate2p5_reuse00_seed2,160,0.0185682382982576,12.904465799660297,12.923034037958555,471.8093987898427,0.0,484.73243282780123,13.707049,449.736504,0.0,463.443553
2026-07-16_ttft_component_regression/phase1/input4000_rate2p5_reuse00_seed2,161,0.0,11.741305777376587,11.741305777376587,471.8093987898427,0.0,483.55070456721927,157.285902,452.030793,0.0,609.316695
2026-07-16_ttft_component_regression/phase1/input4000_rate2p5_reuse00_seed2,184,0.019769936785618863,12.819398354490026,12.839168291275644,471.8093987898427,0.0,484.64856708111836,16.800957,450.083832,0.0,466.884789
2026-07-16_ttft_component_regression/phase1/input4000_rate2p5_reuse00_seed2,195,0.019779142537490912,6.514016227379186,6.533795369916677,471.8093987898427,0.0,478.3431941597594,9.14996,444.943231,0.0,454.093191
2026-07-16_ttft_component_regression/phase1/input4000_rate2p5_reuse00_seed2,217,0.0,11.74119680537556,11.74119680537556,471.8093987898427,0.0,483.5505955952183,2.485341,452.377385,0.0,454.862726
2026-07-16_ttft_component_regression/phase1/input4000_rate2p5_reuse00_seed2,205,0.018800335092107077,12.889038977575892,12.907839312667999,471.8093987898427,0.0,484.7172381025107,11.346582,449.23052,0.0,460.577102
2026-07-16_ttft_component_regression/phase1/input4000_rate2p5_reuse00_seed2,233,0.018094964889121684,12.934603278396409,12.95269824328553,471.8093987898427,0.0,484.7620970331282,0.565932,461.428433,0.0,461.994365
2026-07-16_ttft_component_regression/phase1/input4000_rate2p5_reuse00_seed2,248,0.017196815225375816,12.987403164193399,13.004599979418774,471.8093987898427,0.0,484.8139987692615,62.757227,684.675938,0.0,747.433165
2026-07-16_ttft_component_regression/phase1/input4000_rate2p5_reuse00_seed2,257,0.0,11.740670946671584,11.740670946671584,471.8093987898427,0.0,483.5500697365143,18.952363,458.99247,0.0,477.944833
2026-07-16_ttft_component_regression/phase1/input4000_rate2p5_reuse00_seed2,247,0.0218409916706771,6.738783092717795,6.760624084388472,471.8093987898427,0.0,478.5700228742312,6.456429,461.778081,0.0,468.23451
2026-07-16_ttft_component_regression/phase1/input4000_rate2p5_reuse00_seed2,288,0.0,0.0,0.0,471.8093987898427,0.0,471.8093987898427,0.028023,453.486366,0.0,453.514389
2026-07-16_ttft_component_regression/phase1/input4000_rate2p5_reuse00_seed2,292,0.020828231438017007,6.623208318929981,6.644036550367998,471.8093987898427,0.0,478.4534353402107,12.739518,454.057585,0.0,466.797103
2026-07-16_ttft_component_regression/phase1/input4000_rate2p5_reuse00_seed2,2,0.0,0.0,0.0,471.8093987898427,0.0,471.8093987898427,0.223743,439.218678,0.0,439.442421
2026-07-16_ttft_component_regression/phase1/input4000_rate2p5_reuse00_seed2,13,0.0,11.741153576524951,11.741153576524951,471.8093987898427,0.0,483.55055236636764,54.709595,455.415647,0.0,510.125242
2026-07-16_ttft_component_regression/phase1/input4000_rate2p5_reuse00_seed2,5,0.019499467909973665,6.486351414909682,6.505850882819655,471.8093987898427,0.0,478.31524967266233,6.5344,444.379743,0.0,450.914143
2026-07-16_ttft_component_regression/phase1/input4000_rate2p5_reuse00_seed2,20,0.0044204377194909175,14.911077032358452,14.915497470077943,471.8093987898427,0.0,486.7248962599206,20.135693,458.325734,0.0,478.461427
2026-07-16_ttft_component_regression/phase1/input4000_rate2p5_reuse00_seed2,15,0.0,199.81104074458705,199.81104074458705,471.8093987898427,0.0,671.6204395344298,650.088413,673.380553,0.0,1323.468966
2026-07-16_ttft_component_regression/phase1/input4000_rate2p5_reuse00_seed2,14,0.0,201.47100057652793,201.47100057652793,471.8093987898427,0.0,673.2803993663706,274.396703,694.600088,0.0,968.996791
2026-07-16_ttft_component_regression/phase1/input4000_rate2p5_reuse00_seed2,11,0.01895335655217631,12.878621011762487,12.897574368314663,471.8093987898427,0.0,484.7069731581574,10.953236,448.466264,0.0,459.4195
2026-07-16_ttft_component_regression/phase1/input4000_rate2p5_reuse00_seed2,25,0.035483236016643355,18.13221145655626,18.1676946925729,471.8093987898427,0.0,489.9770934824156,10.775532,460.781066,0.0,471.556598
2026-07-16_ttft_component_regression/phase1/input4000_rate2p5_reuse00_seed2,46,0.04053088149612041,20.883366572643208,20.92389745413933,471.8093987898427,0.0,492.733296243982,2.722778,464.849101,0.0,467.571879
2026-07-16_ttft_component_regression/phase1/input4000_rate2p5_reuse00_seed2,48,0.0401930366863895,20.92611951358734,20.96631255027373,471.8093987898427,0.0,492.77571134011646,16.235192,464.653261,0.0,480.888453
2026-07-16_ttft_component_regression/phase1/input4000_rate2p5_reuse00_seed2,79,0.021232840148872754,6.667999412430763,6.689232252579636,471.8093987898427,0.0,478.49863104242235,3.654077,446.165727,0.0,449.819804
2026-07-16_ttft_component_regression/phase1/input4000_rate2p5_reuse00_seed2,92,0.01785387157070129,12.949316324247599,12.9671701958183,471.8093987898427,0.0,484.776568985661,116.540698,671.688893,0.0,788.229591
2026-07-16_ttft_component_regression/phase1/input4000_rate2p5_reuse00_seed2,95,0.0,11.741092528883255,11.741092528883255,471.8093987898427,0.0,483.55049131872596,12.637731,455.895679,0.0,468.53341
2026-07-16_ttft_component_regression/phase1/input4000_rate2p5_reuse00_seed2,91,0.02146652814583479,6.69467135136477,6.716137879510605,471.8093987898427,0.0,478.5255366693533,12.61081,449.217245,0.0,461.828055
2026-07-16_ttft_component_regression/phase1/input4000_rate2p5_reuse00_seed2,96,0.0,10.866578702301192,10.866578702301192,471.8093987898427,0.0,482.6759774921439,217.590095,681.532846,0.0,899.122941
2026-07-16_ttft_component_regression/phase1/input4000_rate2p5_reuse00_seed2,123,0.0,12.21827898812421,12.21827898812421,471.8093987898427,0.0,484.0276777779669,1.861912,457.736681,0.0,459.598593
2026-07-16_ttft_component_regression/phase1/input4000_rate2p5_reuse00_seed2,149,0.021913643627608847,6.747553849343766,6.7694674929713745,471.8093987898427,0.0,478.5788662828141,2.348909,459.225401,0.0,461.57431
2026-07-16_ttft_component_regression/phase1/input4000_rate2p5_reuse00_seed2,163,0.020661062869761073,6.6051746306588095,6.625835693528571,471.8093987898427,0.0,478.4352344833713,12.228426,457.404879,0.0,469.633305
2026-07-16_ttft_component_regression/phase1/input4000_rate2p5_reuse00_seed2,172,0.01793456201725829,12.94443820343515,12.962372765452407,471.8093987898427,0.0,484.7717715552951,11.879364,460.511209,0.0,472.390573
2026-07-16_ttft_component_regression/phase1/input4000_rate2p5_reuse00_seed2,196,0.020828231438017007,6.623208318929981,6.644036550367998,471.8093987898427,0.0,478.4534353402107,8.14997,459.895053,0.0,468.045023
2026-07-16_ttft_component_regression/phase1/input4000_rate2p5_reuse00_seed2,209,0.0,11.741141837766419,11.741141837766419,471.8093987898427,0.0,483.5505406276091,5.721183,462.459408,0.0,468.180591
2026-07-16_ttft_component_regression/phase1/input4000_rate2p5_reuse00_seed2,198,0.01785387157070129,12.949316324247599,12.9671701958183,471.8093987898427,0.0,484.776568985661,3.869165,459.907499,0.0,463.776664
2026-07-16_ttft_component_regression/phase1/input4000_rate2p5_reuse00_seed2,224,0.0,9.945441886043731,9.945441886043731,471.8093987898427,0.0,481.75484067588644,13.669579,457.265987,0.0,470.935566
2026-07-16_ttft_component_regression/phase1/input4000_rate2p5_reuse00_seed2,220,0.0,11.74118497829326,11.74118497829326,471.8093987898427,0.0,483.55058376813594,18.166617,459.42496,0.0,477.591577
2026-07-16_ttft_component_regression/phase1/input4000_rate2p5_reuse00_seed2,236,0.0,10.87752455994749,10.87752455994749,471.8093987898427,0.0,482.6869233497902,18.097764,464.938745,0.0,483.036509
2026-07-16_ttft_component_regression/phase1/input4000_rate2p5_reuse00_seed2,262,0.0,11.740275136336416,11.740275136336416,471.8093987898427,0.0,483.54967392617914,71.069501,691.575881,0.0,762.645382
2026-07-16_ttft_component_regression/phase1/input4000_rate2p5_reuse00_seed2,256,0.0218409916706771,6.738783092717795,6.760624084388472,471.8093987898427,0.0,478.5700228742312,6.875543,459.645615,0.0,466.521158
2026-07-16_ttft_component_regression/phase1/input4000_rate2p5_reuse00_seed2,261,0.016945234943461847,13.001258848810878,13.01820408375434,471.8093987898427,0.0,484.827602873597,0.637439,466.890802,0.0,467.528241
2026-07-16_ttft_component_regression/phase1/input4000_rate2p5_reuse00_seed2,265,0.0,10.885320517003807,10.885320517003807,471.8093987898427,0.0,482.69471930684654,19.688061,458.005005,0.0,477.693066
2026-07-16_ttft_component_regression/phase1/input4000_rate2p5_reuse00_seed2,275,0.0,10.871360709869867,10.871360709869867,471.8093987898427,0.0,482.68075949971256,16.327559,460.275822,0.0,476.603381
2026-07-16_ttft_component_regression/phase1/input4000_rate2p5_reuse00_seed2,293,0.0,11.741310480965657,11.741310480965657,471.8093987898427,0.0,483.55070927080834,13.56615,468.288698,0.0,481.854848
2026-07-16_ttft_component_regression/phase1/input4000_rate2p5_reuse00_seed2,294,0.0,10.859576054627148,10.859576054627148,471.8093987898427,0.0,482.66897484446986,17.424812,465.33847,0.0,482.763282
2026-07-16_ttft_component_regression/phase1/input4000_rate2p5_reuse00_seed2,297,0.036731494102943886,18.28560326179731,18.322334755900254,471.8093987898427,0.0,490.131733545743,26.200609,475.201932,0.0,501.402541
2026-07-16_ttft_component_regression/phase1/input4000_rate2p5_reuse00_seed2,296,0.00683419239712491,15.064687704993323,15.071521897390449,471.8093987898427,0.0,486.88092068723313,9.66245,468.280736,0.0,477.943186
2026-07-16_ttft_component_regression/phase1/input4000_rate2p5_reuse00_seed2,295,0.0,12.180909755389944,12.180909755389944,471.8093987898427,0.0,483.99030854523266,30.964802,461.702054,0.0,492.666856
2026-07-16_ttft_component_regression/phase1/input4000_rate2p5_reuse00_seed2,8,0.0,0.0,0.0,471.8093987898427,0.0,471.8093987898427,0.013785,443.684226,0.0,443.698011
2026-07-16_ttft_component_regression/phase1/input4000_rate2p5_reuse00_seed2,9,0.02169345092562317,6.721189866358149,6.742883317283772,471.8093987898427,0.0,478.5522821071265,201.070901,665.177248,0.0,866.248149
2026-07-16_ttft_component_regression/phase1/input4000_rate2p5_reuse00_seed2,18,0.016860758790087093,13.005826048683478,13.022686807473566,471.8093987898427,0.0,484.8320855973163,17.920426,448.418904,0.0,466.33933
2026-07-16_ttft_component_regression/phase1/input4000_rate2p5_reuse00_seed2,24,0.0,11.737868185077291,11.737868185077291,471.8093987898427,0.0,483.54726697492,9.593341,451.376649,0.0,460.96999
2026-07-16_ttft_component_regression/phase1/input4000_rate2p5_reuse00_seed2,41,0.0,10.898930288516508,10.898930288516508,471.8093987898427,0.0,482.7083290783592,7.863392,454.659725,0.0,462.523117
2026-07-16_ttft_component_regression/phase1/input4000_rate2p5_reuse00_seed2,55,0.0,12.299955130951396,12.299955130951396,471.8093987898427,0.0,484.1093539207941,8.226858,458.407849,0.0,466.634707
2026-07-16_ttft_component_regression/phase1/input4000_rate2p5_reuse00_seed2,58,0.0,12.227728568875614,12.227728568875614,471.8093987898427,0.0,484.0371273587183,1.128944,457.766377,0.0,458.895321
2026-07-16_ttft_component_regression/phase1/input4000_rate2p5_reuse00_seed2,49,0.0,12.359438355554246,12.359438355554246,471.8093987898427,0.0,484.16883714539694,6.872906,458.198633,0.0,465.071539
2026-07-16_ttft_component_regression/phase1/input4000_rate2p5_reuse00_seed2,81,0.037622290008726085,18.40260941657182,18.440231706580548,471.8093987898427,0.0,490.24963049642326,2.862833,461.877578,0.0,464.740411
2026-07-16_ttft_component_regression/phase1/input4000_rate2p5_reuse00_seed2,68,0.008519556521723448,15.173857740885763,15.182377297407486,471.8093987898427,0.0,486.9917760872502,39.802465,691.050372,0.0,730.852837
2026-07-16_ttft_component_regression/phase1/input4000_rate2p5_reuse00_seed2,65,0.0,12.227728568875614,12.227728568875614,471.8093987898427,0.0,484.0371273587183,9.686863,461.647119,0.0,471.333982
2026-07-16_ttft_component_regression/phase1/input4000_rate2p5_reuse00_seed2,72,0.03845518064206218,18.519266123244602,18.557721303886666,471.8093987898427,0.0,490.36712009372934,14.705711,461.726986,0.0,476.432697
2026-07-16_ttft_component_regression/phase1/input4000_rate2p5_reuse00_seed2,93,0.037622290008726085,18.40260941657182,18.440231706580548,471.8093987898427,0.0,490.24963049642326,1.312702,462.661514,0.0,463.974216
2026-07-16_ttft_component_regression/phase1/input4000_rate2p5_reuse00_seed2,109,0.0,12.246755772370017,12.246755772370017,471.8093987898427,0.0,484.0561545622127,20.66654,458.424553,0.0,479.091093
2026-07-16_ttft_component_regression/phase1/input4000_rate2p5_reuse00_seed2,120,0.03801464667804991,21.14509321242582,21.18310785910387,471.8093987898427,0.0,492.9925066489466,1.23048,473.023136,0.0,474.253616
2026-07-16_ttft_component_regression/phase1/input4000_rate2p5_reuse00_seed2,118,0.03788484307256678,18.438545066481517,18.476429909554085,471.8093987898427,0.0,490.2858286993968,16.853764,462.624682,0.0,479.478446
2026-07-16_ttft_component_regression/phase1/input4000_rate2p5_reuse00_seed2,112,0.008519556521723448,15.173857740885763,15.182377297407486,471.8093987898427,0.0,486.9917760872502,148.868938,460.631142,0.0,609.50008
2026-07-16_ttft_component_regression/phase1/input4000_rate2p5_reuse00_seed2,131,0.0,12.117180617043388,12.117180617043388,471.8093987898427,0.0,483.9265794068861,16.7561,461.698616,0.0,478.454716
2026-07-16_ttft_component_regression/phase1/input4000_rate2p5_reuse00_seed2,142,0.0,12.153336109153084,12.153336109153084,471.8093987898427,0.0,483.9627348989958,5.707229,466.026418,0.0,471.733647
2026-07-16_ttft_component_regression/phase1/input4000_rate2p5_reuse00_seed2,158,0.01833310101274218,12.919653505206387,12.937986606219129,471.8093987898427,0.0,484.7473853960618,3.650176,456.4747,0.0,460.124876
2026-07-16_ttft_component_regression/phase1/input4000_rate2p5_reuse00_seed2,153,0.02131149000077881,6.676907036529317,6.698218526530096,471.8093987898427,0.0,478.5076173163728,7.349975,457.392162,0.0,464.742137
2026-07-16_ttft_component_regression/phase1/input4000_rate2p5_reuse00_seed2,162,0.0,11.741276710205222,11.741276710205222,471.8093987898427,0.0,483.55067550004793,6.17906,456.641583,0.0,462.820643
2026-07-16_ttft_component_regression/phase1/input4000_rate2p5_reuse00_seed2,167,0.0,10.860408656342509,10.860408656342509,471.8093987898427,0.0,482.6698074461852,4.673146,460.888461,0.0,465.561607
2026-07-16_ttft_component_regression/phase1/input4000_rate2p5_reuse00_seed2,175,0.038977043566260736,21.05802628934074,21.097003332907,471.8093987898427,0.0,492.9064021227497,3.798986,470.244596,0.0,474.043582
2026-07-16_ttft_component_regression/phase1/input4000_rate2p5_reuse00_seed2,168,0.0,12.157904604030573,12.157904604030573,471.8093987898427,0.0,483.9673033938733,151.031521,694.563175,0.0,845.594696
2026-07-16_ttft_component_regression/phase1/input4000_rate2p5_reuse00_seed2,181,0.0,23.744910846878838,23.744910846878838,471.8093987898427,0.0,495.55430963672154,21.511742,483.973945,0.0,505.485687
2026-07-16_ttft_component_regression/phase1/input4000_rate2p5_reuse00_seed2,169,0.006593042745761908,15.049200402217869,15.05579344496363,471.8093987898427,0.0,486.86519223480633,9.048014,469.631995,0.0,478.680009
2026-07-16_ttft_component_regression/phase1/input4000_rate2p5_reuse00_seed2,185,0.0,24.410176830119738,24.410176830119738,471.8093987898427,0.0,496.2195756199624,15.257235,486.478341,0.0,501.735576
2026-07-16_ttft_component_regression/phase1/input4000_rate2p5_reuse00_seed2,188,0.0,24.96674750082768,24.96674750082768,471.8093987898427,0.0,496.7761462906704,24.827228,488.735966,0.0,513.563194
2026-07-16_ttft_component_regression/phase1/input4000_rate2p5_reuse00_seed2,179,0.0,22.74831115859158,22.74831115859158,471.8093987898427,0.0,494.5577099484343,12.256731,469.722044,0.0,481.978775
2026-07-16_ttft_component_regression/phase1/input4000_rate2p5_reuse00_seed2,174,0.03721820322733765,18.348644726154866,18.385862929382203,471.8093987898427,0.0,490.1952617192249,11.784889,473.847888,0.0,485.632777
2026-07-16_ttft_component_regression/phase1/input4000_rate2p5_reuse00_seed2,192,0.0,26.11163022054066,26.11163022054066,471.8093987898427,0.0,497.92102901038334,13.986464,491.643549,0.0,505.630013
2026-07-16_ttft_component_regression/phase1/input4000_rate2p5_reuse00_seed2,199,0.19545106646982774,28.15277742412415,28.34822849059398,471.8093987898427,0.0,500.15762728043666,18.882589,491.486017,0.0,510.368606
2026-07-16_ttft_component_regression/phase1/input4000_rate2p5_reuse00_seed2,207,0.19363895976162931,28.138676287894594,28.332315247656222,471.8093987898427,0.0,500.1417140374989,20.458628,493.503626,0.0,513.962254
2026-07-16_ttft_component_regression/phase1/input4000_rate2p5_reuse00_seed2,197,0.0,26.11163022054066,26.11163022054066,471.8093987898427,0.0,497.92102901038334,17.998985,491.611385,0.0,509.61037
2026-07-16_ttft_component_regression/phase1/input4000_rate2p5_reuse00_seed2,221,0.20645235337662227,28.237713994161673,28.444166347538296,471.8093987898427,0.0,500.253565137381,200.461777,492.752386,0.0,693.214163
2026-07-16_ttft_component_regression/phase1/input4000_rate2p5_reuse00_seed2,219,0.0,26.160651495617905,26.160651495617905,471.8093987898427,0.0,497.9700502854606,19.261815,493.707626,0.0,512.969441
2026-07-16_ttft_component_regression/phase1/input4000_rate2p5_reuse00_seed2,210,0.20000809264842317,28.18810005001281,28.388108142661235,471.8093987898427,0.0,500.1975069325039,226.156938,492.039986,0.0,718.196924
2026-07-16_ttft_component_regression/phase1/input4000_rate2p5_reuse00_seed2,234,0.0,26.160651495617905,26.160651495617905,471.8093987898427,0.0,497.9700502854606,7.999085,484.366583,0.0,492.365668
2026-07-16_ttft_component_regression/phase1/input4000_rate2p5_reuse00_seed2,231,0.21767546474530167,28.323182479760504,28.540857944505806,471.8093987898427,0.0,500.35025673434853,114.557503,481.619016,0.0,596.176519
2026-07-16_ttft_component_regression/phase1/input4000_rate2p5_reuse00_seed2,230,0.005118518515643611,26.21577939452954,26.220897913045185,471.8093987898427,0.0,498.0302967028879,0.481621,483.61125,0.0,484.092871
2026-07-16_ttft_component_regression/phase1/input4000_rate2p5_reuse00_seed2,246,0.0,22.727761537851997,22.727761537851997,471.8093987898427,0.0,494.5371603276947,2.118724,483.382404,0.0,485.501128
2026-07-16_ttft_component_regression/phase1/input4000_rate2p5_reuse00_seed2,259,0.0,11.740670946671584,11.740670946671584,471.8093987898427,0.0,483.5500697365143,16.708516,464.319248,0.0,481.027764
2026-07-16_ttft_component_regression/phase1/input4000_rate2p5_reuse00_seed2,266,0.0,11.739658925474568,11.739658925474568,471.8093987898427,0.0,483.54905771531725,12.677365,412.576821,0.0,425.254186
2026-07-16_ttft_component_regression/phase1/input4000_rate2p5_reuse00_seed2,273,0.017113264701009632,12.992047454785416,13.009160719486426,471.8093987898427,0.0,484.81855950932913,9.895253,453.070618,0.0,462.965871
2026-07-16_ttft_component_regression/phase1/input4000_rate2p5_reuse00_seed2,276,0.0,11.739074105534796,11.739074105534796,471.8093987898427,0.0,483.5484728953775,2.072773,460.577748,0.0,462.650521
2026-07-16_ttft_component_regression/phase1/input4000_rate2p5_reuse00_seed2,281,0.0,10.900250233555377,10.900250233555377,471.8093987898427,0.0,482.7096490233981,16.42825,461.597979,0.0,478.026229
2026-07-16_ttft_component_regression/phase1/input4000_rate2p5_reuse00_seed2,32,0.02099235196554329,6.641175179909498,6.662167531875041,471.8093987898427,0.0,478.4715663217177,12.320266,444.359903,0.0,456.680169
2026-07-16_ttft_component_regression/phase1/input4000_rate2p5_reuse00_seed2,27,0.0,0.0,0.0,471.8093987898427,0.0,471.8093987898427,0.003329,439.218678,0.0,439.222007
2026-07-16_ttft_component_regression/phase1/input4000_rate2p5_reuse00_seed2,54,0.0185682382982576,12.904465799660297,12.923034037958555,471.8093987898427,0.0,484.73243282780123,18.351852,450.220376,0.0,468.572228
2026-07-16_ttft_component_regression/phase1/input4000_rate2p5_reuse00_seed2,67,0.019686696556639512,6.504810724178044,6.524497420734683,471.8093987898427,0.0,478.3338962105774,13.875184,444.870431,0.0,458.745615
2026-07-16_ttft_component_regression/phase1/input4000_rate2p5_reuse00_seed2,75,0.01910499581959689,12.86809591521994,12.887200911039535,471.8093987898427,0.0,484.69659970088225,7.616505,448.984696,0.0,456.601201
2026-07-16_ttft_component_regression/phase1/input4000_rate2p5_reuse00_seed2,105,0.01833310101274218,12.919653505206387,12.937986606219129,471.8093987898427,0.0,484.7473853960618,127.498133,673.313053,0.0,800.811186
2026-07-16_ttft_component_regression/phase1/input4000_rate2p5_reuse00_seed2,106,0.0,11.741276710205222,11.741276710205222,471.8093987898427,0.0,483.55067550004793,154.151327,451.731689,0.0,605.883016
2026-07-16_ttft_component_regression/phase1/input4000_rate2p5_reuse00_seed2,104,0.021618559524201136,6.712367477323593,6.733986036847794,471.8093987898427,0.0,478.5433848266905,8.058272,450.668989,0.0,458.727261
2026-07-16_ttft_component_regression/phase1/input4000_rate2p5_reuse00_seed2,117,0.0,10.871360709869867,10.871360709869867,471.8093987898427,0.0,482.68075949971256,14.391823,453.815565,0.0,468.207388
2026-07-16_ttft_component_regression/phase1/input4000_rate2p5_reuse00_seed2,143,0.016860758790087093,13.005826048683478,13.022686807473566,471.8093987898427,0.0,484.8320855973163,6.040946,450.568984,0.0,456.60993
2026-07-16_ttft_component_regression/phase1/input4000_rate2p5_reuse00_seed2,154,0.020661062869761073,6.6051746306588095,6.625835693528571,471.8093987898427,0.0,478.4352344833713,1.533976,445.125791,0.0,446.659767
2026-07-16_ttft_component_regression/phase1/input4000_rate2p5_reuse00_seed2,156,0.0,11.740670946671584,11.740670946671584,471.8093987898427,0.0,483.5500697365143,220.39824,451.221417,0.0,671.619657
2026-07-16_ttft_component_regression/phase1/input4000_rate2p5_reuse00_seed2,155,0.01793456201725829,12.94443820343515,12.962372765452407,471.8093987898427,0.0,484.7717715552951,171.580855,448.731064,0.0,620.311919
2026-07-16_ttft_component_regression/phase1/input4000_rate2p5_reuse00_seed2,164,0.0,10.886488645037732,10.886488645037732,471.8093987898427,0.0,482.69588743488043,5.184883,453.750989,0.0,458.935872
2026-07-16_ttft_component_regression/phase1/input4000_rate2p5_reuse00_seed2,178,0.0,12.280462132850937,12.280462132850937,471.8093987898427,0.0,484.0898609226936,18.346099,458.083721,0.0,476.42982
2026-07-16_ttft_component_regression/phase1/input4000_rate2p5_reuse00_seed2,201,0.5252351599750126,28.120879398549878,28.64611455852489,471.8093987898427,0.6224345573171607,501.07794790568477,143.767682,689.117175,0.613411,833.498268
2026-07-16_ttft_component_regression/phase1/input4000_rate2p5_reuse00_seed2,203,0.5252351599750126,28.120879398549878,28.64611455852489,471.8093987898427,0.6224345573171607,501.07794790568477,89.912135,457.98344,0.613411,548.508986
2026-07-16_ttft_component_regression/phase1/input4000_rate2p5_reuse00_seed2,200,0.016755832558030728,11.907906947755574,11.924662780313605,471.8093987898427,0.0,483.7340615701563,7.934083,454.556059,0.0,462.490142
2026-07-16_ttft_component_regression/phase1/input4000_rate2p5_reuse00_seed2,238,0.02169345092562317,6.721189866358149,6.742883317283772,471.8093987898427,0.0,478.5522821071265,8.802563,461.868874,0.0,470.671437
2026-07-16_ttft_component_regression/phase1/input4000_rate2p5_reuse00_seed2,263,0.020745028799303924,6.614199806350818,6.634944835150122,471.8093987898427,0.0,478.4443436249928,9.67971,447.254058,0.0,456.933768
2026-07-16_ttft_component_regression/phase1/input4000_rate2p5_reuse00_seed2,269,0.019870811293391084,6.5232055668584,6.543076378151791,471.8093987898427,0.0,478.3524751679945,11.039712,459.391491,0.0,470.431203
2026-07-16_ttft_component_regression/phase1/input4000_rate2p5_reuse00_seed2,272,0.0,11.740580362726337,11.740580362726337,471.8093987898427,0.0,483.54997915256905,189.980552,690.127304,0.0,880.107856
2026-07-16_ttft_component_regression/phase1/input4000_rate2p5_reuse00_seed2,277,0.0,10.872355455375066,10.872355455375066,471.8093987898427,0.0,482.68175424521775,0.017707,463.67556,0.0,463.693267
2026-07-16_ttft_component_regression/phase1/input4000_rate2p5_reuse00_seed2,278,0.0,12.246755772370017,12.246755772370017,471.8093987898427,0.0,484.0561545622127,4.453319,471.741126,0.0,476.194445
2026-07-16_ttft_component_regression/phase1/input4000_rate2p5_reuse00_seed2,286,0.007677535719816008,15.119108269918499,15.126785805638315,471.8093987898427,0.0,486.936184595481,5.132325,468.550704,0.0,473.683029
2026-07-16_ttft_component_regression/phase1/input4000_rate2p5_reuse00_seed2,271,0.01744559089784467,12.973315344515584,12.990760935413428,471.8093987898427,0.0,484.80015972525615,29.253402,464.767601,0.0,494.021003
2026-07-16_ttft_component_regression/phase1/input4000_rate2p5_reuse00_seed2,290,0.009119997809103265,15.21316179798456,15.222281795793663,471.8093987898427,0.0,487.03168058563637,10.182339,467.955074,0.0,478.137413
2026-07-16_ttft_component_regression/phase1/input4000_rate2p5_reuse00_seed2,3,0.0,0.0,0.0,471.8093987898427,0.0,471.8093987898427,0.04321,439.218678,0.0,439.261888
2026-07-16_ttft_component_regression/phase1/input4000_rate2p5_reuse00_seed2,12,0.018411815368914154,12.914617432528905,12.933029247897819,471.8093987898427,0.0,484.7424280377405,5.908806,448.49068,0.0,454.399486
2026-07-16_ttft_component_regression/phase1/input4000_rate2p5_reuse00_seed2,4,0.02099235196554329,6.641175179909498,6.662167531875041,471.8093987898427,0.0,478.4715663217177,5.083603,444.335775,0.0,449.419378
2026-07-16_ttft_component_regression/phase1/input4000_rate2p5_reuse00_seed2,19,0.0,11.740580362726337,11.740580362726337,471.8093987898427,0.0,483.54997915256905,10.155875,451.187049,0.0,461.342924
2026-07-16_ttft_component_regression/phase1/input4000_rate2p5_reuse00_seed2,47,0.0,10.883025411829045,10.883025411829045,471.8093987898427,0.0,482.69242420167177,11.805097,454.768877,0.0,466.573974
2026-07-16_ttft_component_regression/phase1/input4000_rate2p5_reuse00_seed2,45,0.0,11.739376403633674,11.739376403633674,471.8093987898427,0.0,483.5487751934764,9.558787,453.145417,0.0,462.704204
2026-07-16_ttft_component_regression/phase1/input4000_rate2p5_reuse00_seed2,52,0.0,10.883025411829045,10.883025411829045,471.8093987898427,0.0,482.69242420167177,18.341008,454.693709,0.0,473.034717
2026-07-16_ttft_component_regression/phase1/input4000_rate2p5_reuse00_seed2,70,0.0,10.868453426742244,10.868453426742244,471.8093987898427,0.0,482.67785221658494,0.682235,454.128205,0.0,454.81044
2026-07-16_ttft_component_regression/phase1/input4000_rate2p5_reuse00_seed2,53,0.0,12.295066109849941,12.295066109849941,471.8093987898427,0.0,484.10446489969263,138.038033,457.480233,0.0,595.518266
2026-07-16_ttft_component_regression/phase1/input4000_rate2p5_reuse00_seed2,82,0.0,10.867509762273665,10.867509762273665,471.8093987898427,0.0,482.67690855211634,3.497088,454.819597,0.0,458.316685
2026-07-16_ttft_component_regression/phase1/input4000_rate2p5_reuse00_seed2,98,0.0,11.741221882506533,11.741221882506533,471.8093987898427,0.0,483.5506206723492,12.162463,453.066793,0.0,465.229256
2026-07-16_ttft_component_regression/phase1/input4000_rate2p5_reuse00_seed2,122,0.0,12.222998433209888,12.222998433209888,471.8093987898427,0.0,484.0323972230526,13.261922,432.543708,0.0,445.80563
2026-07-16_ttft_component_regression/phase1/input4000_rate2p5_reuse00_seed2,101,0.018411815368914154,12.914617432528905,12.933029247897819,471.8093987898427,0.0,484.7424280377405,8.483812,448.99132,0.0,457.475132
2026-07-16_ttft_component_regression/phase1/input4000_rate2p5_reuse00_seed2,111,0.0,11.740670946671584,11.740670946671584,471.8093987898427,0.0,483.5500697365143,6.83924,451.784969,0.0,458.624209
2026-07-16_ttft_component_regression/phase1/input4000_rate2p5_reuse00_seed2,113,0.0,10.884166128368488,10.884166128368488,471.8093987898427,0.0,482.69356491821117,68.895505,453.483501,0.0,522.379006
2026-07-16_ttft_component_regression/phase1/input4000_rate2p5_reuse00_seed2,137,0.0,12.290187594899784,12.290187594899784,471.8093987898427,0.0,484.0995863847425,0.914593,458.522825,0.0,459.437418
2026-07-16_ttft_component_regression/phase1/input4000_rate2p5_reuse00_seed2,165,0.021618559524201136,6.712367477323593,6.733986036847794,471.8093987898427,0.0,478.5433848266905,4.269664,460.807457,0.0,465.077121
2026-07-16_ttft_component_regression/phase1/input4000_rate2p5_reuse00_seed2,177,0.021153434719283343,6.659074866639827,6.680228301359111,471.8093987898427,0.0,478.48962709120184,11.806448,458.787481,0.0,470.593929
2026-07-16_ttft_component_regression/phase1/input4000_rate2p5_reuse00_seed2,180,0.017527885686512826,12.968567597406643,12.986095483093155,471.8093987898427,0.0,484.79549427293585,17.05389,457.511849,0.0,474.565739
2026-07-16_ttft_component_regression/phase1/input4000_rate2p5_reuse00_seed2,226,0.020386320388214575,6.024231650127874,6.0446179705160885,471.8093987898427,0.0,477.8540167603588,127.634833,456.279725,0.0,583.914558
2026-07-16_ttft_component_regression/phase1/input4000_rate2p5_reuse00_seed2,225,0.0,0.0,0.0,471.8093987898427,0.0,471.8093987898427,0.002607,454.312517,0.0,454.315124
2026-07-16_ttft_component_regression/phase1/input4000_rate2p5_reuse00_seed2,228,0.01785387157070129,12.949316324247599,12.9671701958183,471.8093987898427,0.0,484.776568985661,0.451355,455.943183,0.0,456.394538
2026-07-16_ttft_component_regression/phase1/input4000_rate2p5_reuse00_seed2,239,0.0,10.876464466585766,10.876464466585766,471.8093987898427,0.0,482.6858632564285,12.523321,462.182637,0.0,474.705958
2026-07-16_ttft_component_regression/phase1/input4000_rate2p5_reuse00_seed2,241,0.0062311864970460845,15.02602126993472,15.032252456431767,471.8093987898427,0.0,486.84165124627447,185.02155,700.260654,0.0,885.282204
2026-07-16_ttft_component_regression/phase1/input4000_rate2p5_reuse00_seed2,229,0.0,11.739792600165961,11.739792600165961,471.8093987898427,0.0,483.5491913900087,0.343417,461.175025,0.0,461.518442
2026-07-16_ttft_component_regression/phase1/input4000_rate2p5_reuse00_seed2,240,0.0,12.213570245855237,12.213570245855237,471.8093987898427,0.0,484.02296903569794,49.313369,717.353147,0.0,766.666516
2026-07-16_ttft_component_regression/phase1/input4000_rate2p5_reuse00_seed2,245,0.036942076060420596,18.312631146658088,18.349573222718508,471.8093987898427,0.0,490.1589720125612,18.331315,475.656788,0.0,493.988103
2026-07-16_ttft_component_regression/phase1/input4000_rate2p5_reuse00_seed2,258,0.03781972258968035,18.429564393659845,18.467384116249526,471.8093987898427,0.0,490.27678290609225,11.96641,468.808077,0.0,480.774487
2026-07-16_ttft_component_regression/phase1/input4000_rate2p5_reuse00_seed2,270,0.0,11.739376403633674,11.739376403633674,471.8093987898427,0.0,483.5487751934764,174.979527,463.497582,0.0,638.477109
2026-07-16_ttft_component_regression/phase1/input4000_rate2p5_reuse00_seed2,268,0.016860758790087093,13.005826048683478,13.022686807473566,471.8093987898427,0.0,484.8320855973163,8.305415,465.063241,0.0,473.368656
2026-07-16_ttft_component_regression/phase1/input4000_rate2p5_reuse00_seed2,22,0.020490836028753633,6.587074466406383,6.607565302435137,471.8093987898427,0.0,478.41696409227785,15.17282,444.661631,0.0,459.834451
2026-07-16_ttft_component_regression/phase1/input4000_rate2p5_reuse00_seed2,10,0.0,0.0,0.0,471.8093987898427,0.0,471.8093987898427,0.02598,439.218678,0.0,439.244658
2026-07-16_ttft_component_regression/phase1/input4000_rate2p5_reuse00_seed2,26,0.01932983609825957,12.852106668449077,12.871436504547336,471.8093987898427,0.0,484.68083529439,15.756605,448.77212,0.0,464.528725
2026-07-16_ttft_component_regression/phase1/input4000_rate2p5_reuse00_seed2,28,0.0,11.74129449781899,11.74129449781899,471.8093987898427,0.0,483.5506932876617,165.763723,451.252393,0.0,617.016116
2026-07-16_ttft_component_regression/phase1/input4000_rate2p5_reuse00_seed2,29,0.0,10.871360709869867,10.871360709869867,471.8093987898427,0.0,482.68075949971256,111.833668,453.079021,0.0,564.912689
2026-07-16_ttft_component_regression/phase1/input4000_rate2p5_reuse00_seed2,38,0.0,12.227728568875614,12.227728568875614,471.8093987898427,0.0,484.0371273587183,8.756952,456.588873,0.0,465.345825
2026-07-16_ttft_component_regression/phase1/input4000_rate2p5_reuse00_seed2,62,0.0,11.740484154342829,11.740484154342829,471.8093987898427,0.0,483.5498829441855,9.017557,453.371657,0.0,462.389214
2026-07-16_ttft_component_regression/phase1/input4000_rate2p5_reuse00_seed2,64,0.0,10.87336313721185,10.87336313721185,471.8093987898427,0.0,482.68276192705457,8.775136,454.919533,0.0,463.694669
2026-07-16_ttft_component_regression/phase1/input4000_rate2p5_reuse00_seed2,84,0.0,11.741103228797478,11.741103228797478,471.8093987898427,0.0,483.5505020186402,2.478148,464.616831,0.0,467.094979
2026-07-16_ttft_component_regression/phase1/input4000_rate2p5_reuse00_seed2,85,0.0,10.851899819623748,10.851899819623748,471.8093987898427,0.0,482.6612986094664,59.728698,644.368817,0.0,704.097515
2026-07-16_ttft_component_regression/phase1/input4000_rate2p5_reuse00_seed2,80,0.01895335655217631,12.878621011762487,12.897574368314663,471.8093987898427,0.0,484.7069731581574,5.640514,449.025592,0.0,454.666106
2026-07-16_ttft_component_regression/phase1/input4000_rate2p5_reuse00_seed2,88,0.0,12.121661783725855,12.121661783725855,471.8093987898427,0.0,483.9310605735686,10.158608,456.437321,0.0,466.595929
2026-07-16_ttft_component_regression/phase1/input4000_rate2p5_reuse00_seed2,110,0.0,12.180909755389944,12.180909755389944,471.8093987898427,0.0,483.99030854523266,13.229845,457.454217,0.0,470.684062
2026-07-16_ttft_component_regression/phase1/input4000_rate2p5_reuse00_seed2,94,0.005748507783476674,14.99521336898573,15.000961876769207,471.8093987898427,0.0,486.8103606666119,3.082996,459.522662,0.0,462.605658
2026-07-16_ttft_component_regression/phase1/input4000_rate2p5_reuse00_seed2,121,0.007195764950755075,15.087970061842848,15.095165826793602,471.8093987898427,0.0,486.9045646166363,6.425897,460.267206,0.0,466.693103
2026-07-16_ttft_component_regression/phase1/input4000_rate2p5_reuse00_seed2,133,0.0,11.740044436852868,11.740044436852868,471.8093987898427,0.0,483.5494432266956,12.630468,452.758889,0.0,465.389357
2026-07-16_ttft_component_regression/phase1/input4000_rate2p5_reuse00_seed2,148,0.0,10.888866374945698,10.888866374945698,471.8093987898427,0.0,482.6982651647884,204.845328,705.013656,0.0,909.858984
2026-07-16_ttft_component_regression/phase1/input4000_rate2p5_reuse00_seed2,146,0.0,11.738915710530824,11.738915710530824,471.8093987898427,0.0,483.5483145003735,102.72013,466.531616,0.0,569.251746
2026-07-16_ttft_component_regression/phase1/input4000_rate2p5_reuse00_seed2,144,0.01669089163211028,13.014883697034968,13.031574588667079,471.8093987898427,0.0,484.8409733785098,17.714268,456.111882,0.0,473.82615
2026-07-16_ttft_component_regression/phase1/input4000_rate2p5_reuse00_seed2,170,0.0,10.874383821935378,10.874383821935378,471.8093987898427,0.0,482.6837826117781,13.065944,465.982088,0.0,479.048032
2026-07-16_ttft_component_regression/phase1/input4000_rate2p5_reuse00_seed2,186,0.019404682744906487,6.477097703657097,6.496502386402003,471.8093987898427,0.0,478.30590117624473,2.918784,453.207753,0.0,456.126537
2026-07-16_ttft_component_regression/phase1/input4000_rate2p5_reuse00_seed2,214,0.019626672459798197,11.733209530185624,11.752836202645423,471.8093987898427,0.0,483.56223499248813,77.027641,702.238959,0.0,779.2666
2026-07-16_ttft_component_regression/phase1/input4000_rate2p5_reuse00_seed2,213,0.019328360062793412,5.923318320727776,5.94264668079057,471.8093987898427,0.0,477.7520454706333,2.863091,458.779991,0.0,461.643082
2026-07-16_ttft_component_regression/phase1/input4000_rate2p5_reuse00_seed2,215,0.0,10.753975484880215,10.753975484880215,471.8093987898427,0.0,482.56337427472295,383.386276,674.125604,0.0,1057.51188
2026-07-16_ttft_component_regression/phase1/input4000_rate2p5_reuse00_seed2,274,0.0,0.0,0.0,471.8093987898427,0.0,471.8093987898427,0.043674,447.830411,0.0,447.874085
2026-07-16_ttft_component_regression/phase1/input4000_rate2p5_reuse00_seed2,280,0.019686696556639512,6.504810724178044,6.524497420734683,471.8093987898427,0.0,478.3338962105774,14.854799,459.390935,0.0,474.245734
2026-07-16_ttft_component_regression/phase1/input4000_rate2p5_reuse00_seed2,285,0.01969748398853585,12.82491758453103,12.844615068519566,471.8093987898427,0.0,484.65401385836225,9.448765,458.081787,0.0,467.530552
2026-07-16_ttft_component_regression/phase1/input4000_rate2p5_reuse00_seed2,289,0.0,11.740908794328181,11.740908794328181,471.8093987898427,0.0,483.55030758417087,13.026169,458.022218,0.0,471.048387
2026-07-16_ttft_component_regression/phase1/input4000_rate2p5_reuse00_seed2,299,0.0,10.852615261098457,10.852615261098457,471.8093987898427,0.0,482.66201405094114,9.954454,460.764293,0.0,470.718747
2026-07-16_ttft_component_regression/phase1/input4000_rate2p5_reuse00_seed2,31,0.0,0.0,0.0,471.8093987898427,0.0,471.8093987898427,0.005086,439.218678,0.0,439.223764
2026-07-16_ttft_component_regression/phase1/input4000_rate2p5_reuse00_seed2,36,0.02099235196554329,6.641175179909498,6.662167531875041,471.8093987898427,0.0,478.4715663217177,11.834921,444.372479,0.0,456.2074
2026-07-16_ttft_component_regression/phase1/input4000_rate2p5_reuse00_seed2,39,0.01785387157070129,12.949316324247599,12.9671701958183,471.8093987898427,0.0,484.776568985661,13.867444,448.628952,0.0,462.496396
2026-07-16_ttft_component_regression/phase1/input4000_rate2p5_reuse00_seed2,44,0.0,11.739921126640118,11.739921126640118,471.8093987898427,0.0,483.54931991648283,2.375719,451.474601,0.0,453.85032
2026-07-16_ttft_component_regression/phase1/input4000_rate2p5_reuse00_seed2,57,0.0,10.87752455994749,10.87752455994749,471.8093987898427,0.0,482.6869233497902,18.668083,454.775949,0.0,473.444032
2026-07-16_ttft_component_regression/phase1/input4000_rate2p5_reuse00_seed2,60,0.0,12.213570245855237,12.213570245855237,471.8093987898427,0.0,484.02296903569794,11.735612,457.712777,0.0,469.448389
2026-07-16_ttft_component_regression/phase1/input4000_rate2p5_reuse00_seed2,100,0.0,0.0,0.0,471.8093987898427,0.0,471.8093987898427,0.002355,439.218678,0.0,439.221033
2026-07-16_ttft_component_regression/phase1/input4000_rate2p5_reuse00_seed2,116,0.01895335655217631,12.878621011762487,12.897574368314663,471.8093987898427,0.0,484.7069731581574,171.940098,448.600376,0.0,620.540474
2026-07-16_ttft_component_regression/phase1/input4000_rate2p5_reuse00_seed2,114,0.020661062869761073,6.6051746306588095,6.625835693528571,471.8093987898427,0.0,478.4352344833713,1.694156,444.874271,0.0,446.568427
2026-07-16_ttft_component_regression/phase1/input4000_rate2p5_reuse00_seed2,128,0.0,10.867509762273665,10.867509762273665,471.8093987898427,0.0,482.67690855211634,3.568869,453.732109,0.0,457.300978
2026-07-16_ttft_component_regression/phase1/input4000_rate2p5_reuse00_seed2,124,0.0,11.741092528883255,11.741092528883255,471.8093987898427,0.0,483.55049131872596,8.255136,451.326985,0.0,459.582121
2026-07-16_ttft_component_regression/phase1/input4000_rate2p5_reuse00_seed2,134,0.006472440558874782,15.041467094314761,15.047939534873636,471.8093987898427,0.0,486.85733832471635,12.899197,459.771494,0.0,472.670691
2026-07-16_ttft_component_regression/phase1/input4000_rate2p5_reuse00_seed2,135,0.03637397065308019,18.240526192330893,18.276900162983974,471.8093987898427,0.0,490.08629895282667,10.342504,461.74001,0.0,472.082514
2026-07-16_ttft_component_regression/phase1/input4000_rate2p5_reuse00_seed2,129,0.0,12.21827898812421,12.21827898812421,471.8093987898427,0.0,484.0276777779669,19.872755,456.646921,0.0,476.519676
2026-07-16_ttft_component_regression/phase1/input4000_rate2p5_reuse00_seed2,147,0.03637397065308019,18.240526192330893,18.276900162983974,471.8093987898427,0.0,490.08629895282667,16.369754,462.270442,0.0,478.640196
2026-07-16_ttft_component_regression/phase1/input4000_rate2p5_reuse00_seed2,151,0.03644612558538537,18.249544484497207,18.285990610082592,471.8093987898427,0.0,490.0953893999253,19.174505,462.721546,0.0,481.896051
2026-07-16_ttft_component_regression/phase1/input4000_rate2p5_reuse00_seed2,204,0.0,0.0,0.0,471.8093987898427,0.0,471.8093987898427,0.00379,453.295716,0.0,453.299506
2026-07-16_ttft_component_regression/phase1/input4000_rate2p5_reuse00_seed2,208,0.019499467909973665,6.486351414909682,6.505850882819655,471.8093987898427,0.0,478.31524967266233,9.103807,453.737372,0.0,462.841179
2026-07-16_ttft_component_regression/phase1/input4000_rate2p5_reuse00_seed2,211,0.018971625011684038,11.778809140300144,11.797780765311828,471.8093987898427,0.0,483.6071795551545,66.720085,456.795517,0.0,523.515602
2026-07-16_ttft_component_regression/phase1/input4000_rate2p5_reuse00_seed2,212,0.0,10.754076013445005,10.754076013445005,471.8093987898427,0.0,482.5634748032877,52.13035,686.085309,0.0,738.215659
2026-07-16_ttft_component_regression/phase1/input4000_rate2p5_reuse00_seed2,218,0.0,10.866578702301192,10.866578702301192,471.8093987898427,0.0,482.6759774921439,5.660568,466.407508,0.0,472.068076
2026-07-16_ttft_component_regression/phase1/input4000_rate2p5_reuse00_seed2,223,0.0,11.189748193199426,11.189748193199426,471.8093987898427,0.0,482.9991469830421,7.218089,466.249169,0.0,473.467258
2026-07-16_ttft_component_regression/phase1/input4000_rate2p5_reuse00_seed2,232,0.00803858395416353,15.142532481951578,15.150571065905742,471.8093987898427,0.0,486.95996985574845,17.643356,468.193417,0.0,485.836773
2026-07-16_ttft_component_regression/phase1/input4000_rate2p5_reuse00_seed2,235,0.03801404190860173,18.45649969318917,18.494513735097772,471.8093987898427,0.0,490.3039125249405,13.917122,476.693898,0.0,490.61102
2026-07-16_ttft_component_regression/phase1/input4000_rate2p5_reuse00_seed2,244,0.010198239512160734,15.284313801316477,15.294512040828637,471.8093987898427,0.0,487.10391083067134,0.043635,470.581361,0.0,470.624996
2026-07-16_ttft_component_regression/phase1/input4000_rate2p5_reuse00_seed2,254,0.0,12.27561521042949,12.27561521042949,471.8093987898427,0.0,484.08501400027217,16.576208,464.501027,0.0,481.077235
2026-07-16_ttft_component_regression/phase1/input4000_rate2p5_reuse00_seed2,260,0.0,10.885320517003807,10.885320517003807,471.8093987898427,0.0,482.69471930684654,13.114276,462.981424,0.0,476.0957
2026-07-16_ttft_component_regression/phase1/input4000_rate2p5_reuse00_seed2,279,0.02099235196554329,6.641175179909498,6.662167531875041,471.8093987898427,0.0,478.4715663217177,12.881132,459.436629,0.0,472.317761
2026-07-16_ttft_component_regression/phase1/input4000_rate2p5_reuse00_seed2,282,0.018411815368914154,12.914617432528905,12.933029247897819,471.8093987898427,0.0,484.7424280377405,6.767307,459.800818,0.0,466.568125
2026-07-16_ttft_component_regression/phase1/input4000_rate2p5_reuse00_seed2,291,0.0,11.740580362726337,11.740580362726337,471.8093987898427,0.0,483.54997915256905,10.347224,462.555028,0.0,472.902252
2026-07-16_ttft_component_regression/phase1/input4000_rate2p5_reuse00_seed2,16,0.0,0.0,0.0,471.8093987898427,0.0,471.8093987898427,0.00768,439.218678,0.0,439.226358
2026-07-16_ttft_component_regression/phase1/input4000_rate2p5_reuse00_seed2,17,0.020828231438017007,6.623208318929981,6.644036550367998,471.8093987898427,0.0,478.4534353402107,216.823383,444.299839,0.0,661.123222
2026-07-16_ttft_component_regression/phase1/input4000_rate2p5_reuse00_seed2,30,0.018723309898157767,12.894207892340402,12.91293120223856,471.8093987898427,0.0,484.72232999208126,18.332762,449.104152,0.0,467.436914
2026-07-16_ttft_component_regression/phase1/input4000_rate2p5_reuse00_seed2,40,0.0,11.741305777376587,11.741305777376587,471.8093987898427,0.0,483.55070456721927,4.328063,452.429961,0.0,456.758024
2026-07-16_ttft_component_regression/phase1/input4000_rate2p5_reuse00_seed2,77,0.020490836028753633,6.587074466406383,6.607565302435137,471.8093987898427,0.0,478.41696409227785,164.407877,665.177248,0.0,829.585125
2026-07-16_ttft_component_regression/phase1/input4000_rate2p5_reuse00_seed2,78,0.01864594378585388,12.899350152009184,12.917996095795038,471.8093987898427,0.0,484.72739488563775,29.02246,448.397976,0.0,477.420436
2026-07-16_ttft_component_regression/phase1/input4000_rate2p5_reuse00_seed2,76,0.0,0.0,0.0,471.8093987898427,0.0,471.8093987898427,0.013561,443.684226,0.0,443.697787
2026-07-16_ttft_component_regression/phase1/input4000_rate2p5_reuse00_seed2,89,0.0,11.741276710205222,11.741276710205222,471.8093987898427,0.0,483.55067550004793,14.758311,451.790793,0.0,466.549104
2026-07-16_ttft_component_regression/phase1/input4000_rate2p5_reuse00_seed2,107,0.0,10.881898300154381,10.881898300154381,471.8093987898427,0.0,482.6912970899971,16.155334,454.403565,0.0,470.558899
2026-07-16_ttft_component_regression/phase1/input4000_rate2p5_reuse00_seed2,103,0.0,10.871360709869867,10.871360709869867,471.8093987898427,0.0,482.68075949971256,18.063641,454.756013,0.0,472.819654
2026-07-16_ttft_component_regression/phase1/input4000_rate2p5_reuse00_seed2,126,0.0,11.741252482457295,11.741252482457295,471.8093987898427,0.0,483.5506512723,14.026144,452.418761,0.0,466.444905
2026-07-16_ttft_component_regression/phase1/input4000_rate2p5_reuse00_seed2,127,0.0,10.872355455375066,10.872355455375066,471.8093987898427,0.0,482.68175424521775,3.177819,454.047405,0.0,457.225224
2026-07-16_ttft_component_regression/phase1/input4000_rate2p5_reuse00_seed2,136,0.0,10.869409761950966,10.869409761950966,471.8093987898427,0.0,482.6788085517937,17.572615,454.677037,0.0,472.249652
2026-07-16_ttft_component_regression/phase1/input4000_rate2p5_reuse00_seed2,150,0.018014926970707286,12.939533869949095,12.957548796919802,471.8093987898427,0.0,484.7669475867625,8.248594,449.620024,0.0,457.868618
2026-07-16_ttft_component_regression/phase1/input4000_rate2p5_reuse00_seed2,166,0.020745028799303924,6.614199806350818,6.634944835150122,471.8093987898427,0.0,478.4443436249928,7.610984,445.358591,0.0,452.969575
2026-07-16_ttft_component_regression/phase1/input4000_rate2p5_reuse00_seed2,171,0.01910499581959689,12.86809591521994,12.887200911039535,471.8093987898427,0.0,484.69659970088225,8.564444,449.439352,0.0,458.003796
2026-07-16_ttft_component_regression/phase1/input4000_rate2p5_reuse00_seed2,176,0.0,11.74129449781899,11.74129449781899,471.8093987898427,0.0,483.5506932876617,15.126535,457.616153,0.0,472.742688
2026-07-16_ttft_component_regression/phase1/input4000_rate2p5_reuse00_seed2,187,0.0,11.741045694383878,11.741045694383878,471.8093987898427,0.0,483.5504444842266,6.948824,458.168072,0.0,465.116896
2026-07-16_ttft_component_regression/phase1/input4000_rate2p5_reuse00_seed2,191,0.0,12.121661783725855,12.121661783725855,471.8093987898427,0.0,483.9310605735686,20.271936,472.464643,0.0,492.736579
2026-07-16_ttft_component_regression/phase1/input4000_rate2p5_reuse00_seed2,193,0.0044204377194909175,14.911077032358452,14.915497470077943,471.8093987898427,0.0,486.7248962599206,1.185845,471.461802,0.0,472.647647
2026-07-16_ttft_component_regression/phase1/input4000_rate2p5_reuse00_seed2,202,0.034785806319894995,18.05088643575607,18.085672242075965,471.8093987898427,0.0,489.8950710319187,14.051476,476.761343,0.0,490.812819
2026-07-16_ttft_component_regression/phase1/input4000_rate2p5_reuse00_seed2,189,0.0,10.861253334709595,10.861253334709595,471.8093987898427,0.0,482.6706521245523,0.924265,463.636221,0.0,464.560486
2026-07-16_ttft_component_regression/phase1/input4000_rate2p5_reuse00_seed2,222,0.03519527947135077,16.65812984166035,16.6933251211317,471.8093987898427,0.0,488.5027239109744,2.819081,470.391699,0.0,473.21078
2026-07-16_ttft_component_regression/phase1/input4000_rate2p5_reuse00_seed2,216,0.0052656551890694165,14.964518233960861,14.96978388914993,471.8093987898427,0.0,486.77918267899264,20.180435,469.448006,0.0,489.628441
2026-07-16_ttft_component_regression/phase1/input4000_rate2p5_reuse00_seed2,284,0.0,0.0,0.0,471.8093987898427,0.0,471.8093987898427,0.004754,451.643414,0.0,451.648168
2026-07-16_ttft_component_regression/phase1/input4000_rate2p5_reuse00_seed2,287,0.019404682744906487,6.477097703657097,6.496502386402003,471.8093987898427,0.0,478.30590117624473,8.317407,452.531401,0.0,460.848808
2026-07-16_ttft_component_regression/phase1/input4000_rate2p5_reuse00_seed3,5,0.0,0.0,0.0,471.4918571486927,2.042810365310288e-14,471.4918571486927,0.003544,439.218678,0.0,439.222222
2026-07-16_ttft_component_regression/phase1/input4000_rate2p5_reuse00_seed3,24,0.019260848833085223,6.134913723402301,6.154174572235386,471.4918571486927,2.042810365310288e-14,477.6460317209281,4.766117,445.246367,0.0,450.012484
2026-07-16_ttft_component_regression/phase1/input4000_rate2p5_reuse00_seed3,40,0.019546961588548472,6.168592279941651,6.188139241530199,471.4918571486927,2.042810365310288e-14,477.6799963902229,9.171215,445.242623,0.0,454.413838
2026-07-16_ttft_component_regression/phase1/input4000_rate2p5_reuse00_seed3,49,0.0,15.276322624488268,15.276322624488268,471.4918571486927,2.042810365310288e-14,486.768179773181,126.123628,678.062207,0.0,804.185835
2026-07-16_ttft_component_regression/phase1/input4000_rate2p5_reuse00_seed3,48,0.01858575259569666,15.083744708964877,15.102330461560573,471.4918571486927,2.042810365310288e-14,486.5941876102533,17.7488,453.442299,0.0,471.191099
2026-07-16_ttft_component_regression/phase1/input4000_rate2p5_reuse00_seed3,67,0.0,15.197490127921762,15.197490127921762,471.4918571486927,2.042810365310288e-14,486.68934727661446,12.30746,452.305705,0.0,464.613165
2026-07-16_ttft_component_regression/phase1/input4000_rate2p5_reuse00_seed3,91,0.020449396813399082,6.279359641924356,6.299809038737755,471.4918571486927,2.042810365310288e-14,477.79166618743045,9.465516,446.296415,0.0,455.761931
2026-07-16_ttft_component_regression/phase1/input4000_rate2p5_reuse00_seed3,110,0.019066130960105433,6.1123489581651285,6.131415089125234,471.4918571486927,2.042810365310288e-14,477.62327223781796,6.008212,445.268895,0.0,451.277107
2026-07-16_ttft_component_regression/phase1/input4000_rate2p5_reuse00_seed3,119,0.019066130960105433,6.1123489581651285,6.131415089125234,471.4918571486927,2.042810365310288e-14,477.62327223781796,7.679169,445.205023,0.0,452.884192
2026-07-16_ttft_component_regression/phase1/input4000_rate2p5_reuse00_seed3,141,0.0,0.0,0.0,471.4918571486927,2.042810365310288e-14,471.4918571486927,0.027504,439.218678,0.0,439.246182
2026-07-16_ttft_component_regression/phase1/input4000_rate2p5_reuse00_seed3,146,0.01945238418549726,6.157388711983412,6.176841096168909,471.4918571486927,2.042810365310288e-14,477.6686982448616,2.554813,444.544447,0.0,447.09926
2026-07-16_ttft_component_regression/phase1/input4000_rate2p5_reuse00_seed3,166,0.0,15.416950253114884,15.416950253114884,471.4918571486927,2.042810365310288e-14,486.90880740180756,9.539653,452.035497,0.0,461.57515
2026-07-16_ttft_component_regression/phase1/input4000_rate2p5_reuse00_seed3,163,0.019573226059333475,15.027955678545073,15.047528904604407,471.4918571486927,2.042810365310288e-14,486.5393860532971,13.535177,449.599608,0.0,463.134785
2026-07-16_ttft_component_regression/phase1/input4000_rate2p5_reuse00_seed3,170,0.0,15.353092071631327,15.353092071631327,471.4918571486927,2.042810365310288e-14,486.84494922032405,10.279338,451.874185,0.0,462.153523
2026-07-16_ttft_component_regression/phase1/input4000_rate2p5_reuse00_seed3,172,0.0,12.141650126707807,12.141650126707807,471.4918571486927,2.042810365310288e-14,483.6335072754005,12.2409,453.579053,0.0,465.819953
2026-07-16_ttft_component_regression/phase1/input4000_rate2p5_reuse00_seed3,184,0.0,11.480501985406583,11.480501985406583,471.4918571486927,2.042810365310288e-14,482.9723591340993,7.074168,463.421609,0.0,470.495777
2026-07-16_ttft_component_regression/phase1/input4000_rate2p5_reuse00_seed3,180,0.0,11.478172382469438,11.478172382469438,471.4918571486927,2.042810365310288e-14,482.97002953116214,9.19198,457.141193,0.0,466.333173
2026-07-16_ttft_component_regression/phase1/input4000_rate2p5_reuse00_seed3,197,0.03666958447478036,15.359573455162465,15.396243039637245,471.4918571486927,2.042810365310288e-14,486.88810018832993,2.321783,477.556145,0.0,479.877928
2026-07-16_ttft_component_regression/phase1/input4000_rate2p5_reuse00_seed3,191,0.007102898544318537,12.859878018328654,12.866980916872972,471.4918571486927,2.042810365310288e-14,484.3588380655657,14.380117,474.413216,0.0,488.793333
2026-07-16_ttft_component_regression/phase1/input4000_rate2p5_reuse00_seed3,242,0.0,0.0,0.0,471.4918571486927,2.042810365310288e-14,471.4918571486927,0.004864,453.677016,0.0,453.68188
2026-07-16_ttft_component_regression/phase1/input4000_rate2p5_reuse00_seed3,275,0.01897268072705958,15.063302833410434,15.082275514137494,471.4918571486927,2.042810365310288e-14,486.5741326628302,151.003208,669.007182,0.0,820.01039
2026-07-16_ttft_component_regression/phase1/input4000_rate2p5_reuse00_seed3,274,0.02027518277116423,6.257393071291487,6.277668254062651,471.4918571486927,2.042810365310288e-14,477.76952540275533,181.474032,696.863033,0.0,878.337065
2026-07-16_ttft_component_regression/phase1/input4000_rate2p5_reuse00_seed3,273,0.0,0.0,0.0,471.4918571486927,2.042810365310288e-14,471.4918571486927,0.000135,458.142564,0.0,458.142699
2026-07-16_ttft_component_regression/phase1/input4000_rate2p5_reuse00_seed3,279,0.0,15.298484598876035,15.298484598876035,471.4918571486927,2.042810365310288e-14,486.79034174756873,3.928506,459.966806,0.0,463.895312
2026-07-16_ttft_component_regression/phase1/input4000_rate2p5_reuse00_seed3,4,0.0,0.0,0.0,471.4918571486927,2.042810365310288e-14,471.4918571486927,0.023086,439.218678,0.0,439.241764
2026-07-16_ttft_component_regression/phase1/input4000_rate2p5_reuse00_seed3,19,0.019124978308521983,15.054771926685078,15.0738969049936,471.4918571486927,2.042810365310288e-14,486.5657540536863,6.507292,448.776728,0.0,455.28402
2026-07-16_ttft_component_regression/phase1/input4000_rate2p5_reuse00_seed3,12,0.02027518277116423,6.257393071291487,6.277668254062651,471.4918571486927,2.042810365310288e-14,477.76952540275533,14.898965,444.727615,0.0,459.62658
2026-07-16_ttft_component_regression/phase1/input4000_rate2p5_reuse00_seed3,39,0.0,15.298484598876035,15.298484598876035,471.4918571486927,2.042810365310288e-14,486.79034174756873,18.004809,452.173321,0.0,470.17813
2026-07-16_ttft_component_regression/phase1/input4000_rate2p5_reuse00_seed3,36,0.01794870121423539,15.113844859691904,15.13179356090614,471.4918571486927,2.042810365310288e-14,486.62365070959885,13.610838,449.673528,0.0,463.284366
2026-07-16_ttft_component_regression/phase1/input4000_rate2p5_reuse00_seed3,53,0.0,15.298484598876035,15.298484598876035,471.4918571486927,2.042810365310288e-14,486.79034174756873,2.862111,452.587945,0.0,455.450056
2026-07-16_ttft_component_regression/phase1/input4000_rate2p5_reuse00_seed3,68,0.0,15.298484598876035,15.298484598876035,471.4918571486927,2.042810365310288e-14,486.79034174756873,10.733011,452.363305,0.0,463.096316
2026-07-16_ttft_component_regression/phase1/input4000_rate2p5_reuse00_seed3,80,0.0,15.248384461621383,15.248384461621383,471.4918571486927,2.042810365310288e-14,486.74024161031406,8.503,452.896457,0.0,461.399457
2026-07-16_ttft_component_regression/phase1/input4000_rate2p5_reuse00_seed3,88,0.0,15.191790707163065,15.191790707163065,471.4918571486927,2.042810365310288e-14,486.6836478558558,0.269579,451.659625,0.0,451.929204
2026-07-16_ttft_component_regression/phase1/input4000_rate2p5_reuse00_seed3,85,0.017122377505818902,15.147024496980679,15.164146874486498,471.4918571486927,2.042810365310288e-14,486.6560040231792,10.679824,449.118904,0.0,459.798728
2026-07-16_ttft_component_regression/phase1/input4000_rate2p5_reuse00_seed3,97,0.0,11.50212081022306,11.50212081022306,471.4918571486927,2.042810365310288e-14,482.99397795891576,152.327789,686.900193,0.0,839.227982
2026-07-16_ttft_component_regression/phase1/input4000_rate2p5_reuse00_seed3,95,0.0,12.093517562110147,12.093517562110147,471.4918571486927,2.042810365310288e-14,483.58537471080285,13.743392,458.565385,0.0,472.308777
2026-07-16_ttft_component_regression/phase1/input4000_rate2p5_reuse00_seed3,113,0.0,11.466743128778516,11.466743128778516,471.4918571486927,2.042810365310288e-14,482.9586002774712,16.918912,462.217967,0.0,479.136879
2026-07-16_ttft_component_regression/phase1/input4000_rate2p5_reuse00_seed3,114,0.006374625918904307,12.823957822648127,12.830332448567031,471.4918571486927,2.042810365310288e-14,484.32218959725975,185.606791,691.887492,0.0,877.494283
2026-07-16_ttft_component_regression/phase1/input4000_rate2p5_reuse00_seed3,152,0.0,0.0,0.0,471.4918571486927,2.042810365310288e-14,471.4918571486927,0.0041,439.218678,0.0,439.222778
2026-07-16_ttft_component_regression/phase1/input4000_rate2p5_reuse00_seed3,162,0.019163888344864974,6.123642510603512,6.142806398948377,471.4918571486927,2.042810365310288e-14,477.6346635476411,14.933607,444.630463,0.0,459.56407
2026-07-16_ttft_component_regression/phase1/input4000_rate2p5_reuse00_seed3,186,0.018967575415456194,6.101033171220881,6.120000746636338,471.4918571486927,2.042810365310288e-14,477.611857895329,3.592807,459.649591,0.0,463.242398
2026-07-16_ttft_component_regression/phase1/input4000_rate2p5_reuse00_seed3,213,0.0,0.0,0.0,471.4918571486927,2.042810365310288e-14,471.4918571486927,0.004937,453.295716,0.0,453.300653
2026-07-16_ttft_component_regression/phase1/input4000_rate2p5_reuse00_seed3,225,0.0,15.292960395696225,15.292960395696225,471.4918571486927,2.042810365310288e-14,486.78481754438894,14.293738,460.625125,0.0,474.918863
2026-07-16_ttft_component_regression/phase1/input4000_rate2p5_reuse00_seed3,216,0.018029519868731116,15.110256478916709,15.12828599878544,471.4918571486927,2.042810365310288e-14,486.62014314747813,27.706207,678.666434,0.0,706.372641
2026-07-16_ttft_component_regression/phase1/input4000_rate2p5_reuse00_seed3,214,0.02027518277116423,6.257393071291487,6.277668254062651,471.4918571486927,2.042810365310288e-14,477.76952540275533,168.619873,458.13871,0.0,626.758583
2026-07-16_ttft_component_regression/phase1/input4000_rate2p5_reuse00_seed3,238,0.0,12.11538044351682,12.11538044351682,471.4918571486927,2.042810365310288e-14,483.6072375922095,15.597982,463.325225,0.0,478.923207
2026-07-16_ttft_component_regression/phase1/input4000_rate2p5_reuse00_seed3,251,0.0,15.281879263905845,15.281879263905845,471.4918571486927,2.042810365310288e-14,486.77373641259857,135.245505,689.403768,0.0,824.649273
2026-07-16_ttft_component_regression/phase1/input4000_rate2p5_reuse00_seed3,250,0.01770424462439416,15.124313610059376,15.14201785468377,471.4918571486927,2.042810365310288e-14,486.6338750033765,9.048315,465.944824,0.0,474.993139
2026-07-16_ttft_component_regression/phase1/input4000_rate2p5_reuse00_seed3,263,0.0,12.195874592290789,12.195874592290789,471.4918571486927,2.042810365310288e-14,483.6877317409835,13.881757,463.976893,0.0,477.85865
2026-07-16_ttft_component_regression/phase1/input4000_rate2p5_reuse00_seed3,261,0.0,15.358486157985883,15.358486157985883,471.4918571486927,2.042810365310288e-14,486.8503433066786,17.688781,459.271894,0.0,476.960675
2026-07-16_ttft_component_regression/phase1/input4000_rate2p5_reuse00_seed3,287,0.0,12.252066773235876,12.252066773235876,471.4918571486927,2.042810365310288e-14,483.74392392192857,100.086276,691.739282,0.0,791.825558
2026-07-16_ttft_component_regression/phase1/input4000_rate2p5_reuse00_seed3,284,0.020079433847314705,14.994330874024769,15.014410307872083,471.4918571486927,2.042810365310288e-14,486.5062674565648,4.043017,457.896118,0.0,461.939135
2026-07-16_ttft_component_regression/phase1/input4000_rate2p5_reuse00_seed3,285,0.0,15.448121681618643,15.448121681618643,471.4918571486927,2.042810365310288e-14,486.93997883031136,14.076363,460.898608,0.0,474.974971
2026-07-16_ttft_component_regression/phase1/input4000_rate2p5_reuse00_seed3,297,0.0,15.369236069473793,15.369236069473793,471.4918571486927,2.042810365310288e-14,486.8610932181665,19.125258,461.010469,0.0,480.135727
2026-07-16_ttft_component_regression/phase1/input4000_rate2p5_reuse00_seed3,3,0.019640747172753194,6.179773092616146,6.199413839788899,471.4918571486927,2.042810365310288e-14,477.6912709884816,100.840749,444.299839,0.0,545.140588
2026-07-16_ttft_component_regression/phase1/input4000_rate2p5_reuse00_seed3,2,0.0,0.0,0.0,471.4918571486927,2.042810365310288e-14,471.4918571486927,1.286811,439.218678,0.0,440.505489
2026-07-16_ttft_component_regression/phase1/input4000_rate2p5_reuse00_seed3,11,0.018741576117323848,15.075719285591102,15.094460861708425,471.4918571486927,2.042810365310288e-14,486.5863180104011,14.205585,448.986872,0.0,463.192457
2026-07-16_ttft_component_regression/phase1/input4000_rate2p5_reuse00_seed3,22,0.0,15.292960395696225,15.292960395696225,471.4918571486927,2.042810365310288e-14,486.78481754438894,4.54147,452.264553,0.0,456.806023
2026-07-16_ttft_component_regression/phase1/input4000_rate2p5_reuse00_seed3,56,0.017373693118926826,15.137584057810205,15.154957750929132,471.4918571486927,2.042810365310288e-14,486.64681489962186,12.30676,449.493272,0.0,461.800032
2026-07-16_ttft_component_regression/phase1/input4000_rate2p5_reuse00_seed3,54,0.021273938097490664,6.387751480895143,6.409025418992633,471.4918571486927,2.042810365310288e-14,477.90088256768536,13.203123,446.247103,0.0,459.450226
2026-07-16_ttft_component_regression/phase1/input4000_rate2p5_reuse00_seed3,90,0.0,0.0,0.0,471.4918571486927,2.042810365310288e-14,471.4918571486927,0.015293,439.218678,0.0,439.233971
2026-07-16_ttft_component_regression/phase1/input4000_rate2p5_reuse00_seed3,127,0.019163888344864974,6.123642510603512,6.142806398948377,471.4918571486927,2.042810365310288e-14,477.6346635476411,12.397507,444.371423,0.0,456.76893
2026-07-16_ttft_component_regression/phase1/input4000_rate2p5_reuse00_seed3,122,0.0,0.0,0.0,471.4918571486927,2.042810365310288e-14,471.4918571486927,0.004791,439.218678,0.0,439.223469
2026-07-16_ttft_component_regression/phase1/input4000_rate2p5_reuse00_seed3,139,0.0,15.38526308170364,15.38526308170364,471.4918571486927,2.042810365310288e-14,486.8771202303963,14.256642,452.277385,0.0,466.534027
2026-07-16_ttft_component_regression/phase1/input4000_rate2p5_reuse00_seed3,134,0.01897268072705958,15.063302833410434,15.082275514137494,471.4918571486927,2.042810365310288e-14,486.5741326628302,6.33414,449.092024,0.0,455.426164
2026-07-16_ttft_component_regression/phase1/input4000_rate2p5_reuse00_seed3,194,0.0,0.0,0.0,471.4918571486927,2.042810365310288e-14,471.4918571486927,0.003189,439.218678,0.0,439.221867
2026-07-16_ttft_component_regression/phase1/input4000_rate2p5_reuse00_seed3,196,0.020871322918022597,6.333858578435129,6.354729901353152,471.4918571486927,2.042810365310288e-14,477.84658705004585,7.522731,444.303007,0.0,451.825738
2026-07-16_ttft_component_regression/phase1/input4000_rate2p5_reuse00_seed3,208,0.01834941813858938,15.095406375289192,15.113755793427782,471.4918571486927,2.042810365310288e-14,486.6056129421205,18.079615,449.273112,0.0,467.352727
2026-07-16_ttft_component_regression/phase1/input4000_rate2p5_reuse00_seed3,215,0.0,15.342266370232544,15.342266370232544,471.4918571486927,2.042810365310288e-14,486.83412351892525,9.997739,451.933833,0.0,461.931572
2026-07-16_ttft_component_regression/phase1/input4000_rate2p5_reuse00_seed3,222,0.0,12.150789444682271,12.150789444682271,471.4918571486927,2.042810365310288e-14,483.642646593375,6.034442,454.020109,0.0,460.054551
2026-07-16_ttft_component_regression/phase1/input4000_rate2p5_reuse00_seed3,230,0.0,11.487577986993845,11.487577986993845,471.4918571486927,2.042810365310288e-14,482.9794351356866,1.733353,464.627353,0.0,466.360706
2026-07-16_ttft_component_regression/phase1/input4000_rate2p5_reuse00_seed3,252,0.02142961387080448,6.409136310044154,6.430565923914958,471.4918571486927,2.042810365310288e-14,477.92242307260767,3.411386,460.288073,0.0,463.699459
2026-07-16_ttft_component_regression/phase1/input4000_rate2p5_reuse00_seed3,265,0.02027518277116423,6.257393071291487,6.277668254062651,471.4918571486927,2.042810365310288e-14,477.76952540275533,10.354841,458.978846,0.0,469.333687
2026-07-16_ttft_component_regression/phase1/input4000_rate2p5_reuse00_seed3,269,0.018029519868731116,15.110256478916709,15.12828599878544,471.4918571486927,2.042810365310288e-14,486.62014314747813,7.857191,457.295637,0.0,465.152828
2026-07-16_ttft_component_regression/phase1/input4000_rate2p5_reuse00_seed3,286,0.0,15.314990019078726,15.314990019078726,471.4918571486927,2.042810365310288e-14,486.8068471677714,17.094927,464.130672,0.0,481.225599
2026-07-16_ttft_component_regression/phase1/input4000_rate2p5_reuse00_seed3,290,0.0,15.331391605570841,15.331391605570841,471.4918571486927,2.042810365310288e-14,486.82324875426355,15.289761,458.489088,0.0,473.778849
2026-07-16_ttft_component_regression/phase1/input4000_rate2p5_reuse00_seed3,18,0.0,0.0,0.0,471.4918571486927,2.042810365310288e-14,471.4918571486927,0.014527,439.218678,0.0,439.233205
2026-07-16_ttft_component_regression/phase1/input4000_rate2p5_reuse00_seed3,35,0.019350734936547306,15.041593871439467,15.060944606376014,471.4918571486927,2.042810365310288e-14,486.55280175506874,13.577681,448.941912,0.0,462.519593
2026-07-16_ttft_component_regression/phase1/input4000_rate2p5_reuse00_seed3,31,0.02009784253494618,6.235332250430866,6.255430092965812,471.4918571486927,2.042810365310288e-14,477.7472872416585,15.810564,445.125791,0.0,460.936355
2026-07-16_ttft_component_regression/phase1/input4000_rate2p5_reuse00_seed3,43,0.0,15.374591601157782,15.374591601157782,471.4918571486927,2.042810365310288e-14,486.86644874985046,7.410057,452.028265,0.0,459.438322
2026-07-16_ttft_component_regression/phase1/input4000_rate2p5_reuse00_seed3,57,0.0,15.374591601157782,15.374591601157782,471.4918571486927,2.042810365310288e-14,486.86644874985046,6.651504,452.378473,0.0,459.029977
2026-07-16_ttft_component_regression/phase1/input4000_rate2p5_reuse00_seed3,73,0.019499427811661467,15.032553013479552,15.052052441291213,471.4918571486927,2.042810365310288e-14,486.5439095899839,1.458013,449.80748,0.0,451.265493
2026-07-16_ttft_component_regression/phase1/input4000_rate2p5_reuse00_seed3,76,0.0,15.336835047759612,15.336835047759612,471.4918571486927,2.042810365310288e-14,486.8286921964523,9.435337,452.139049,0.0,461.574386
2026-07-16_ttft_component_regression/phase1/input4000_rate2p5_reuse00_seed3,96,0.018895998713600867,15.06749221490119,15.086388213614791,471.4918571486927,2.042810365310288e-14,486.5782453623075,15.69076,449.870072,0.0,465.560832
2026-07-16_ttft_component_regression/phase1/input4000_rate2p5_reuse00_seed3,99,0.0,15.358486157985883,15.358486157985883,471.4918571486927,2.042810365310288e-14,486.8503433066786,139.22384,452.141769,0.0,591.365609
2026-07-16_ttft_component_regression/phase1/input4000_rate2p5_reuse00_seed3,104,0.0,12.192524430111762,12.192524430111762,471.4918571486927,2.042810365310288e-14,483.68438157880445,3.393602,454.119821,0.0,457.513423
2026-07-16_ttft_component_regression/phase1/input4000_rate2p5_reuse00_seed3,112,0.0,12.206041738917788,12.206041738917788,471.4918571486927,2.042810365310288e-14,483.6978988876105,17.213679,454.039981,0.0,471.25366
2026-07-16_ttft_component_regression/phase1/input4000_rate2p5_reuse00_seed3,133,0.0,0.0,0.0,471.4918571486927,2.042810365310288e-14,471.4918571486927,0.000836,439.218678,0.0,439.219514
2026-07-16_ttft_component_regression/phase1/input4000_rate2p5_reuse00_seed3,142,0.019200590725855837,15.050430222721294,15.06963081344715,471.4918571486927,2.042810365310288e-14,486.56148796213984,17.422589,453.482523,0.0,470.905112
2026-07-16_ttft_component_regression/phase1/input4000_rate2p5_reuse00_seed3,138,0.02027518277116423,6.257393071291487,6.277668254062651,471.4918571486927,2.042810365310288e-14,477.76952540275533,0.114996,445.129599,0.0,445.244595
2026-07-16_ttft_component_regression/phase1/input4000_rate2p5_reuse00_seed3,143,0.0,15.347685426927008,15.347685426927008,471.4918571486927,2.042810365310288e-14,486.8395425756197,15.063282,678.113823,0.0,693.177105
2026-07-16_ttft_component_regression/phase1/input4000_rate2p5_reuse00_seed3,153,0.0,15.276322624488268,15.276322624488268,471.4918571486927,2.042810365310288e-14,486.768179773181,3.869658,451.757193,0.0,455.626851
2026-07-16_ttft_component_regression/phase1/input4000_rate2p5_reuse00_seed3,173,0.0,12.09884921286167,12.09884921286167,471.4918571486927,2.042810365310288e-14,483.5907063615544,14.274641,458.342303,0.0,472.616944
2026-07-16_ttft_component_regression/phase1/input4000_rate2p5_reuse00_seed3,168,0.0,12.10154878749728,12.10154878749728,471.4918571486927,2.042810365310288e-14,483.59340593619,0.431483,458.788817,0.0,459.2203
2026-07-16_ttft_component_regression/phase1/input4000_rate2p5_reuse00_seed3,190,0.0,11.499660933470361,11.499660933470361,471.4918571486927,2.042810365310288e-14,482.99151808216305,19.919927,471.893155,0.0,491.813082
2026-07-16_ttft_component_regression/phase1/input4000_rate2p5_reuse00_seed3,176,0.00916037704899562,12.963576486581385,12.97273686363038,471.4918571486927,2.042810365310288e-14,484.46459401232306,146.002296,711.735267,0.0,857.737563
2026-07-16_ttft_component_regression/phase1/input4000_rate2p5_reuse00_seed3,175,0.0,11.530125430049956,11.530125430049956,471.4918571486927,2.042810365310288e-14,483.02198257874267,12.325254,470.865818,0.0,483.191072
2026-07-16_ttft_component_regression/phase1/input4000_rate2p5_reuse00_seed3,205,0.036739344541036986,15.367783639681713,15.40452298422275,471.4918571486927,2.042810365310288e-14,486.89638013291545,12.660476,473.134227,0.0,485.794703
2026-07-16_ttft_component_regression/phase1/input4000_rate2p5_reuse00_seed3,204,0.007224189688384521,12.865899500261316,12.8731236899497,471.4918571486927,2.042810365310288e-14,484.3649808386424,9.949647,468.492867,0.0,478.442514
2026-07-16_ttft_component_regression/phase1/input4000_rate2p5_reuse00_seed3,200,0.0,11.50212081022306,11.50212081022306,471.4918571486927,2.042810365310288e-14,482.99397795891576,7.373119,467.288383,0.0,474.661502
2026-07-16_ttft_component_regression/phase1/input4000_rate2p5_reuse00_seed3,217,0.03715079616394288,15.417110531023829,15.454261327187771,471.4918571486927,2.042810365310288e-14,486.9461184758805,13.119334,471.405535,0.0,484.524869
2026-07-16_ttft_component_regression/phase1/input4000_rate2p5_reuse00_seed3,220,0.03750862020497621,18.024658116946163,18.06216673715114,471.4918571486927,2.042810365310288e-14,489.55402388584383,22.017784,477.418396,0.0,499.43618
2026-07-16_ttft_component_regression/phase1/input4000_rate2p5_reuse00_seed3,233,0.0077090664675951905,12.890084167389091,12.897793233856687,471.4918571486927,2.042810365310288e-14,484.3896503825494,5.041447,469.658494,0.0,474.699941
2026-07-16_ttft_component_regression/phase1/input4000_rate2p5_reuse00_seed3,239,0.0073454530746578746,12.871930873634717,12.879276326709375,471.4918571486927,2.042810365310288e-14,484.3711334754021,13.695502,469.64478,0.0,483.340282
2026-07-16_ttft_component_regression/phase1/input4000_rate2p5_reuse00_seed3,232,0.0,11.504595076349178,11.504595076349178,471.4918571486927,2.042810365310288e-14,482.9964522250419,0.636275,461.727975,0.0,462.36425
2026-07-16_ttft_component_regression/phase1/input4000_rate2p5_reuse00_seed3,246,0.0372852120644129,15.433577103608195,15.470862315672608,471.4918571486927,2.042810365310288e-14,486.9627194643653,16.915792,470.41646,0.0,487.332252
2026-07-16_ttft_component_regression/phase1/input4000_rate2p5_reuse00_seed3,240,0.03748424178942462,15.458298815511485,15.49578305730091,471.4918571486927,2.042810365310288e-14,486.9876402059936,24.047044,705.903832,0.0,729.950876
2026-07-16_ttft_component_regression/phase1/input4000_rate2p5_reuse00_seed3,266,0.0,15.220201195646219,15.220201195646219,471.4918571486927,2.042810365310288e-14,486.7120583443389,10.550041,467.435001,0.0,477.985042
2026-07-16_ttft_component_regression/phase1/input4000_rate2p5_reuse00_seed3,271,0.016868193079261736,15.15602880781725,15.172897000896512,471.4918571486927,2.042810365310288e-14,486.6647541495892,0.876327,462.067576,0.0,462.943903
2026-07-16_ttft_component_regression/phase1/input4000_rate2p5_reuse00_seed3,277,0.016697163967641336,15.16179077359617,15.178487937563812,471.4918571486927,2.042810365310288e-14,486.67034508625653,16.595169,458.172467,0.0,474.767636
2026-07-16_ttft_component_regression/phase1/input4000_rate2p5_reuse00_seed3,292,0.0,15.220201195646219,15.220201195646219,471.4918571486927,2.042810365310288e-14,486.7120583443389,0.808571,462.477615,0.0,463.286186
2026-07-16_ttft_component_regression/phase1/input4000_rate2p5_reuse00_seed3,0,0.0,0.0,0.0,471.4918571486927,2.042810365310288e-14,471.4918571486927,0.0,439.218678,0.0,439.218678
2026-07-16_ttft_component_regression/phase1/input4000_rate2p5_reuse00_seed3,1,0.01973374221355879,6.190931047328621,6.21066478954218,471.4918571486927,2.042810365310288e-14,477.7025219382349,0.390409,444.307263,0.0,444.697672
2026-07-16_ttft_component_regression/phase1/input4000_rate2p5_reuse00_seed3,9,0.019573226059333475,15.027955678545073,15.047528904604407,471.4918571486927,2.042810365310288e-14,486.5393860532971,17.16548,449.032728,0.0,466.198208
2026-07-16_ttft_component_regression/phase1/input4000_rate2p5_reuse00_seed3,14,0.0,12.17932068669315,12.17932068669315,471.4918571486927,2.042810365310288e-14,483.67117783538583,14.546928,457.632777,0.0,472.179705
2026-07-16_ttft_component_regression/phase1/input4000_rate2p5_reuse00_seed3,15,0.0,11.453511599940763,11.453511599940763,471.4918571486927,2.042810365310288e-14,482.9453687486335,201.170956,685.526561,0.0,886.697517
2026-07-16_ttft_component_regression/phase1/input4000_rate2p5_reuse00_seed3,26,0.004307883679006494,12.724153773434168,12.728461657113174,471.4918571486927,2.042810365310288e-14,484.2203188058059,5.462013,459.478918,0.0,464.940931
2026-07-16_ttft_component_regression/phase1/input4000_rate2p5_reuse00_seed3,10,0.0,15.342266370232544,15.342266370232544,471.4918571486927,2.042810365310288e-14,486.83412351892525,197.066527,451.461417,0.0,648.527944
2026-07-16_ttft_component_regression/phase1/input4000_rate2p5_reuse00_seed3,32,0.03588031982404142,15.26948099926112,15.305361319085161,471.4918571486927,2.042810365310288e-14,486.79721846777784,7.120577,462.003082,0.0,469.123659
2026-07-16_ttft_component_regression/phase1/input4000_rate2p5_reuse00_seed3,51,0.00698158066364719,12.85386644529467,12.860848025958317,471.4918571486927,2.042810365310288e-14,484.352705174651,19.351706,460.48887,0.0,479.840576
2026-07-16_ttft_component_regression/phase1/input4000_rate2p5_reuse00_seed3,37,0.036946600295763875,15.392433184527407,15.42937978482317,471.4918571486927,2.042810365310288e-14,486.9212369335159,10.37175,462.115594,0.0,472.487344
2026-07-16_ttft_component_regression/phase1/input4000_rate2p5_reuse00_seed3,61,0.0,11.492367809783673,11.492367809783673,471.4918571486927,2.042810365310288e-14,482.9842249584764,1.819792,458.188809,0.0,460.008601
2026-07-16_ttft_component_regression/phase1/input4000_rate2p5_reuse00_seed3,69,0.0372852120644129,15.433577103608195,15.470862315672608,471.4918571486927,2.042810365310288e-14,486.9627194643653,6.072602,461.274442,0.0,467.347044
2026-07-16_ttft_component_regression/phase1/input4000_rate2p5_reuse00_seed3,70,0.03805424706317009,17.972116359047064,18.010170606110233,471.4918571486927,2.042810365310288e-14,489.50202775480295,7.783236,463.146125,0.0,470.929361
2026-07-16_ttft_component_regression/phase1/input4000_rate2p5_reuse00_seed3,66,0.036846155975508346,18.084119696106544,18.12096585208205,471.4918571486927,2.042810365310288e-14,489.61282300077477,385.794184,692.452272,0.0,1078.246456
2026-07-16_ttft_component_regression/phase1/input4000_rate2p5_reuse00_seed3,65,0.03780896665264185,15.49955773099414,15.537366697646782,471.4918571486927,2.042810365310288e-14,487.0292238463395,103.433053,708.36105,0.0,811.794103
2026-07-16_ttft_component_regression/phase1/input4000_rate2p5_reuse00_seed3,84,0.0,22.233298103134192,22.233298103134192,471.4918571486927,2.042810365310288e-14,493.7251552518269,1.459498,480.910666,0.0,482.370164
2026-07-16_ttft_component_regression/phase1/input4000_rate2p5_reuse00_seed3,63,0.008193433679144527,12.914425975061327,12.922619408740472,471.4918571486927,2.042810365310288e-14,484.41447655743315,165.482973,464.619785,0.0,630.102758
2026-07-16_ttft_component_regression/phase1/input4000_rate2p5_reuse00_seed3,74,0.0,19.56804189783373,19.56804189783373,471.4918571486927,2.042810365310288e-14,491.0598990465264,7.350912,466.761956,0.0,474.112868
2026-07-16_ttft_component_regression/phase1/input4000_rate2p5_reuse00_seed3,83,0.0,20.600376119234358,20.600376119234358,471.4918571486927,2.042810365310288e-14,492.09223326792704,1.911401,475.200892,0.0,477.112293
2026-07-16_ttft_component_regression/phase1/input4000_rate2p5_reuse00_seed3,87,0.0,25.869323054500967,25.869323054500967,471.4918571486927,2.042810365310288e-14,497.36118020319367,23.489126,490.300627,0.0,513.789753
2026-07-16_ttft_component_regression/phase1/input4000_rate2p5_reuse00_seed3,100,0.0,20.545021669509143,20.545021669509143,471.4918571486927,2.042810365310288e-14,492.03687881820184,19.406991,485.525591,0.0,504.932582
2026-07-16_ttft_component_regression/phase1/input4000_rate2p5_reuse00_seed3,115,0.03827844461023067,17.94945662778998,17.987735072400213,471.4918571486927,2.042810365310288e-14,489.4795922210929,6.801858,474.323792,0.0,481.12565
2026-07-16_ttft_component_regression/phase1/input4000_rate2p5_reuse00_seed3,107,0.0,22.220994395745837,22.220994395745837,471.4918571486927,2.042810365310288e-14,493.71285154443854,22.436239,438.74335,0.0,461.179589
2026-07-16_ttft_component_regression/phase1/input4000_rate2p5_reuse00_seed3,121,0.0,12.156986485276027,12.156986485276027,471.4918571486927,2.042810365310288e-14,483.64884363396874,2.210393,464.779982,0.0,466.990375
2026-07-16_ttft_component_regression/phase1/input4000_rate2p5_reuse00_seed3,126,0.0,12.129759909543758,12.129759909543758,471.4918571486927,2.042810365310288e-14,483.62161705823644,0.929551,461.966483,0.0,462.896034
2026-07-16_ttft_component_regression/phase1/input4000_rate2p5_reuse00_seed3,131,0.0,11.497215463109193,11.497215463109193,471.4918571486927,2.042810365310288e-14,482.9890726118019,18.115962,469.556501,0.0,487.672463
2026-07-16_ttft_component_regression/phase1/input4000_rate2p5_reuse00_seed3,132,0.007951317863736825,12.902235499069374,12.91018681693311,471.4918571486927,2.042810365310288e-14,484.4020439656258,28.646288,710.991399,0.0,739.637687
2026-07-16_ttft_component_regression/phase1/input4000_rate2p5_reuse00_seed3,156,0.0,15.259590143948019,15.259590143948019,471.4918571486927,2.042810365310288e-14,486.7514472926407,1.403305,467.669397,0.0,469.072702
2026-07-16_ttft_component_regression/phase1/input4000_rate2p5_reuse00_seed3,160,0.0,12.093517562110147,12.093517562110147,471.4918571486927,2.042810365310288e-14,483.58537471080285,1.434382,467.330935,0.0,468.765317
2026-07-16_ttft_component_regression/phase1/input4000_rate2p5_reuse00_seed3,165,0.0,15.242766842994273,15.242766842994273,471.4918571486927,2.042810365310288e-14,486.734623991687,14.542604,462.432333,0.0,476.974937
2026-07-16_ttft_component_regression/phase1/input4000_rate2p5_reuse00_seed3,179,0.0,12.10154878749728,12.10154878749728,471.4918571486927,2.042810365310288e-14,483.59340593619,12.880554,460.934134,0.0,473.814688
2026-07-16_ttft_component_regression/phase1/input4000_rate2p5_reuse00_seed3,177,0.0,15.237139563952718,15.237139563952718,471.4918571486927,2.042810365310288e-14,486.7289967126454,6.992968,463.842212,0.0,470.83518
2026-07-16_ttft_component_regression/phase1/input4000_rate2p5_reuse00_seed3,181,0.0,11.527508199783227,11.527508199783227,471.4918571486927,2.042810365310288e-14,483.01936534847596,11.711329,471.68065,0.0,483.391979
2026-07-16_ttft_component_regression/phase1/input4000_rate2p5_reuse00_seed3,182,0.009522280403399343,12.982166953711403,12.991689234114801,471.4918571486927,2.042810365310288e-14,484.4835463828075,47.668802,713.140502,0.0,760.809304
2026-07-16_ttft_component_regression/phase1/input4000_rate2p5_reuse00_seed3,188,0.038729435956221955,15.623716294361117,15.662445730317339,471.4918571486927,2.042810365310288e-14,487.15430287901006,18.852084,472.152829,0.0,491.004913
2026-07-16_ttft_component_regression/phase1/input4000_rate2p5_reuse00_seed3,198,0.03913065479856945,15.681829312328576,15.720959967127145,471.4918571486927,2.042810365310288e-14,487.21281711581986,19.043566,471.523922,0.0,490.567488
2026-07-16_ttft_component_regression/phase1/input4000_rate2p5_reuse00_seed3,203,0.034194779337981894,18.286935370530216,18.321130149868196,471.4918571486927,2.042810365310288e-14,489.81298729856087,16.703648,472.924454,0.0,489.628102
2026-07-16_ttft_component_regression/phase1/input4000_rate2p5_reuse00_seed3,224,0.03558571715264581,18.186594718832602,18.222180435985248,471.4918571486927,2.042810365310288e-14,489.71403758467795,10.47568,473.761632,0.0,484.237312
2026-07-16_ttft_component_regression/phase1/input4000_rate2p5_reuse00_seed3,206,0.0,19.767244725647274,19.767244725647274,471.4918571486927,2.042810365310288e-14,491.25910187434,18.781272,481.680367,0.0,500.461639
2026-07-16_ttft_component_regression/phase1/input4000_rate2p5_reuse00_seed3,229,0.0,19.63802574124772,19.63802574124772,471.4918571486927,2.042810365310288e-14,491.1298828899404,17.471183,471.396687,0.0,488.86787
2026-07-16_ttft_component_regression/phase1/input4000_rate2p5_reuse00_seed3,226,0.0,19.672167924642455,19.672167924642455,471.4918571486927,2.042810365310288e-14,491.16402507333515,214.000945,479.858869,0.0,693.859814
2026-07-16_ttft_component_regression/phase1/input4000_rate2p5_reuse00_seed3,245,0.0,11.462273840597051,11.462273840597051,471.4918571486927,2.042810365310288e-14,482.95413098928975,14.000596,472.945579,0.0,486.946175
2026-07-16_ttft_component_regression/phase1/input4000_rate2p5_reuse00_seed3,260,0.01945238418549726,6.157388711983412,6.176841096168909,471.4918571486927,2.042810365310288e-14,477.6686982448616,11.933702,453.756005,0.0,465.689707
2026-07-16_ttft_component_regression/phase1/input4000_rate2p5_reuse00_seed3,268,0.019573226059333475,15.027955678545073,15.047528904604407,471.4918571486927,2.042810365310288e-14,486.5393860532971,163.492579,689.475358,0.0,852.967937
2026-07-16_ttft_component_regression/phase1/input4000_rate2p5_reuse00_seed3,267,0.01982594798879302,6.2020660418978695,6.221891989886663,471.4918571486927,2.042810365310288e-14,477.7137491385794,2.291868,464.027658,0.0,466.319526
2026-07-16_ttft_component_regression/phase1/input4000_rate2p5_reuse00_seed3,270,0.0,15.342266370232544,15.342266370232544,471.4918571486927,2.042810365310288e-14,486.83412351892525,4.148662,456.346918,0.0,460.49558
2026-07-16_ttft_component_regression/phase1/input4000_rate2p5_reuse00_seed3,280,0.0,12.172838255172303,12.172838255172303,471.4918571486927,2.042810365310288e-14,483.664695403865,8.622796,460.28916,0.0,468.911956
2026-07-16_ttft_component_regression/phase1/input4000_rate2p5_reuse00_seed3,282,0.0,11.453511599940763,11.453511599940763,471.4918571486927,2.042810365310288e-14,482.9453687486335,58.565804,466.349024,0.0,524.914828
2026-07-16_ttft_component_regression/phase1/input4000_rate2p5_reuse00_seed3,298,0.0,11.449218929251634,11.449218929251634,471.4918571486927,2.042810365310288e-14,482.94107607794433,12.079894,464.16061,0.0,476.240504
2026-07-16_ttft_component_regression/phase1/input4000_rate2p5_reuse00_seed3,20,0.0,0.0,0.0,471.4918571486927,2.042810365310288e-14,471.4918571486927,0.002391,439.218678,0.0,439.221069
2026-07-16_ttft_component_regression/phase1/input4000_rate2p5_reuse00_seed3,34,0.020362679919700626,6.26838818727435,6.28875086719405,471.4918571486927,2.042810365310288e-14,477.78060801588674,4.675153,444.931775,0.0,449.606928
2026-07-16_ttft_component_regression/phase1/input4000_rate2p5_reuse00_seed3,38,0.01881896331864269,15.07163100199334,15.090449965311983,471.4918571486927,2.042810365310288e-14,486.58230711400466,15.046536,449.057368,0.0,464.103904
2026-07-16_ttft_component_regression/phase1/input4000_rate2p5_reuse00_seed3,55,0.0,15.353092071631327,15.353092071631327,471.4918571486927,2.042810365310288e-14,486.84494922032405,8.803662,452.611977,0.0,461.415639
2026-07-16_ttft_component_regression/phase1/input4000_rate2p5_reuse00_seed3,72,0.020535334748796014,6.290307337105237,6.310842671854034,471.4918571486927,2.042810365310288e-14,477.80269982054676,14.731748,445.414399,0.0,460.146147
2026-07-16_ttft_component_regression/phase1/input4000_rate2p5_reuse00_seed3,92,0.021352158257941928,6.398456297805551,6.419808456063493,471.4918571486927,2.042810365310288e-14,477.9116656047562,2.503788,445.796223,0.0,448.300011
2026-07-16_ttft_component_regression/phase1/input4000_rate2p5_reuse00_seed3,101,0.017456820138509358,15.134339848075317,15.151796668213827,471.4918571486927,2.042810365310288e-14,486.6436538169065,11.86025,449.561784,0.0,461.422034
2026-07-16_ttft_component_regression/phase1/input4000_rate2p5_reuse00_seed3,123,0.0,15.358486157985883,15.358486157985883,471.4918571486927,2.042810365310288e-14,486.8503433066786,14.912838,456.938271,0.0,471.851109
2026-07-16_ttft_component_regression/phase1/input4000_rate2p5_reuse00_seed3,120,0.018507319425199828,15.087682033583436,15.106189353008636,471.4918571486927,2.042810365310288e-14,486.59804650170133,13.353013,450.26524,0.0,463.618253
2026-07-16_ttft_component_regression/phase1/input4000_rate2p5_reuse00_seed3,124,0.0,12.185882992019831,12.185882992019831,471.4918571486927,2.042810365310288e-14,483.67774014071256,3.378247,682.967502,0.0,686.345749
2026-07-16_ttft_component_regression/phase1/input4000_rate2p5_reuse00_seed3,130,0.0,11.462273840597051,11.462273840597051,471.4918571486927,2.042810365310288e-14,482.95413098928975,10.961743,457.436265,0.0,468.398008
2026-07-16_ttft_component_regression/phase1/input4000_rate2p5_reuse00_seed3,140,0.007224189688384521,12.865899500261316,12.8731236899497,471.4918571486927,2.042810365310288e-14,484.3649808386424,0.460027,459.83623,0.0,460.296257
2026-07-16_ttft_component_regression/phase1/input4000_rate2p5_reuse00_seed3,137,0.0,11.517181654008812,11.517181654008812,471.4918571486927,2.042810365310288e-14,483.0090388027015,19.892524,456.746185,0.0,476.638709
2026-07-16_ttft_component_regression/phase1/input4000_rate2p5_reuse00_seed3,149,0.03761518596146168,15.47479413887998,15.512409324841443,471.4918571486927,2.042810365310288e-14,487.00426647353413,25.768342,463.973065,0.0,489.741407
2026-07-16_ttft_component_regression/phase1/input4000_rate2p5_reuse00_seed3,158,0.03558571715264581,18.186594718832602,18.222180435985248,471.4918571486927,2.042810365310288e-14,489.71403758467795,73.751665,707.232109,0.0,780.983774
2026-07-16_ttft_component_regression/phase1/input4000_rate2p5_reuse00_seed3,136,0.0,12.112569916935573,12.112569916935573,471.4918571486927,2.042810365310288e-14,483.6044270656283,13.607658,453.712845,0.0,467.320503
2026-07-16_ttft_component_regression/phase1/input4000_rate2p5_reuse00_seed3,148,0.00916037704899562,12.963576486581385,12.97273686363038,471.4918571486927,2.042810365310288e-14,484.46459401232306,17.07626,460.346726,0.0,477.422986
2026-07-16_ttft_component_regression/phase1/input4000_rate2p5_reuse00_seed3,150,0.03849198378278968,15.590555325591442,15.629047309374231,471.4918571486927,2.042810365310288e-14,487.12090445806695,6.425542,699.340806,0.0,705.766348
2026-07-16_ttft_component_regression/phase1/input4000_rate2p5_reuse00_seed3,157,0.03901789743719623,15.665215552528897,15.704233449966093,471.4918571486927,2.042810365310288e-14,487.19609059865877,11.956626,475.936142,0.0,487.892768
2026-07-16_ttft_component_regression/phase1/input4000_rate2p5_reuse00_seed3,185,0.010605327433710007,13.038452318593931,13.049057646027642,471.4918571486927,2.042810365310288e-14,484.5409147947203,19.637615,471.837442,0.0,491.475057
2026-07-16_ttft_component_regression/phase1/input4000_rate2p5_reuse00_seed3,223,0.021034677130092858,6.355489128678693,6.376523805808786,471.4918571486927,2.042810365310288e-14,477.8683809545015,12.609546,447.586946,0.0,460.196492
2026-07-16_ttft_component_regression/phase1/input4000_rate2p5_reuse00_seed3,227,0.020953385589738267,6.344686022273856,6.365639407863594,471.4918571486927,2.042810365310288e-14,477.85749655655627,14.663586,458.328595,0.0,472.992181
2026-07-16_ttft_component_regression/phase1/input4000_rate2p5_reuse00_seed3,255,0.02142961387080448,6.409136310044154,6.430565923914958,471.4918571486927,2.042810365310288e-14,477.92242307260767,0.188626,448.149843,0.0,448.338469
2026-07-16_ttft_component_regression/phase1/input4000_rate2p5_reuse00_seed3,272,0.020620495024716665,6.3012311751946095,6.321851670219326,471.4918571486927,2.042810365310288e-14,477.813708818912,14.765791,447.233427,0.0,461.999218
2026-07-16_ttft_component_regression/phase1/input4000_rate2p5_reuse00_seed3,276,0.018663838684689574,15.079757157208297,15.098420995892987,471.4918571486927,2.042810365310288e-14,486.5902781445857,9.980401,464.334029,0.0,474.31443
2026-07-16_ttft_component_regression/phase1/input4000_rate2p5_reuse00_seed3,6,0.0,0.0,0.0,471.4918571486927,2.042810365310288e-14,471.4918571486927,0.007054,439.218678,0.0,439.225732
2026-07-16_ttft_component_regression/phase1/input4000_rate2p5_reuse00_seed3,8,0.02078848780482616,6.323006892189313,6.343795379994139,471.4918571486927,2.042810365310288e-14,477.83565252868686,7.74916,444.306175,0.0,452.055335
2026-07-16_ttft_component_regression/phase1/input4000_rate2p5_reuse00_seed3,23,0.01753962211126166,15.131046770641483,15.148586392752744,471.4918571486927,2.042810365310288e-14,486.64044354144545,11.835382,449.081784,0.0,460.917166
2026-07-16_ttft_component_regression/phase1/input4000_rate2p5_reuse00_seed3,41,0.0,12.107014971472891,12.107014971472891,471.4918571486927,2.042810365310288e-14,483.5988721201656,5.516765,454.685069,0.0,460.201834
2026-07-16_ttft_component_regression/phase1/input4000_rate2p5_reuse00_seed3,30,0.0,15.197490127921762,15.197490127921762,471.4918571486927,2.042810365310288e-14,486.68934727661446,8.180341,451.896841,0.0,460.077182
2026-07-16_ttft_component_regression/phase1/input4000_rate2p5_reuse00_seed3,45,0.008193433679144527,12.914425975061327,12.922619408740472,471.4918571486927,2.042810365310288e-14,484.41447655743315,213.129259,712.197278,0.0,925.326537
2026-07-16_ttft_component_regression/phase1/input4000_rate2p5_reuse00_seed3,47,0.0376801320389611,15.483045955382186,15.520726087421147,471.4918571486927,2.042810365310288e-14,487.01258323611387,291.664729,662.696612,0.0,954.361341
2026-07-16_ttft_component_regression/phase1/input4000_rate2p5_reuse00_seed3,44,0.0,11.524905190299448,11.524905190299448,471.4918571486927,2.042810365310288e-14,483.0167623389921,5.443222,464.581487,0.0,470.024709
2026-07-16_ttft_component_regression/phase1/input4000_rate2p5_reuse00_seed3,58,0.008556335252158221,12.932784775153863,12.941341110406022,471.4918571486927,2.042810365310288e-14,484.43319825909873,1.325881,459.945958,0.0,461.271839
2026-07-16_ttft_component_regression/phase1/input4000_rate2p5_reuse00_seed3,78,0.007587892486659461,12.884023224728539,12.891611117215199,471.4918571486927,2.042810365310288e-14,484.3834682659079,15.257967,461.039302,0.0,476.297269
2026-07-16_ttft_component_regression/phase1/input4000_rate2p5_reuse00_seed3,86,0.0,12.112569916935573,12.112569916935573,471.4918571486927,2.042810365310288e-14,483.6044270656283,17.672189,454.974413,0.0,472.646602
2026-07-16_ttft_component_regression/phase1/input4000_rate2p5_reuse00_seed3,89,0.0,15.347685426927008,15.347685426927008,471.4918571486927,2.042810365310288e-14,486.8395425756197,9.334133,452.279977,0.0,461.61411
2026-07-16_ttft_component_regression/phase1/input4000_rate2p5_reuse00_seed3,106,0.005524051691554766,12.78250677929583,12.788030830987385,471.4918571486927,2.042810365310288e-14,484.2798879796801,117.728817,459.719654,0.0,577.448471
2026-07-16_ttft_component_regression/phase1/input4000_rate2p5_reuse00_seed3,102,0.0,11.473556876712083,11.473556876712083,471.4918571486927,2.042810365310288e-14,482.9654140254048,20.468167,457.454537,0.0,477.922704
2026-07-16_ttft_component_regression/phase1/input4000_rate2p5_reuse00_seed3,98,0.0,12.13864572231436,12.13864572231436,471.4918571486927,2.042810365310288e-14,483.6305028710071,15.172829,454.196493,0.0,469.369322
2026-07-16_ttft_component_regression/phase1/input4000_rate2p5_reuse00_seed3,144,0.0,0.0,0.0,471.4918571486927,2.042810365310288e-14,471.4918571486927,0.018927,439.218678,0.0,439.237605
2026-07-16_ttft_component_regression/phase1/input4000_rate2p5_reuse00_seed3,147,0.020535334748796014,6.290307337105237,6.310842671854034,471.4918571486927,2.042810365310288e-14,477.80269982054676,16.46915,455.227184,0.0,471.696334
2026-07-16_ttft_component_regression/phase1/input4000_rate2p5_reuse00_seed3,178,0.02027518277116423,6.257393071291487,6.277668254062651,471.4918571486927,2.042810365310288e-14,477.76952540275533,0.451993,460.458387,0.0,460.91038
2026-07-16_ttft_component_regression/phase1/input4000_rate2p5_reuse00_seed3,189,0.02027518277116423,6.257393071291487,6.277668254062651,471.4918571486927,2.042810365310288e-14,477.76952540275533,2.170845,455.058746,0.0,457.229591
2026-07-16_ttft_component_regression/phase1/input4000_rate2p5_reuse00_seed3,193,0.01794870121423539,15.113844859691904,15.13179356090614,471.4918571486927,2.042810365310288e-14,486.62365070959885,10.356479,456.463086,0.0,466.819565
2026-07-16_ttft_component_regression/phase1/input4000_rate2p5_reuse00_seed3,221,0.0,11.50212081022306,11.50212081022306,471.4918571486927,2.042810365310288e-14,482.99397795891576,13.561172,466.578875,0.0,480.140047
2026-07-16_ttft_component_regression/phase1/input4000_rate2p5_reuse00_seed3,218,0.0,15.231502767710628,15.231502767710628,471.4918571486927,2.042810365310288e-14,486.72335991640335,13.680362,466.586763,0.0,480.267125
2026-07-16_ttft_component_regression/phase1/input4000_rate2p5_reuse00_seed3,209,0.016868193079261736,15.15602880781725,15.172897000896512,471.4918571486927,2.042810365310288e-14,486.6647541495892,15.015348,461.808547,0.0,476.823895
2026-07-16_ttft_component_regression/phase1/input4000_rate2p5_reuse00_seed3,219,0.0,12.088276351055788,12.088276351055788,471.4918571486927,2.042810365310288e-14,483.5801334997485,87.529239,693.658821,0.0,781.18806
2026-07-16_ttft_component_regression/phase1/input4000_rate2p5_reuse00_seed3,237,0.0,12.132700521180833,12.132700521180833,471.4918571486927,2.042810365310288e-14,483.6245576698735,2.323178,463.384064,0.0,465.707242
2026-07-16_ttft_component_regression/phase1/input4000_rate2p5_reuse00_seed3,254,0.0,15.248384461621383,15.248384461621383,471.4918571486927,2.042810365310288e-14,486.74024161031406,7.019629,457.840043,0.0,464.859672
2026-07-16_ttft_component_regression/phase1/input4000_rate2p5_reuse00_seed3,244,0.0,12.090885649465832,12.090885649465832,471.4918571486927,2.042810365310288e-14,483.5827427981585,19.229348,463.099789,0.0,482.329137
2026-07-16_ttft_component_regression/phase1/input4000_rate2p5_reuse00_seed3,247,0.0,12.058714321149852,12.058714321149852,471.4918571486927,2.042810365310288e-14,483.55057146984257,15.145699,460.163805,0.0,475.309504
2026-07-16_ttft_component_regression/phase1/input4000_rate2p5_reuse00_seed3,256,0.0,12.090885649465832,12.090885649465832,471.4918571486927,2.042810365310288e-14,483.5827427981585,10.654223,456.12262,0.0,466.776843
2026-07-16_ttft_component_regression/phase1/input4000_rate2p5_reuse00_seed3,295,0.0,0.0,0.0,471.4918571486927,2.042810365310288e-14,471.4918571486927,0.001408,440.712804,0.0,440.714212
2026-07-16_ttft_component_regression/phase1/input4000_rate2p5_reuse00_seed3,7,0.0,0.0,0.0,471.4918571486927,2.042810365310288e-14,471.4918571486927,0.009533,439.218678,0.0,439.228211
2026-07-16_ttft_component_regression/phase1/input4000_rate2p5_reuse00_seed3,29,0.01881896331864269,15.07163100199334,15.090449965311983,471.4918571486927,2.042810365310288e-14,486.58230711400466,6.828297,448.891832,0.0,455.720129
2026-07-16_ttft_component_regression/phase1/input4000_rate2p5_reuse00_seed3,27,0.020362679919700626,6.26838818727435,6.28875086719405,471.4918571486927,2.042810365310288e-14,477.78060801588674,8.376115,445.429279,0.0,453.805394
2026-07-16_ttft_component_regression/phase1/input4000_rate2p5_reuse00_seed3,46,0.0,15.298484598876035,15.298484598876035,471.4918571486927,2.042810365310288e-14,486.79034174756873,16.741733,451.566281,0.0,468.308014
2026-07-16_ttft_component_regression/phase1/input4000_rate2p5_reuse00_seed3,50,0.0,12.160115976537062,12.160115976537062,471.4918571486927,2.042810365310288e-14,483.65197312522974,10.993024,453.583309,0.0,464.576333
2026-07-16_ttft_component_regression/phase1/input4000_rate2p5_reuse00_seed3,42,0.01770424462439416,15.124313610059376,15.14201785468377,471.4918571486927,2.042810365310288e-14,486.6338750033765,15.891382,449.164376,0.0,465.055758
2026-07-16_ttft_component_regression/phase1/input4000_rate2p5_reuse00_seed3,82,0.0,12.083125437778683,12.083125437778683,471.4918571486927,2.042810365310288e-14,483.5749825864714,15.765804,453.545837,0.0,469.311641
2026-07-16_ttft_component_regression/phase1/input4000_rate2p5_reuse00_seed3,75,0.01811000246249744,15.106618536642834,15.124728539105332,471.4918571486927,2.042810365310288e-14,486.616585687798,14.700535,404.626208,0.0,419.326743
2026-07-16_ttft_component_regression/phase1/input4000_rate2p5_reuse00_seed3,79,0.0,15.237139563952718,15.237139563952718,471.4918571486927,2.042810365310288e-14,486.7289967126454,4.457659,452.411529,0.0,456.869188
2026-07-16_ttft_component_regression/phase1/input4000_rate2p5_reuse00_seed3,81,0.0,15.145905628718824,15.145905628718824,471.4918571486927,2.042810365310288e-14,486.6377627774115,12.856452,451.853833,0.0,464.710285
2026-07-16_ttft_component_regression/phase1/input4000_rate2p5_reuse00_seed3,94,0.0,11.509586708797187,11.509586708797187,471.4918571486927,2.042810365310288e-14,483.0014438574899,2.197002,456.861097,0.0,459.058099
2026-07-16_ttft_component_regression/phase1/input4000_rate2p5_reuse00_seed3,93,0.0,12.0856896270556,12.0856896270556,471.4918571486927,2.042810365310288e-14,483.5775467757483,15.437344,454.020269,0.0,469.457613
2026-07-16_ttft_component_regression/phase1/input4000_rate2p5_reuse00_seed3,118,0.0,12.126840747274485,12.126840747274485,471.4918571486927,2.042810365310288e-14,483.6186978959672,0.464566,454.831757,0.0,455.296323
2026-07-16_ttft_component_regression/phase1/input4000_rate2p5_reuse00_seed3,116,0.0,11.543424309381951,11.543424309381951,471.4918571486927,2.042810365310288e-14,483.0352814580747,16.200655,458.680777,0.0,474.881432
2026-07-16_ttft_component_regression/phase1/input4000_rate2p5_reuse00_seed3,125,0.0,15.325936189578808,15.325936189578808,471.4918571486927,2.042810365310288e-14,486.8177933382715,17.293662,452.149897,0.0,469.443559
2026-07-16_ttft_component_regression/phase1/input4000_rate2p5_reuse00_seed3,128,0.0,12.160115976537062,12.160115976537062,471.4918571486927,2.042810365310288e-14,483.65197312522974,6.41121,453.815917,0.0,460.227127
2026-07-16_ttft_component_regression/phase1/input4000_rate2p5_reuse00_seed3,135,0.0,12.166436438253449,12.166436438253449,471.4918571486927,2.042810365310288e-14,483.6582935869462,12.327778,463.546601,0.0,475.874379
2026-07-16_ttft_component_regression/phase1/input4000_rate2p5_reuse00_seed3,161,0.01834941813858938,15.095406375289192,15.113755793427782,471.4918571486927,2.042810365310288e-14,486.6056129421205,17.790893,455.989357,0.0,473.78025
2026-07-16_ttft_component_regression/phase1/input4000_rate2p5_reuse00_seed3,154,0.021194952068305593,6.37702195170229,6.398216903770596,471.4918571486927,2.042810365310288e-14,477.8900740524633,4.126692,456.359419,0.0,460.486111
2026-07-16_ttft_component_regression/phase1/input4000_rate2p5_reuse00_seed3,171,0.0,15.347685426927008,15.347685426927008,471.4918571486927,2.042810365310288e-14,486.8395425756197,12.596742,453.840961,0.0,466.437703
2026-07-16_ttft_component_regression/phase1/input4000_rate2p5_reuse00_seed3,169,0.01881896331864269,15.07163100199334,15.090449965311983,471.4918571486927,2.042810365310288e-14,486.58230711400466,4.57479,455.548338,0.0,460.123128
2026-07-16_ttft_component_regression/phase1/input4000_rate2p5_reuse00_seed3,183,0.0,12.189193865796051,12.189193865796051,471.4918571486927,2.042810365310288e-14,483.68105101448873,15.066321,460.906398,0.0,475.972719
2026-07-16_ttft_component_regression/phase1/input4000_rate2p5_reuse00_seed3,187,0.0,11.432641224388952,11.432641224388952,471.4918571486927,2.042810365310288e-14,482.92449837308163,0.737617,460.145101,0.0,460.882718
2026-07-16_ttft_component_regression/phase1/input4000_rate2p5_reuse00_seed3,210,0.018967575415456194,6.101033171220881,6.120000746636338,471.4918571486927,2.042810365310288e-14,477.611857895329,8.604127,461.14369,0.0,469.747817
2026-07-16_ttft_component_regression/phase1/input4000_rate2p5_reuse00_seed3,243,0.0,0.0,0.0,471.4918571486927,2.042810365310288e-14,471.4918571486927,0.029631,451.770515,0.0,451.800146
2026-07-16_ttft_component_regression/phase1/input4000_rate2p5_reuse00_seed3,264,0.02018690407355432,6.246374392624113,6.266561296697668,471.4918571486927,2.042810365310288e-14,477.75841844539036,7.764241,457.746016,0.0,465.510257
2026-07-16_ttft_component_regression/phase1/input4000_rate2p5_reuse00_seed3,278,0.019546961588548472,6.168592279941651,6.188139241530199,471.4918571486927,2.042810365310288e-14,477.6799963902229,14.882222,454.366115,0.0,469.248337
2026-07-16_ttft_component_regression/phase1/input4000_rate2p5_reuse00_seed3,283,0.019200590725855837,15.050430222721294,15.06963081344715,471.4918571486927,2.042810365310288e-14,486.56148796213984,12.43387,454.580555,0.0,467.014425
2026-07-16_ttft_component_regression/phase1/input4000_rate2p5_reuse00_seed3,299,0.018190147421519025,15.102930936026825,15.121121083448344,471.4918571486927,2.042810365310288e-14,486.612978232141,18.082358,455.774706,0.0,473.857064
2026-07-16_ttft_component_regression/phase1/input4000_rate2p5_reuse00_seed3,13,0.0,0.0,0.0,471.4918571486927,2.042810365310288e-14,471.4918571486927,0.021906,439.218678,0.0,439.240584
2026-07-16_ttft_component_regression/phase1/input4000_rate2p5_reuse00_seed3,28,0.0,15.292960395696225,15.292960395696225,471.4918571486927,2.042810365310288e-14,486.78481754438894,2.668848,451.552393,0.0,454.221241
2026-07-16_ttft_component_regression/phase1/input4000_rate2p5_reuse00_seed3,17,0.020449396813399082,6.279359641924356,6.299809038737755,471.4918571486927,2.042810365310288e-14,477.79166618743045,10.814463,444.308319,0.0,455.122782
2026-07-16_ttft_component_regression/phase1/input4000_rate2p5_reuse00_seed3,21,0.017786062018411423,15.120873326990024,15.138659389008435,471.4918571486927,2.042810365310288e-14,486.6305165377011,5.567219,448.563992,0.0,454.131211
2026-07-16_ttft_component_regression/phase1/input4000_rate2p5_reuse00_seed3,64,0.0,15.242766842994273,15.242766842994273,471.4918571486927,2.042810365310288e-14,486.734623991687,49.612906,678.737503,0.0,728.350409
2026-07-16_ttft_component_regression/phase1/input4000_rate2p5_reuse00_seed3,62,0.016953237358495847,15.153075657063647,15.170028894422144,471.4918571486927,2.042810365310288e-14,486.66188604311486,83.335659,453.945403,0.0,537.281062
2026-07-16_ttft_component_regression/phase1/input4000_rate2p5_reuse00_seed3,59,0.02142961387080448,6.409136310044154,6.430565923914958,471.4918571486927,2.042810365310288e-14,477.92242307260767,4.939566,446.696031,0.0,451.635597
2026-07-16_ttft_component_regression/phase1/input4000_rate2p5_reuse00_seed3,77,0.0,15.314990019078726,15.314990019078726,471.4918571486927,2.042810365310288e-14,486.8068471677714,3.745523,451.813065,0.0,455.558588
2026-07-16_ttft_component_regression/phase1/input4000_rate2p5_reuse00_seed3,103,0.018741576117323848,15.075719285591102,15.094460861708425,471.4918571486927,2.042810365310288e-14,486.5863180104011,13.064854,454.923899,0.0,467.988753
2026-07-16_ttft_component_regression/phase1/input4000_rate2p5_reuse00_seed3,111,0.0,12.147722080430606,12.147722080430606,471.4918571486927,2.042810365310288e-14,483.6395792291233,59.574803,452.963469,0.0,512.538272
2026-07-16_ttft_component_regression/phase1/input4000_rate2p5_reuse00_seed3,108,0.018507319425199828,15.087682033583436,15.106189353008636,471.4918571486927,2.042810365310288e-14,486.59804650170133,5.368815,448.4694,0.0,453.838215
2026-07-16_ttft_component_regression/phase1/input4000_rate2p5_reuse00_seed3,109,0.0,15.292960395696225,15.292960395696225,471.4918571486927,2.042810365310288e-14,486.78481754438894,16.692036,451.101545,0.0,467.793581
2026-07-16_ttft_component_regression/phase1/input4000_rate2p5_reuse00_seed3,105,0.0,15.281879263905845,15.281879263905845,471.4918571486927,2.042810365310288e-14,486.77373641259857,16.919942,680.049695,0.0,696.969637
2026-07-16_ttft_component_regression/phase1/input4000_rate2p5_reuse00_seed3,117,0.0,11.464501151993085,11.464501151993085,471.4918571486927,2.042810365310288e-14,482.9563583006858,9.489033,456.407177,0.0,465.89621
2026-07-16_ttft_component_regression/phase1/input4000_rate2p5_reuse00_seed3,155,0.02027518277116423,6.257393071291487,6.277668254062651,471.4918571486927,2.042810365310288e-14,477.76952540275533,7.482108,444.357823,0.0,451.839931
2026-07-16_ttft_component_regression/phase1/input4000_rate2p5_reuse00_seed3,151,0.0,0.0,0.0,471.4918571486927,2.042810365310288e-14,471.4918571486927,0.001637,439.218678,0.0,439.220315
2026-07-16_ttft_component_regression/phase1/input4000_rate2p5_reuse00_seed3,164,0.01881896331864269,15.07163100199334,15.090449965311983,471.4918571486927,2.042810365310288e-14,486.58230711400466,7.446386,457.109208,0.0,464.555594
2026-07-16_ttft_component_regression/phase1/input4000_rate2p5_reuse00_seed3,167,0.0,15.358486157985883,15.358486157985883,471.4918571486927,2.042810365310288e-14,486.8503433066786,14.76388,457.928553,0.0,472.692433
2026-07-16_ttft_component_regression/phase1/input4000_rate2p5_reuse00_seed3,195,0.019124978308521983,15.054771926685078,15.0738969049936,471.4918571486927,2.042810365310288e-14,486.5657540536863,2.693523,457.855339,0.0,460.548862
2026-07-16_ttft_component_regression/phase1/input4000_rate2p5_reuse00_seed3,192,0.018895998713600867,15.06749221490119,15.086388213614791,471.4918571486927,2.042810365310288e-14,486.5782453623075,0.045981,463.684918,0.0,463.730899
2026-07-16_ttft_component_regression/phase1/input4000_rate2p5_reuse00_seed3,201,0.018190147421519025,15.102930936026825,15.121121083448344,471.4918571486927,2.042810365310288e-14,486.612978232141,12.536918,455.290283,0.0,467.827201
2026-07-16_ttft_component_regression/phase1/input4000_rate2p5_reuse00_seed3,211,0.0,15.309499555636263,15.309499555636263,471.4918571486927,2.042810365310288e-14,486.80135670432895,10.381237,457.689111,0.0,468.070348
2026-07-16_ttft_component_regression/phase1/input4000_rate2p5_reuse00_seed3,231,0.0,15.259590143948019,15.259590143948019,471.4918571486927,2.042810365310288e-14,486.7514472926407,17.130152,463.436812,0.0,480.566964
2026-07-16_ttft_component_regression/phase1/input4000_rate2p5_reuse00_seed3,235,0.0,15.298484598876035,15.298484598876035,471.4918571486927,2.042810365310288e-14,486.79034174756873,17.962524,459.681291,0.0,477.643815
2026-07-16_ttft_component_regression/phase1/input4000_rate2p5_reuse00_seed3,253,0.01881896331864269,15.07163100199334,15.090449965311983,471.4918571486927,2.042810365310288e-14,486.58230711400466,16.138226,461.695952,0.0,477.834178
2026-07-16_ttft_component_regression/phase1/input4000_rate2p5_reuse00_seed3,257,0.0,15.353092071631327,15.353092071631327,471.4918571486927,2.042810365310288e-14,486.84494922032405,19.288053,461.920107,0.0,481.20816
2026-07-16_ttft_component_regression/phase1/input4000_rate2p5_reuse00_seed3,281,0.0,0.0,0.0,471.4918571486927,2.042810365310288e-14,471.4918571486927,0.000414,453.232166,0.0,453.23258
2026-07-16_ttft_component_regression/phase1/input4000_rate2p5_reuse00_seed3,291,0.021273938097490664,6.387751480895143,6.409025418992633,471.4918571486927,2.042810365310288e-14,477.90088256768536,2.640237,455.214842,0.0,457.855079
2026-07-16_ttft_component_regression/phase1/input4000_rate2p5_reuse00_seed3,294,0.0170379660246163,15.150074254798495,15.167112220823112,471.4918571486927,2.042810365310288e-14,486.65896936951583,11.904503,460.10778,0.0,472.012283
2026-07-16_ttft_component_regression/phase1/input4000_rate2p5_reuse00_seed3,296,0.0,15.168910664553694,15.168910664553694,471.4918571486927,2.042810365310288e-14,486.6607678132464,36.15084,689.561087,0.0,725.711927
2026-07-16_ttft_component_regression/phase1/input4000_rate2p5_reuse00_seed3,16,0.0,0.0,0.0,471.4918571486927,2.042810365310288e-14,471.4918571486927,0.00112,439.218678,0.0,439.219798
2026-07-16_ttft_component_regression/phase1/input4000_rate2p5_reuse00_seed3,25,0.019260848833085223,6.134913723402301,6.154174572235386,471.4918571486927,2.042810365310288e-14,477.6460317209281,2.224185,444.770207,0.0,446.994392
2026-07-16_ttft_component_regression/phase1/input4000_rate2p5_reuse00_seed3,33,0.01897268072705958,15.063302833410434,15.082275514137494,471.4918571486927,2.042810365310288e-14,486.5741326628302,0.66061,448.998776,0.0,449.659386
2026-07-16_ttft_component_regression/phase1/input4000_rate2p5_reuse00_seed3,52,0.017786062018411423,15.120873326990024,15.138659389008435,471.4918571486927,2.042810365310288e-14,486.6305165377011,2.366756,449.769944,0.0,452.1367
2026-07-16_ttft_component_regression/phase1/input4000_rate2p5_reuse00_seed3,60,0.01794870121423539,15.113844859691904,15.13179356090614,471.4918571486927,2.042810365310288e-14,486.62365070959885,0.12703,449.56876,0.0,449.69579
2026-07-16_ttft_component_regression/phase1/input4000_rate2p5_reuse00_seed3,71,0.018507319425199828,15.087682033583436,15.106189353008636,471.4918571486927,2.042810365310288e-14,486.59804650170133,4.13965,449.306648,0.0,453.446298
2026-07-16_ttft_component_regression/phase1/input4000_rate2p5_reuse00_seed3,129,0.0,0.0,0.0,471.4918571486927,2.042810365310288e-14,471.4918571486927,0.000142,439.218678,0.0,439.21882
2026-07-16_ttft_component_regression/phase1/input4000_rate2p5_reuse00_seed3,145,0.021034677130092858,6.355489128678693,6.376523805808786,471.4918571486927,2.042810365310288e-14,477.8683809545015,17.20199,446.187007,0.0,463.388997
2026-07-16_ttft_component_regression/phase1/input4000_rate2p5_reuse00_seed3,159,0.021034677130092858,6.355489128678693,6.376523805808786,471.4918571486927,2.042810365310288e-14,477.8683809545015,12.372005,444.889631,0.0,457.261636
2026-07-16_ttft_component_regression/phase1/input4000_rate2p5_reuse00_seed3,174,0.018507319425199828,15.087682033583436,15.106189353008636,471.4918571486927,2.042810365310288e-14,486.59804650170133,10.278804,450.053656,0.0,460.33246
2026-07-16_ttft_component_regression/phase1/input4000_rate2p5_reuse00_seed3,202,0.02009784253494618,6.235332250430866,6.255430092965812,471.4918571486927,2.042810365310288e-14,477.7472872416585,7.54242,444.356799,0.0,451.899219
2026-07-16_ttft_component_regression/phase1/input4000_rate2p5_reuse00_seed3,199,0.019640747172753194,6.179773092616146,6.199413839788899,471.4918571486927,2.042810365310288e-14,477.6912709884816,8.002901,445.897535,0.0,453.900436
2026-07-16_ttft_component_regression/phase1/input4000_rate2p5_reuse00_seed3,212,0.0,15.390578736257908,15.390578736257908,471.4918571486927,2.042810365310288e-14,486.8824358849506,11.711399,451.433321,0.0,463.14472
2026-07-16_ttft_component_regression/phase1/input4000_rate2p5_reuse00_seed3,207,0.019049007783799723,15.059062767229934,15.078111775013733,471.4918571486927,2.042810365310288e-14,486.5699689237064,11.976362,448.667064,0.0,460.643426
2026-07-16_ttft_component_regression/phase1/input4000_rate2p5_reuse00_seed3,228,0.0,12.206041738917788,12.206041738917788,471.4918571486927,2.042810365310288e-14,483.6978988876105,2.543291,454.357517,0.0,456.900808
2026-07-16_ttft_component_regression/phase1/input4000_rate2p5_reuse00_seed3,236,0.002118604753702003,12.621725886586429,12.623844491340131,471.4918571486927,2.042810365310288e-14,484.11570164003285,37.928118,463.667292,0.0,501.59541
2026-07-16_ttft_component_regression/phase1/input4000_rate2p5_reuse00_seed3,234,0.0,11.424710165031353,11.424710165031353,471.4918571486927,2.042810365310288e-14,482.91656731372404,6.94485,458.101481,0.0,465.046331
2026-07-16_ttft_component_regression/phase1/input4000_rate2p5_reuse00_seed3,241,0.0,15.432602436089631,15.432602436089631,471.4918571486927,2.042810365310288e-14,486.9244595847823,17.58515,456.021856,0.0,473.607006
2026-07-16_ttft_component_regression/phase1/input4000_rate2p5_reuse00_seed3,248,0.0,12.237571404172407,12.237571404172407,471.4918571486927,2.042810365310288e-14,483.7294285528651,10.539927,457.953299,0.0,468.493226
2026-07-16_ttft_component_regression/phase1/input4000_rate2p5_reuse00_seed3,249,0.0,11.402362104601316,11.402362104601316,471.4918571486927,2.042810365310288e-14,482.894219253294,162.369949,465.091243,0.0,627.461192
2026-07-16_ttft_component_regression/phase1/input4000_rate2p5_reuse00_seed3,258,0.0,11.413264075348847,11.413264075348847,471.4918571486927,2.042810365310288e-14,482.9051212240415,0.158267,466.432112,0.0,466.590379
2026-07-16_ttft_component_regression/phase1/input4000_rate2p5_reuse00_seed3,262,0.0,11.438746367987788,11.438746367987788,471.4918571486927,2.042810365310288e-14,482.9306035166805,9.586444,471.903742,0.0,481.490186
2026-07-16_ttft_component_regression/phase1/input4000_rate2p5_reuse00_seed3,259,0.0032130141088438893,12.672516471731441,12.675729485840286,471.4918571486927,2.042810365310288e-14,484.167586634533,207.890616,473.77749,0.0,681.668106
2026-07-16_ttft_component_regression/phase1/input4000_rate2p5_reuse00_seed3,293,0.0,11.47585734046187,11.47585734046187,471.4918571486927,2.042810365310288e-14,482.96771448915456,17.47229,472.097385,0.0,489.569675
2026-07-16_ttft_component_regression/phase1/input4000_rate2p5_reuse00_seed3,288,0.0,15.298484598876035,15.298484598876035,471.4918571486927,2.042810365310288e-14,486.79034174756873,16.239182,464.847357,0.0,481.086539
2026-07-16_ttft_component_regression/phase1/input4000_rate2p5_reuse00_seed3,289,0.0,12.121067141142648,12.121067141142648,471.4918571486927,2.042810365310288e-14,483.61292428983535,157.283433,695.955974,0.0,853.239407
2026-07-16_ttft_component_regression/phase1/input4000_rate2p5_reuse00_seed3,5,0.0,0.0,0.0,471.4918571486927,2.042810365310288e-14,471.4918571486927,0.003544,439.218678,0.0,439.222222
2026-07-16_ttft_component_regression/phase1/input4000_rate2p5_reuse00_seed3,24,0.019260848833085223,6.134913723402301,6.154174572235386,471.4918571486927,2.042810365310288e-14,477.6460317209281,4.766117,445.246367,0.0,450.012484
2026-07-16_ttft_component_regression/phase1/input4000_rate2p5_reuse00_seed3,40,0.019546961588548472,6.168592279941651,6.188139241530199,471.4918571486927,2.042810365310288e-14,477.6799963902229,9.171215,445.242623,0.0,454.413838
2026-07-16_ttft_component_regression/phase1/input4000_rate2p5_reuse00_seed3,49,0.0,15.276322624488268,15.276322624488268,471.4918571486927,2.042810365310288e-14,486.768179773181,126.123628,678.062207,0.0,804.185835
2026-07-16_ttft_component_regression/phase1/input4000_rate2p5_reuse00_seed3,48,0.01858575259569666,15.083744708964877,15.102330461560573,471.4918571486927,2.042810365310288e-14,486.5941876102533,17.7488,453.442299,0.0,471.191099
2026-07-16_ttft_component_regression/phase1/input4000_rate2p5_reuse00_seed3,67,0.0,15.197490127921762,15.197490127921762,471.4918571486927,2.042810365310288e-14,486.68934727661446,12.30746,452.305705,0.0,464.613165
2026-07-16_ttft_component_regression/phase1/input4000_rate2p5_reuse00_seed3,91,0.020449396813399082,6.279359641924356,6.299809038737755,471.4918571486927,2.042810365310288e-14,477.79166618743045,9.465516,446.296415,0.0,455.761931
2026-07-16_ttft_component_regression/phase1/input4000_rate2p5_reuse00_seed3,110,0.019066130960105433,6.1123489581651285,6.131415089125234,471.4918571486927,2.042810365310288e-14,477.62327223781796,6.008212,445.268895,0.0,451.277107
2026-07-16_ttft_component_regression/phase1/input4000_rate2p5_reuse00_seed3,119,0.019066130960105433,6.1123489581651285,6.131415089125234,471.4918571486927,2.042810365310288e-14,477.62327223781796,7.679169,445.205023,0.0,452.884192
2026-07-16_ttft_component_regression/phase1/input4000_rate2p5_reuse00_seed3,141,0.0,0.0,0.0,471.4918571486927,2.042810365310288e-14,471.4918571486927,0.027504,439.218678,0.0,439.246182
2026-07-16_ttft_component_regression/phase1/input4000_rate2p5_reuse00_seed3,146,0.01945238418549726,6.157388711983412,6.176841096168909,471.4918571486927,2.042810365310288e-14,477.6686982448616,2.554813,444.544447,0.0,447.09926
2026-07-16_ttft_component_regression/phase1/input4000_rate2p5_reuse00_seed3,166,0.0,15.416950253114884,15.416950253114884,471.4918571486927,2.042810365310288e-14,486.90880740180756,9.539653,452.035497,0.0,461.57515
2026-07-16_ttft_component_regression/phase1/input4000_rate2p5_reuse00_seed3,163,0.019573226059333475,15.027955678545073,15.047528904604407,471.4918571486927,2.042810365310288e-14,486.5393860532971,13.535177,449.599608,0.0,463.134785
2026-07-16_ttft_component_regression/phase1/input4000_rate2p5_reuse00_seed3,170,0.0,15.353092071631327,15.353092071631327,471.4918571486927,2.042810365310288e-14,486.84494922032405,10.279338,451.874185,0.0,462.153523
2026-07-16_ttft_component_regression/phase1/input4000_rate2p5_reuse00_seed3,172,0.0,12.141650126707807,12.141650126707807,471.4918571486927,2.042810365310288e-14,483.6335072754005,12.2409,453.579053,0.0,465.819953
2026-07-16_ttft_component_regression/phase1/input4000_rate2p5_reuse00_seed3,184,0.0,11.480501985406583,11.480501985406583,471.4918571486927,2.042810365310288e-14,482.9723591340993,7.074168,463.421609,0.0,470.495777
2026-07-16_ttft_component_regression/phase1/input4000_rate2p5_reuse00_seed3,180,0.0,11.478172382469438,11.478172382469438,471.4918571486927,2.042810365310288e-14,482.97002953116214,9.19198,457.141193,0.0,466.333173
2026-07-16_ttft_component_regression/phase1/input4000_rate2p5_reuse00_seed3,197,0.03666958447478036,15.359573455162465,15.396243039637245,471.4918571486927,2.042810365310288e-14,486.88810018832993,2.321783,477.556145,0.0,479.877928
2026-07-16_ttft_component_regression/phase1/input4000_rate2p5_reuse00_seed3,191,0.007102898544318537,12.859878018328654,12.866980916872972,471.4918571486927,2.042810365310288e-14,484.3588380655657,14.380117,474.413216,0.0,488.793333
2026-07-16_ttft_component_regression/phase1/input4000_rate2p5_reuse00_seed3,242,0.0,0.0,0.0,471.4918571486927,2.042810365310288e-14,471.4918571486927,0.004864,453.677016,0.0,453.68188
2026-07-16_ttft_component_regression/phase1/input4000_rate2p5_reuse00_seed3,275,0.01897268072705958,15.063302833410434,15.082275514137494,471.4918571486927,2.042810365310288e-14,486.5741326628302,151.003208,669.007182,0.0,820.01039
2026-07-16_ttft_component_regression/phase1/input4000_rate2p5_reuse00_seed3,274,0.02027518277116423,6.257393071291487,6.277668254062651,471.4918571486927,2.042810365310288e-14,477.76952540275533,181.474032,696.863033,0.0,878.337065
2026-07-16_ttft_component_regression/phase1/input4000_rate2p5_reuse00_seed3,273,0.0,0.0,0.0,471.4918571486927,2.042810365310288e-14,471.4918571486927,0.000135,458.142564,0.0,458.142699
2026-07-16_ttft_component_regression/phase1/input4000_rate2p5_reuse00_seed3,279,0.0,15.298484598876035,15.298484598876035,471.4918571486927,2.042810365310288e-14,486.79034174756873,3.928506,459.966806,0.0,463.895312
2026-07-16_ttft_component_regression/phase1/input4000_rate2p5_reuse00_seed3,4,0.0,0.0,0.0,471.4918571486927,2.042810365310288e-14,471.4918571486927,0.023086,439.218678,0.0,439.241764
2026-07-16_ttft_component_regression/phase1/input4000_rate2p5_reuse00_seed3,19,0.019124978308521983,15.054771926685078,15.0738969049936,471.4918571486927,2.042810365310288e-14,486.5657540536863,6.507292,448.776728,0.0,455.28402
2026-07-16_ttft_component_regression/phase1/input4000_rate2p5_reuse00_seed3,12,0.02027518277116423,6.257393071291487,6.277668254062651,471.4918571486927,2.042810365310288e-14,477.76952540275533,14.898965,444.727615,0.0,459.62658
2026-07-16_ttft_component_regression/phase1/input4000_rate2p5_reuse00_seed3,39,0.0,15.298484598876035,15.298484598876035,471.4918571486927,2.042810365310288e-14,486.79034174756873,18.004809,452.173321,0.0,470.17813
2026-07-16_ttft_component_regression/phase1/input4000_rate2p5_reuse00_seed3,36,0.01794870121423539,15.113844859691904,15.13179356090614,471.4918571486927,2.042810365310288e-14,486.62365070959885,13.610838,449.673528,0.0,463.284366
2026-07-16_ttft_component_regression/phase1/input4000_rate2p5_reuse00_seed3,53,0.0,15.298484598876035,15.298484598876035,471.4918571486927,2.042810365310288e-14,486.79034174756873,2.862111,452.587945,0.0,455.450056
2026-07-16_ttft_component_regression/phase1/input4000_rate2p5_reuse00_seed3,68,0.0,15.298484598876035,15.298484598876035,471.4918571486927,2.042810365310288e-14,486.79034174756873,10.733011,452.363305,0.0,463.096316
2026-07-16_ttft_component_regression/phase1/input4000_rate2p5_reuse00_seed3,80,0.0,15.248384461621383,15.248384461621383,471.4918571486927,2.042810365310288e-14,486.74024161031406,8.503,452.896457,0.0,461.399457
2026-07-16_ttft_component_regression/phase1/input4000_rate2p5_reuse00_seed3,88,0.0,15.191790707163065,15.191790707163065,471.4918571486927,2.042810365310288e-14,486.6836478558558,0.269579,451.659625,0.0,451.929204
2026-07-16_ttft_component_regression/phase1/input4000_rate2p5_reuse00_seed3,85,0.017122377505818902,15.147024496980679,15.164146874486498,471.4918571486927,2.042810365310288e-14,486.6560040231792,10.679824,449.118904,0.0,459.798728
2026-07-16_ttft_component_regression/phase1/input4000_rate2p5_reuse00_seed3,97,0.0,11.50212081022306,11.50212081022306,471.4918571486927,2.042810365310288e-14,482.99397795891576,152.327789,686.900193,0.0,839.227982
2026-07-16_ttft_component_regression/phase1/input4000_rate2p5_reuse00_seed3,95,0.0,12.093517562110147,12.093517562110147,471.4918571486927,2.042810365310288e-14,483.58537471080285,13.743392,458.565385,0.0,472.308777
2026-07-16_ttft_component_regression/phase1/input4000_rate2p5_reuse00_seed3,113,0.0,11.466743128778516,11.466743128778516,471.4918571486927,2.042810365310288e-14,482.9586002774712,16.918912,462.217967,0.0,479.136879
2026-07-16_ttft_component_regression/phase1/input4000_rate2p5_reuse00_seed3,114,0.006374625918904307,12.823957822648127,12.830332448567031,471.4918571486927,2.042810365310288e-14,484.32218959725975,185.606791,691.887492,0.0,877.494283
2026-07-16_ttft_component_regression/phase1/input4000_rate2p5_reuse00_seed3,152,0.0,0.0,0.0,471.4918571486927,2.042810365310288e-14,471.4918571486927,0.0041,439.218678,0.0,439.222778
2026-07-16_ttft_component_regression/phase1/input4000_rate2p5_reuse00_seed3,162,0.019163888344864974,6.123642510603512,6.142806398948377,471.4918571486927,2.042810365310288e-14,477.6346635476411,14.933607,444.630463,0.0,459.56407
2026-07-16_ttft_component_regression/phase1/input4000_rate2p5_reuse00_seed3,186,0.018967575415456194,6.101033171220881,6.120000746636338,471.4918571486927,2.042810365310288e-14,477.611857895329,3.592807,459.649591,0.0,463.242398
2026-07-16_ttft_component_regression/phase1/input4000_rate2p5_reuse00_seed3,213,0.0,0.0,0.0,471.4918571486927,2.042810365310288e-14,471.4918571486927,0.004937,453.295716,0.0,453.300653
2026-07-16_ttft_component_regression/phase1/input4000_rate2p5_reuse00_seed3,225,0.0,15.292960395696225,15.292960395696225,471.4918571486927,2.042810365310288e-14,486.78481754438894,14.293738,460.625125,0.0,474.918863
2026-07-16_ttft_component_regression/phase1/input4000_rate2p5_reuse00_seed3,216,0.018029519868731116,15.110256478916709,15.12828599878544,471.4918571486927,2.042810365310288e-14,486.62014314747813,27.706207,678.666434,0.0,706.372641
2026-07-16_ttft_component_regression/phase1/input4000_rate2p5_reuse00_seed3,214,0.02027518277116423,6.257393071291487,6.277668254062651,471.4918571486927,2.042810365310288e-14,477.76952540275533,168.619873,458.13871,0.0,626.758583
2026-07-16_ttft_component_regression/phase1/input4000_rate2p5_reuse00_seed3,238,0.0,12.11538044351682,12.11538044351682,471.4918571486927,2.042810365310288e-14,483.6072375922095,15.597982,463.325225,0.0,478.923207
2026-07-16_ttft_component_regression/phase1/input4000_rate2p5_reuse00_seed3,251,0.0,15.281879263905845,15.281879263905845,471.4918571486927,2.042810365310288e-14,486.77373641259857,135.245505,689.403768,0.0,824.649273
2026-07-16_ttft_component_regression/phase1/input4000_rate2p5_reuse00_seed3,250,0.01770424462439416,15.124313610059376,15.14201785468377,471.4918571486927,2.042810365310288e-14,486.6338750033765,9.048315,465.944824,0.0,474.993139
2026-07-16_ttft_component_regression/phase1/input4000_rate2p5_reuse00_seed3,263,0.0,12.195874592290789,12.195874592290789,471.4918571486927,2.042810365310288e-14,483.6877317409835,13.881757,463.976893,0.0,477.85865
2026-07-16_ttft_component_regression/phase1/input4000_rate2p5_reuse00_seed3,261,0.0,15.358486157985883,15.358486157985883,471.4918571486927,2.042810365310288e-14,486.8503433066786,17.688781,459.271894,0.0,476.960675
2026-07-16_ttft_component_regression/phase1/input4000_rate2p5_reuse00_seed3,287,0.0,12.252066773235876,12.252066773235876,471.4918571486927,2.042810365310288e-14,483.74392392192857,100.086276,691.739282,0.0,791.825558
2026-07-16_ttft_component_regression/phase1/input4000_rate2p5_reuse00_seed3,284,0.020079433847314705,14.994330874024769,15.014410307872083,471.4918571486927,2.042810365310288e-14,486.5062674565648,4.043017,457.896118,0.0,461.939135
2026-07-16_ttft_component_regression/phase1/input4000_rate2p5_reuse00_seed3,285,0.0,15.448121681618643,15.448121681618643,471.4918571486927,2.042810365310288e-14,486.93997883031136,14.076363,460.898608,0.0,474.974971
2026-07-16_ttft_component_regression/phase1/input4000_rate2p5_reuse00_seed3,297,0.0,15.369236069473793,15.369236069473793,471.4918571486927,2.042810365310288e-14,486.8610932181665,19.125258,461.010469,0.0,480.135727
2026-07-16_ttft_component_regression/phase1/input4000_rate2p5_reuse00_seed3,3,0.019640747172753194,6.179773092616146,6.199413839788899,471.4918571486927,2.042810365310288e-14,477.6912709884816,100.840749,444.299839,0.0,545.140588
2026-07-16_ttft_component_regression/phase1/input4000_rate2p5_reuse00_seed3,2,0.0,0.0,0.0,471.4918571486927,2.042810365310288e-14,471.4918571486927,1.286811,439.218678,0.0,440.505489
2026-07-16_ttft_component_regression/phase1/input4000_rate2p5_reuse00_seed3,11,0.018741576117323848,15.075719285591102,15.094460861708425,471.4918571486927,2.042810365310288e-14,486.5863180104011,14.205585,448.986872,0.0,463.192457
2026-07-16_ttft_component_regression/phase1/input4000_rate2p5_reuse00_seed3,22,0.0,15.292960395696225,15.292960395696225,471.4918571486927,2.042810365310288e-14,486.78481754438894,4.54147,452.264553,0.0,456.806023
2026-07-16_ttft_component_regression/phase1/input4000_rate2p5_reuse00_seed3,56,0.017373693118926826,15.137584057810205,15.154957750929132,471.4918571486927,2.042810365310288e-14,486.64681489962186,12.30676,449.493272,0.0,461.800032
2026-07-16_ttft_component_regression/phase1/input4000_rate2p5_reuse00_seed3,54,0.021273938097490664,6.387751480895143,6.409025418992633,471.4918571486927,2.042810365310288e-14,477.90088256768536,13.203123,446.247103,0.0,459.450226
2026-07-16_ttft_component_regression/phase1/input4000_rate2p5_reuse00_seed3,90,0.0,0.0,0.0,471.4918571486927,2.042810365310288e-14,471.4918571486927,0.015293,439.218678,0.0,439.233971
2026-07-16_ttft_component_regression/phase1/input4000_rate2p5_reuse00_seed3,127,0.019163888344864974,6.123642510603512,6.142806398948377,471.4918571486927,2.042810365310288e-14,477.6346635476411,12.397507,444.371423,0.0,456.76893
2026-07-16_ttft_component_regression/phase1/input4000_rate2p5_reuse00_seed3,122,0.0,0.0,0.0,471.4918571486927,2.042810365310288e-14,471.4918571486927,0.004791,439.218678,0.0,439.223469
2026-07-16_ttft_component_regression/phase1/input4000_rate2p5_reuse00_seed3,139,0.0,15.38526308170364,15.38526308170364,471.4918571486927,2.042810365310288e-14,486.8771202303963,14.256642,452.277385,0.0,466.534027
2026-07-16_ttft_component_regression/phase1/input4000_rate2p5_reuse00_seed3,134,0.01897268072705958,15.063302833410434,15.082275514137494,471.4918571486927,2.042810365310288e-14,486.5741326628302,6.33414,449.092024,0.0,455.426164
2026-07-16_ttft_component_regression/phase1/input4000_rate2p5_reuse00_seed3,194,0.0,0.0,0.0,471.4918571486927,2.042810365310288e-14,471.4918571486927,0.003189,439.218678,0.0,439.221867
2026-07-16_ttft_component_regression/phase1/input4000_rate2p5_reuse00_seed3,196,0.020871322918022597,6.333858578435129,6.354729901353152,471.4918571486927,2.042810365310288e-14,477.84658705004585,7.522731,444.303007,0.0,451.825738
2026-07-16_ttft_component_regression/phase1/input4000_rate2p5_reuse00_seed3,208,0.01834941813858938,15.095406375289192,15.113755793427782,471.4918571486927,2.042810365310288e-14,486.6056129421205,18.079615,449.273112,0.0,467.352727
2026-07-16_ttft_component_regression/phase1/input4000_rate2p5_reuse00_seed3,215,0.0,15.342266370232544,15.342266370232544,471.4918571486927,2.042810365310288e-14,486.83412351892525,9.997739,451.933833,0.0,461.931572
2026-07-16_ttft_component_regression/phase1/input4000_rate2p5_reuse00_seed3,222,0.0,12.150789444682271,12.150789444682271,471.4918571486927,2.042810365310288e-14,483.642646593375,6.034442,454.020109,0.0,460.054551
2026-07-16_ttft_component_regression/phase1/input4000_rate2p5_reuse00_seed3,230,0.0,11.487577986993845,11.487577986993845,471.4918571486927,2.042810365310288e-14,482.9794351356866,1.733353,464.627353,0.0,466.360706
2026-07-16_ttft_component_regression/phase1/input4000_rate2p5_reuse00_seed3,252,0.02142961387080448,6.409136310044154,6.430565923914958,471.4918571486927,2.042810365310288e-14,477.92242307260767,3.411386,460.288073,0.0,463.699459
2026-07-16_ttft_component_regression/phase1/input4000_rate2p5_reuse00_seed3,265,0.02027518277116423,6.257393071291487,6.277668254062651,471.4918571486927,2.042810365310288e-14,477.76952540275533,10.354841,458.978846,0.0,469.333687
2026-07-16_ttft_component_regression/phase1/input4000_rate2p5_reuse00_seed3,269,0.018029519868731116,15.110256478916709,15.12828599878544,471.4918571486927,2.042810365310288e-14,486.62014314747813,7.857191,457.295637,0.0,465.152828
2026-07-16_ttft_component_regression/phase1/input4000_rate2p5_reuse00_seed3,286,0.0,15.314990019078726,15.314990019078726,471.4918571486927,2.042810365310288e-14,486.8068471677714,17.094927,464.130672,0.0,481.225599
2026-07-16_ttft_component_regression/phase1/input4000_rate2p5_reuse00_seed3,290,0.0,15.331391605570841,15.331391605570841,471.4918571486927,2.042810365310288e-14,486.82324875426355,15.289761,458.489088,0.0,473.778849
2026-07-16_ttft_component_regression/phase1/input4000_rate2p5_reuse00_seed3,18,0.0,0.0,0.0,471.4918571486927,2.042810365310288e-14,471.4918571486927,0.014527,439.218678,0.0,439.233205
2026-07-16_ttft_component_regression/phase1/input4000_rate2p5_reuse00_seed3,35,0.019350734936547306,15.041593871439467,15.060944606376014,471.4918571486927,2.042810365310288e-14,486.55280175506874,13.577681,448.941912,0.0,462.519593
2026-07-16_ttft_component_regression/phase1/input4000_rate2p5_reuse00_seed3,31,0.02009784253494618,6.235332250430866,6.255430092965812,471.4918571486927,2.042810365310288e-14,477.7472872416585,15.810564,445.125791,0.0,460.936355
2026-07-16_ttft_component_regression/phase1/input4000_rate2p5_reuse00_seed3,43,0.0,15.374591601157782,15.374591601157782,471.4918571486927,2.042810365310288e-14,486.86644874985046,7.410057,452.028265,0.0,459.438322
2026-07-16_ttft_component_regression/phase1/input4000_rate2p5_reuse00_seed3,57,0.0,15.374591601157782,15.374591601157782,471.4918571486927,2.042810365310288e-14,486.86644874985046,6.651504,452.378473,0.0,459.029977
2026-07-16_ttft_component_regression/phase1/input4000_rate2p5_reuse00_seed3,73,0.019499427811661467,15.032553013479552,15.052052441291213,471.4918571486927,2.042810365310288e-14,486.5439095899839,1.458013,449.80748,0.0,451.265493
2026-07-16_ttft_component_regression/phase1/input4000_rate2p5_reuse00_seed3,76,0.0,15.336835047759612,15.336835047759612,471.4918571486927,2.042810365310288e-14,486.8286921964523,9.435337,452.139049,0.0,461.574386
2026-07-16_ttft_component_regression/phase1/input4000_rate2p5_reuse00_seed3,96,0.018895998713600867,15.06749221490119,15.086388213614791,471.4918571486927,2.042810365310288e-14,486.5782453623075,15.69076,449.870072,0.0,465.560832
2026-07-16_ttft_component_regression/phase1/input4000_rate2p5_reuse00_seed3,99,0.0,15.358486157985883,15.358486157985883,471.4918571486927,2.042810365310288e-14,486.8503433066786,139.22384,452.141769,0.0,591.365609
2026-07-16_ttft_component_regression/phase1/input4000_rate2p5_reuse00_seed3,104,0.0,12.192524430111762,12.192524430111762,471.4918571486927,2.042810365310288e-14,483.68438157880445,3.393602,454.119821,0.0,457.513423
2026-07-16_ttft_component_regression/phase1/input4000_rate2p5_reuse00_seed3,112,0.0,12.206041738917788,12.206041738917788,471.4918571486927,2.042810365310288e-14,483.6978988876105,17.213679,454.039981,0.0,471.25366
2026-07-16_ttft_component_regression/phase1/input4000_rate2p5_reuse00_seed3,133,0.0,0.0,0.0,471.4918571486927,2.042810365310288e-14,471.4918571486927,0.000836,439.218678,0.0,439.219514
2026-07-16_ttft_component_regression/phase1/input4000_rate2p5_reuse00_seed3,142,0.019200590725855837,15.050430222721294,15.06963081344715,471.4918571486927,2.042810365310288e-14,486.56148796213984,17.422589,453.482523,0.0,470.905112
2026-07-16_ttft_component_regression/phase1/input4000_rate2p5_reuse00_seed3,138,0.02027518277116423,6.257393071291487,6.277668254062651,471.4918571486927,2.042810365310288e-14,477.76952540275533,0.114996,445.129599,0.0,445.244595
2026-07-16_ttft_component_regression/phase1/input4000_rate2p5_reuse00_seed3,143,0.0,15.347685426927008,15.347685426927008,471.4918571486927,2.042810365310288e-14,486.8395425756197,15.063282,678.113823,0.0,693.177105
2026-07-16_ttft_component_regression/phase1/input4000_rate2p5_reuse00_seed3,153,0.0,15.276322624488268,15.276322624488268,471.4918571486927,2.042810365310288e-14,486.768179773181,3.869658,451.757193,0.0,455.626851
2026-07-16_ttft_component_regression/phase1/input4000_rate2p5_reuse00_seed3,173,0.0,12.09884921286167,12.09884921286167,471.4918571486927,2.042810365310288e-14,483.5907063615544,14.274641,458.342303,0.0,472.616944
2026-07-16_ttft_component_regression/phase1/input4000_rate2p5_reuse00_seed3,168,0.0,12.10154878749728,12.10154878749728,471.4918571486927,2.042810365310288e-14,483.59340593619,0.431483,458.788817,0.0,459.2203
2026-07-16_ttft_component_regression/phase1/input4000_rate2p5_reuse00_seed3,190,0.0,11.499660933470361,11.499660933470361,471.4918571486927,2.042810365310288e-14,482.99151808216305,19.919927,471.893155,0.0,491.813082
2026-07-16_ttft_component_regression/phase1/input4000_rate2p5_reuse00_seed3,176,0.00916037704899562,12.963576486581385,12.97273686363038,471.4918571486927,2.042810365310288e-14,484.46459401232306,146.002296,711.735267,0.0,857.737563
2026-07-16_ttft_component_regression/phase1/input4000_rate2p5_reuse00_seed3,175,0.0,11.530125430049956,11.530125430049956,471.4918571486927,2.042810365310288e-14,483.02198257874267,12.325254,470.865818,0.0,483.191072
2026-07-16_ttft_component_regression/phase1/input4000_rate2p5_reuse00_seed3,205,0.036739344541036986,15.367783639681713,15.40452298422275,471.4918571486927,2.042810365310288e-14,486.89638013291545,12.660476,473.134227,0.0,485.794703
2026-07-16_ttft_component_regression/phase1/input4000_rate2p5_reuse00_seed3,204,0.007224189688384521,12.865899500261316,12.8731236899497,471.4918571486927,2.042810365310288e-14,484.3649808386424,9.949647,468.492867,0.0,478.442514
2026-07-16_ttft_component_regression/phase1/input4000_rate2p5_reuse00_seed3,200,0.0,11.50212081022306,11.50212081022306,471.4918571486927,2.042810365310288e-14,482.99397795891576,7.373119,467.288383,0.0,474.661502
2026-07-16_ttft_component_regression/phase1/input4000_rate2p5_reuse00_seed3,217,0.03715079616394288,15.417110531023829,15.454261327187771,471.4918571486927,2.042810365310288e-14,486.9461184758805,13.119334,471.405535,0.0,484.524869
2026-07-16_ttft_component_regression/phase1/input4000_rate2p5_reuse00_seed3,220,0.03750862020497621,18.024658116946163,18.06216673715114,471.4918571486927,2.042810365310288e-14,489.55402388584383,22.017784,477.418396,0.0,499.43618
2026-07-16_ttft_component_regression/phase1/input4000_rate2p5_reuse00_seed3,233,0.0077090664675951905,12.890084167389091,12.897793233856687,471.4918571486927,2.042810365310288e-14,484.3896503825494,5.041447,469.658494,0.0,474.699941
2026-07-16_ttft_component_regression/phase1/input4000_rate2p5_reuse00_seed3,239,0.0073454530746578746,12.871930873634717,12.879276326709375,471.4918571486927,2.042810365310288e-14,484.3711334754021,13.695502,469.64478,0.0,483.340282
2026-07-16_ttft_component_regression/phase1/input4000_rate2p5_reuse00_seed3,232,0.0,11.504595076349178,11.504595076349178,471.4918571486927,2.042810365310288e-14,482.9964522250419,0.636275,461.727975,0.0,462.36425
2026-07-16_ttft_component_regression/phase1/input4000_rate2p5_reuse00_seed3,246,0.0372852120644129,15.433577103608195,15.470862315672608,471.4918571486927,2.042810365310288e-14,486.9627194643653,16.915792,470.41646,0.0,487.332252
2026-07-16_ttft_component_regression/phase1/input4000_rate2p5_reuse00_seed3,240,0.03748424178942462,15.458298815511485,15.49578305730091,471.4918571486927,2.042810365310288e-14,486.9876402059936,24.047044,705.903832,0.0,729.950876
2026-07-16_ttft_component_regression/phase1/input4000_rate2p5_reuse00_seed3,266,0.0,15.220201195646219,15.220201195646219,471.4918571486927,2.042810365310288e-14,486.7120583443389,10.550041,467.435001,0.0,477.985042
2026-07-16_ttft_component_regression/phase1/input4000_rate2p5_reuse00_seed3,271,0.016868193079261736,15.15602880781725,15.172897000896512,471.4918571486927,2.042810365310288e-14,486.6647541495892,0.876327,462.067576,0.0,462.943903
2026-07-16_ttft_component_regression/phase1/input4000_rate2p5_reuse00_seed3,277,0.016697163967641336,15.16179077359617,15.178487937563812,471.4918571486927,2.042810365310288e-14,486.67034508625653,16.595169,458.172467,0.0,474.767636
2026-07-16_ttft_component_regression/phase1/input4000_rate2p5_reuse00_seed3,292,0.0,15.220201195646219,15.220201195646219,471.4918571486927,2.042810365310288e-14,486.7120583443389,0.808571,462.477615,0.0,463.286186
2026-07-16_ttft_component_regression/phase1/input4000_rate2p5_reuse00_seed3,0,0.0,0.0,0.0,471.4918571486927,2.042810365310288e-14,471.4918571486927,0.0,439.218678,0.0,439.218678
2026-07-16_ttft_component_regression/phase1/input4000_rate2p5_reuse00_seed3,1,0.01973374221355879,6.190931047328621,6.21066478954218,471.4918571486927,2.042810365310288e-14,477.7025219382349,0.390409,444.307263,0.0,444.697672
2026-07-16_ttft_component_regression/phase1/input4000_rate2p5_reuse00_seed3,9,0.019573226059333475,15.027955678545073,15.047528904604407,471.4918571486927,2.042810365310288e-14,486.5393860532971,17.16548,449.032728,0.0,466.198208
2026-07-16_ttft_component_regression/phase1/input4000_rate2p5_reuse00_seed3,14,0.0,12.17932068669315,12.17932068669315,471.4918571486927,2.042810365310288e-14,483.67117783538583,14.546928,457.632777,0.0,472.179705
2026-07-16_ttft_component_regression/phase1/input4000_rate2p5_reuse00_seed3,15,0.0,11.453511599940763,11.453511599940763,471.4918571486927,2.042810365310288e-14,482.9453687486335,201.170956,685.526561,0.0,886.697517
2026-07-16_ttft_component_regression/phase1/input4000_rate2p5_reuse00_seed3,26,0.004307883679006494,12.724153773434168,12.728461657113174,471.4918571486927,2.042810365310288e-14,484.2203188058059,5.462013,459.478918,0.0,464.940931
2026-07-16_ttft_component_regression/phase1/input4000_rate2p5_reuse00_seed3,10,0.0,15.342266370232544,15.342266370232544,471.4918571486927,2.042810365310288e-14,486.83412351892525,197.066527,451.461417,0.0,648.527944
2026-07-16_ttft_component_regression/phase1/input4000_rate2p5_reuse00_seed3,32,0.03588031982404142,15.26948099926112,15.305361319085161,471.4918571486927,2.042810365310288e-14,486.79721846777784,7.120577,462.003082,0.0,469.123659
2026-07-16_ttft_component_regression/phase1/input4000_rate2p5_reuse00_seed3,51,0.00698158066364719,12.85386644529467,12.860848025958317,471.4918571486927,2.042810365310288e-14,484.352705174651,19.351706,460.48887,0.0,479.840576
2026-07-16_ttft_component_regression/phase1/input4000_rate2p5_reuse00_seed3,37,0.036946600295763875,15.392433184527407,15.42937978482317,471.4918571486927,2.042810365310288e-14,486.9212369335159,10.37175,462.115594,0.0,472.487344
2026-07-16_ttft_component_regression/phase1/input4000_rate2p5_reuse00_seed3,61,0.0,11.492367809783673,11.492367809783673,471.4918571486927,2.042810365310288e-14,482.9842249584764,1.819792,458.188809,0.0,460.008601
2026-07-16_ttft_component_regression/phase1/input4000_rate2p5_reuse00_seed3,69,0.0372852120644129,15.433577103608195,15.470862315672608,471.4918571486927,2.042810365310288e-14,486.9627194643653,6.072602,461.274442,0.0,467.347044
2026-07-16_ttft_component_regression/phase1/input4000_rate2p5_reuse00_seed3,70,0.03805424706317009,17.972116359047064,18.010170606110233,471.4918571486927,2.042810365310288e-14,489.50202775480295,7.783236,463.146125,0.0,470.929361
2026-07-16_ttft_component_regression/phase1/input4000_rate2p5_reuse00_seed3,66,0.036846155975508346,18.084119696106544,18.12096585208205,471.4918571486927,2.042810365310288e-14,489.61282300077477,385.794184,692.452272,0.0,1078.246456
2026-07-16_ttft_component_regression/phase1/input4000_rate2p5_reuse00_seed3,65,0.03780896665264185,15.49955773099414,15.537366697646782,471.4918571486927,2.042810365310288e-14,487.0292238463395,103.433053,708.36105,0.0,811.794103
2026-07-16_ttft_component_regression/phase1/input4000_rate2p5_reuse00_seed3,84,0.0,22.233298103134192,22.233298103134192,471.4918571486927,2.042810365310288e-14,493.7251552518269,1.459498,480.910666,0.0,482.370164
2026-07-16_ttft_component_regression/phase1/input4000_rate2p5_reuse00_seed3,63,0.008193433679144527,12.914425975061327,12.922619408740472,471.4918571486927,2.042810365310288e-14,484.41447655743315,165.482973,464.619785,0.0,630.102758
2026-07-16_ttft_component_regression/phase1/input4000_rate2p5_reuse00_seed3,74,0.0,19.56804189783373,19.56804189783373,471.4918571486927,2.042810365310288e-14,491.0598990465264,7.350912,466.761956,0.0,474.112868
2026-07-16_ttft_component_regression/phase1/input4000_rate2p5_reuse00_seed3,83,0.0,20.600376119234358,20.600376119234358,471.4918571486927,2.042810365310288e-14,492.09223326792704,1.911401,475.200892,0.0,477.112293
2026-07-16_ttft_component_regression/phase1/input4000_rate2p5_reuse00_seed3,87,0.0,25.869323054500967,25.869323054500967,471.4918571486927,2.042810365310288e-14,497.36118020319367,23.489126,490.300627,0.0,513.789753
2026-07-16_ttft_component_regression/phase1/input4000_rate2p5_reuse00_seed3,100,0.0,20.545021669509143,20.545021669509143,471.4918571486927,2.042810365310288e-14,492.03687881820184,19.406991,485.525591,0.0,504.932582
2026-07-16_ttft_component_regression/phase1/input4000_rate2p5_reuse00_seed3,115,0.03827844461023067,17.94945662778998,17.987735072400213,471.4918571486927,2.042810365310288e-14,489.4795922210929,6.801858,474.323792,0.0,481.12565
2026-07-16_ttft_component_regression/phase1/input4000_rate2p5_reuse00_seed3,107,0.0,22.220994395745837,22.220994395745837,471.4918571486927,2.042810365310288e-14,493.71285154443854,22.436239,438.74335,0.0,461.179589
2026-07-16_ttft_component_regression/phase1/input4000_rate2p5_reuse00_seed3,121,0.0,12.156986485276027,12.156986485276027,471.4918571486927,2.042810365310288e-14,483.64884363396874,2.210393,464.779982,0.0,466.990375
2026-07-16_ttft_component_regression/phase1/input4000_rate2p5_reuse00_seed3,126,0.0,12.129759909543758,12.129759909543758,471.4918571486927,2.042810365310288e-14,483.62161705823644,0.929551,461.966483,0.0,462.896034
2026-07-16_ttft_component_regression/phase1/input4000_rate2p5_reuse00_seed3,131,0.0,11.497215463109193,11.497215463109193,471.4918571486927,2.042810365310288e-14,482.9890726118019,18.115962,469.556501,0.0,487.672463
2026-07-16_ttft_component_regression/phase1/input4000_rate2p5_reuse00_seed3,132,0.007951317863736825,12.902235499069374,12.91018681693311,471.4918571486927,2.042810365310288e-14,484.4020439656258,28.646288,710.991399,0.0,739.637687
2026-07-16_ttft_component_regression/phase1/input4000_rate2p5_reuse00_seed3,156,0.0,15.259590143948019,15.259590143948019,471.4918571486927,2.042810365310288e-14,486.7514472926407,1.403305,467.669397,0.0,469.072702
2026-07-16_ttft_component_regression/phase1/input4000_rate2p5_reuse00_seed3,160,0.0,12.093517562110147,12.093517562110147,471.4918571486927,2.042810365310288e-14,483.58537471080285,1.434382,467.330935,0.0,468.765317
2026-07-16_ttft_component_regression/phase1/input4000_rate2p5_reuse00_seed3,165,0.0,15.242766842994273,15.242766842994273,471.4918571486927,2.042810365310288e-14,486.734623991687,14.542604,462.432333,0.0,476.974937
2026-07-16_ttft_component_regression/phase1/input4000_rate2p5_reuse00_seed3,179,0.0,12.10154878749728,12.10154878749728,471.4918571486927,2.042810365310288e-14,483.59340593619,12.880554,460.934134,0.0,473.814688
2026-07-16_ttft_component_regression/phase1/input4000_rate2p5_reuse00_seed3,177,0.0,15.237139563952718,15.237139563952718,471.4918571486927,2.042810365310288e-14,486.7289967126454,6.992968,463.842212,0.0,470.83518
2026-07-16_ttft_component_regression/phase1/input4000_rate2p5_reuse00_seed3,181,0.0,11.527508199783227,11.527508199783227,471.4918571486927,2.042810365310288e-14,483.01936534847596,11.711329,471.68065,0.0,483.391979
2026-07-16_ttft_component_regression/phase1/input4000_rate2p5_reuse00_seed3,182,0.009522280403399343,12.982166953711403,12.991689234114801,471.4918571486927,2.042810365310288e-14,484.4835463828075,47.668802,713.140502,0.0,760.809304
2026-07-16_ttft_component_regression/phase1/input4000_rate2p5_reuse00_seed3,188,0.038729435956221955,15.623716294361117,15.662445730317339,471.4918571486927,2.042810365310288e-14,487.15430287901006,18.852084,472.152829,0.0,491.004913
2026-07-16_ttft_component_regression/phase1/input4000_rate2p5_reuse00_seed3,198,0.03913065479856945,15.681829312328576,15.720959967127145,471.4918571486927,2.042810365310288e-14,487.21281711581986,19.043566,471.523922,0.0,490.567488
2026-07-16_ttft_component_regression/phase1/input4000_rate2p5_reuse00_seed3,203,0.034194779337981894,18.286935370530216,18.321130149868196,471.4918571486927,2.042810365310288e-14,489.81298729856087,16.703648,472.924454,0.0,489.628102
2026-07-16_ttft_component_regression/phase1/input4000_rate2p5_reuse00_seed3,224,0.03558571715264581,18.186594718832602,18.222180435985248,471.4918571486927,2.042810365310288e-14,489.71403758467795,10.47568,473.761632,0.0,484.237312
2026-07-16_ttft_component_regression/phase1/input4000_rate2p5_reuse00_seed3,206,0.0,19.767244725647274,19.767244725647274,471.4918571486927,2.042810365310288e-14,491.25910187434,18.781272,481.680367,0.0,500.461639
2026-07-16_ttft_component_regression/phase1/input4000_rate2p5_reuse00_seed3,229,0.0,19.63802574124772,19.63802574124772,471.4918571486927,2.042810365310288e-14,491.1298828899404,17.471183,471.396687,0.0,488.86787
2026-07-16_ttft_component_regression/phase1/input4000_rate2p5_reuse00_seed3,226,0.0,19.672167924642455,19.672167924642455,471.4918571486927,2.042810365310288e-14,491.16402507333515,214.000945,479.858869,0.0,693.859814
2026-07-16_ttft_component_regression/phase1/input4000_rate2p5_reuse00_seed3,245,0.0,11.462273840597051,11.462273840597051,471.4918571486927,2.042810365310288e-14,482.95413098928975,14.000596,472.945579,0.0,486.946175
2026-07-16_ttft_component_regression/phase1/input4000_rate2p5_reuse00_seed3,260,0.01945238418549726,6.157388711983412,6.176841096168909,471.4918571486927,2.042810365310288e-14,477.6686982448616,11.933702,453.756005,0.0,465.689707
2026-07-16_ttft_component_regression/phase1/input4000_rate2p5_reuse00_seed3,268,0.019573226059333475,15.027955678545073,15.047528904604407,471.4918571486927,2.042810365310288e-14,486.5393860532971,163.492579,689.475358,0.0,852.967937
2026-07-16_ttft_component_regression/phase1/input4000_rate2p5_reuse00_seed3,267,0.01982594798879302,6.2020660418978695,6.221891989886663,471.4918571486927,2.042810365310288e-14,477.7137491385794,2.291868,464.027658,0.0,466.319526
2026-07-16_ttft_component_regression/phase1/input4000_rate2p5_reuse00_seed3,270,0.0,15.342266370232544,15.342266370232544,471.4918571486927,2.042810365310288e-14,486.83412351892525,4.148662,456.346918,0.0,460.49558
2026-07-16_ttft_component_regression/phase1/input4000_rate2p5_reuse00_seed3,280,0.0,12.172838255172303,12.172838255172303,471.4918571486927,2.042810365310288e-14,483.664695403865,8.622796,460.28916,0.0,468.911956
2026-07-16_ttft_component_regression/phase1/input4000_rate2p5_reuse00_seed3,282,0.0,11.453511599940763,11.453511599940763,471.4918571486927,2.042810365310288e-14,482.9453687486335,58.565804,466.349024,0.0,524.914828
2026-07-16_ttft_component_regression/phase1/input4000_rate2p5_reuse00_seed3,298,0.0,11.449218929251634,11.449218929251634,471.4918571486927,2.042810365310288e-14,482.94107607794433,12.079894,464.16061,0.0,476.240504
2026-07-16_ttft_component_regression/phase1/input4000_rate2p5_reuse00_seed3,20,0.0,0.0,0.0,471.4918571486927,2.042810365310288e-14,471.4918571486927,0.002391,439.218678,0.0,439.221069
2026-07-16_ttft_component_regression/phase1/input4000_rate2p5_reuse00_seed3,34,0.020362679919700626,6.26838818727435,6.28875086719405,471.4918571486927,2.042810365310288e-14,477.78060801588674,4.675153,444.931775,0.0,449.606928
2026-07-16_ttft_component_regression/phase1/input4000_rate2p5_reuse00_seed3,38,0.01881896331864269,15.07163100199334,15.090449965311983,471.4918571486927,2.042810365310288e-14,486.58230711400466,15.046536,449.057368,0.0,464.103904
2026-07-16_ttft_component_regression/phase1/input4000_rate2p5_reuse00_seed3,55,0.0,15.353092071631327,15.353092071631327,471.4918571486927,2.042810365310288e-14,486.84494922032405,8.803662,452.611977,0.0,461.415639
2026-07-16_ttft_component_regression/phase1/input4000_rate2p5_reuse00_seed3,72,0.020535334748796014,6.290307337105237,6.310842671854034,471.4918571486927,2.042810365310288e-14,477.80269982054676,14.731748,445.414399,0.0,460.146147
2026-07-16_ttft_component_regression/phase1/input4000_rate2p5_reuse00_seed3,92,0.021352158257941928,6.398456297805551,6.419808456063493,471.4918571486927,2.042810365310288e-14,477.9116656047562,2.503788,445.796223,0.0,448.300011
2026-07-16_ttft_component_regression/phase1/input4000_rate2p5_reuse00_seed3,101,0.017456820138509358,15.134339848075317,15.151796668213827,471.4918571486927,2.042810365310288e-14,486.6436538169065,11.86025,449.561784,0.0,461.422034
2026-07-16_ttft_component_regression/phase1/input4000_rate2p5_reuse00_seed3,123,0.0,15.358486157985883,15.358486157985883,471.4918571486927,2.042810365310288e-14,486.8503433066786,14.912838,456.938271,0.0,471.851109
2026-07-16_ttft_component_regression/phase1/input4000_rate2p5_reuse00_seed3,120,0.018507319425199828,15.087682033583436,15.106189353008636,471.4918571486927,2.042810365310288e-14,486.59804650170133,13.353013,450.26524,0.0,463.618253
2026-07-16_ttft_component_regression/phase1/input4000_rate2p5_reuse00_seed3,124,0.0,12.185882992019831,12.185882992019831,471.4918571486927,2.042810365310288e-14,483.67774014071256,3.378247,682.967502,0.0,686.345749
2026-07-16_ttft_component_regression/phase1/input4000_rate2p5_reuse00_seed3,130,0.0,11.462273840597051,11.462273840597051,471.4918571486927,2.042810365310288e-14,482.95413098928975,10.961743,457.436265,0.0,468.398008
2026-07-16_ttft_component_regression/phase1/input4000_rate2p5_reuse00_seed3,140,0.007224189688384521,12.865899500261316,12.8731236899497,471.4918571486927,2.042810365310288e-14,484.3649808386424,0.460027,459.83623,0.0,460.296257
2026-07-16_ttft_component_regression/phase1/input4000_rate2p5_reuse00_seed3,137,0.0,11.517181654008812,11.517181654008812,471.4918571486927,2.042810365310288e-14,483.0090388027015,19.892524,456.746185,0.0,476.638709
2026-07-16_ttft_component_regression/phase1/input4000_rate2p5_reuse00_seed3,149,0.03761518596146168,15.47479413887998,15.512409324841443,471.4918571486927,2.042810365310288e-14,487.00426647353413,25.768342,463.973065,0.0,489.741407
2026-07-16_ttft_component_regression/phase1/input4000_rate2p5_reuse00_seed3,158,0.03558571715264581,18.186594718832602,18.222180435985248,471.4918571486927,2.042810365310288e-14,489.71403758467795,73.751665,707.232109,0.0,780.983774
2026-07-16_ttft_component_regression/phase1/input4000_rate2p5_reuse00_seed3,136,0.0,12.112569916935573,12.112569916935573,471.4918571486927,2.042810365310288e-14,483.6044270656283,13.607658,453.712845,0.0,467.320503
2026-07-16_ttft_component_regression/phase1/input4000_rate2p5_reuse00_seed3,148,0.00916037704899562,12.963576486581385,12.97273686363038,471.4918571486927,2.042810365310288e-14,484.46459401232306,17.07626,460.346726,0.0,477.422986
2026-07-16_ttft_component_regression/phase1/input4000_rate2p5_reuse00_seed3,150,0.03849198378278968,15.590555325591442,15.629047309374231,471.4918571486927,2.042810365310288e-14,487.12090445806695,6.425542,699.340806,0.0,705.766348
2026-07-16_ttft_component_regression/phase1/input4000_rate2p5_reuse00_seed3,157,0.03901789743719623,15.665215552528897,15.704233449966093,471.4918571486927,2.042810365310288e-14,487.19609059865877,11.956626,475.936142,0.0,487.892768
2026-07-16_ttft_component_regression/phase1/input4000_rate2p5_reuse00_seed3,185,0.010605327433710007,13.038452318593931,13.049057646027642,471.4918571486927,2.042810365310288e-14,484.5409147947203,19.637615,471.837442,0.0,491.475057
2026-07-16_ttft_component_regression/phase1/input4000_rate2p5_reuse00_seed3,223,0.021034677130092858,6.355489128678693,6.376523805808786,471.4918571486927,2.042810365310288e-14,477.8683809545015,12.609546,447.586946,0.0,460.196492
2026-07-16_ttft_component_regression/phase1/input4000_rate2p5_reuse00_seed3,227,0.020953385589738267,6.344686022273856,6.365639407863594,471.4918571486927,2.042810365310288e-14,477.85749655655627,14.663586,458.328595,0.0,472.992181
2026-07-16_ttft_component_regression/phase1/input4000_rate2p5_reuse00_seed3,255,0.02142961387080448,6.409136310044154,6.430565923914958,471.4918571486927,2.042810365310288e-14,477.92242307260767,0.188626,448.149843,0.0,448.338469
2026-07-16_ttft_component_regression/phase1/input4000_rate2p5_reuse00_seed3,272,0.020620495024716665,6.3012311751946095,6.321851670219326,471.4918571486927,2.042810365310288e-14,477.813708818912,14.765791,447.233427,0.0,461.999218
2026-07-16_ttft_component_regression/phase1/input4000_rate2p5_reuse00_seed3,276,0.018663838684689574,15.079757157208297,15.098420995892987,471.4918571486927,2.042810365310288e-14,486.5902781445857,9.980401,464.334029,0.0,474.31443
2026-07-16_ttft_component_regression/phase1/input4000_rate2p5_reuse00_seed3,6,0.0,0.0,0.0,471.4918571486927,2.042810365310288e-14,471.4918571486927,0.007054,439.218678,0.0,439.225732
2026-07-16_ttft_component_regression/phase1/input4000_rate2p5_reuse00_seed3,8,0.02078848780482616,6.323006892189313,6.343795379994139,471.4918571486927,2.042810365310288e-14,477.83565252868686,7.74916,444.306175,0.0,452.055335
2026-07-16_ttft_component_regression/phase1/input4000_rate2p5_reuse00_seed3,23,0.01753962211126166,15.131046770641483,15.148586392752744,471.4918571486927,2.042810365310288e-14,486.64044354144545,11.835382,449.081784,0.0,460.917166
2026-07-16_ttft_component_regression/phase1/input4000_rate2p5_reuse00_seed3,41,0.0,12.107014971472891,12.107014971472891,471.4918571486927,2.042810365310288e-14,483.5988721201656,5.516765,454.685069,0.0,460.201834
2026-07-16_ttft_component_regression/phase1/input4000_rate2p5_reuse00_seed3,30,0.0,15.197490127921762,15.197490127921762,471.4918571486927,2.042810365310288e-14,486.68934727661446,8.180341,451.896841,0.0,460.077182
2026-07-16_ttft_component_regression/phase1/input4000_rate2p5_reuse00_seed3,45,0.008193433679144527,12.914425975061327,12.922619408740472,471.4918571486927,2.042810365310288e-14,484.41447655743315,213.129259,712.197278,0.0,925.326537
2026-07-16_ttft_component_regression/phase1/input4000_rate2p5_reuse00_seed3,47,0.0376801320389611,15.483045955382186,15.520726087421147,471.4918571486927,2.042810365310288e-14,487.01258323611387,291.664729,662.696612,0.0,954.361341
2026-07-16_ttft_component_regression/phase1/input4000_rate2p5_reuse00_seed3,44,0.0,11.524905190299448,11.524905190299448,471.4918571486927,2.042810365310288e-14,483.0167623389921,5.443222,464.581487,0.0,470.024709
2026-07-16_ttft_component_regression/phase1/input4000_rate2p5_reuse00_seed3,58,0.008556335252158221,12.932784775153863,12.941341110406022,471.4918571486927,2.042810365310288e-14,484.43319825909873,1.325881,459.945958,0.0,461.271839
2026-07-16_ttft_component_regression/phase1/input4000_rate2p5_reuse00_seed3,78,0.007587892486659461,12.884023224728539,12.891611117215199,471.4918571486927,2.042810365310288e-14,484.3834682659079,15.257967,461.039302,0.0,476.297269
2026-07-16_ttft_component_regression/phase1/input4000_rate2p5_reuse00_seed3,86,0.0,12.112569916935573,12.112569916935573,471.4918571486927,2.042810365310288e-14,483.6044270656283,17.672189,454.974413,0.0,472.646602
2026-07-16_ttft_component_regression/phase1/input4000_rate2p5_reuse00_seed3,89,0.0,15.347685426927008,15.347685426927008,471.4918571486927,2.042810365310288e-14,486.8395425756197,9.334133,452.279977,0.0,461.61411
2026-07-16_ttft_component_regression/phase1/input4000_rate2p5_reuse00_seed3,106,0.005524051691554766,12.78250677929583,12.788030830987385,471.4918571486927,2.042810365310288e-14,484.2798879796801,117.728817,459.719654,0.0,577.448471
2026-07-16_ttft_component_regression/phase1/input4000_rate2p5_reuse00_seed3,102,0.0,11.473556876712083,11.473556876712083,471.4918571486927,2.042810365310288e-14,482.9654140254048,20.468167,457.454537,0.0,477.922704
2026-07-16_ttft_component_regression/phase1/input4000_rate2p5_reuse00_seed3,98,0.0,12.13864572231436,12.13864572231436,471.4918571486927,2.042810365310288e-14,483.6305028710071,15.172829,454.196493,0.0,469.369322
2026-07-16_ttft_component_regression/phase1/input4000_rate2p5_reuse00_seed3,144,0.0,0.0,0.0,471.4918571486927,2.042810365310288e-14,471.4918571486927,0.018927,439.218678,0.0,439.237605
2026-07-16_ttft_component_regression/phase1/input4000_rate2p5_reuse00_seed3,147,0.020535334748796014,6.290307337105237,6.310842671854034,471.4918571486927,2.042810365310288e-14,477.80269982054676,16.46915,455.227184,0.0,471.696334
2026-07-16_ttft_component_regression/phase1/input4000_rate2p5_reuse00_seed3,178,0.02027518277116423,6.257393071291487,6.277668254062651,471.4918571486927,2.042810365310288e-14,477.76952540275533,0.451993,460.458387,0.0,460.91038
2026-07-16_ttft_component_regression/phase1/input4000_rate2p5_reuse00_seed3,189,0.02027518277116423,6.257393071291487,6.277668254062651,471.4918571486927,2.042810365310288e-14,477.76952540275533,2.170845,455.058746,0.0,457.229591
2026-07-16_ttft_component_regression/phase1/input4000_rate2p5_reuse00_seed3,193,0.01794870121423539,15.113844859691904,15.13179356090614,471.4918571486927,2.042810365310288e-14,486.62365070959885,10.356479,456.463086,0.0,466.819565
2026-07-16_ttft_component_regression/phase1/input4000_rate2p5_reuse00_seed3,221,0.0,11.50212081022306,11.50212081022306,471.4918571486927,2.042810365310288e-14,482.99397795891576,13.561172,466.578875,0.0,480.140047
2026-07-16_ttft_component_regression/phase1/input4000_rate2p5_reuse00_seed3,218,0.0,15.231502767710628,15.231502767710628,471.4918571486927,2.042810365310288e-14,486.72335991640335,13.680362,466.586763,0.0,480.267125
2026-07-16_ttft_component_regression/phase1/input4000_rate2p5_reuse00_seed3,209,0.016868193079261736,15.15602880781725,15.172897000896512,471.4918571486927,2.042810365310288e-14,486.6647541495892,15.015348,461.808547,0.0,476.823895
2026-07-16_ttft_component_regression/phase1/input4000_rate2p5_reuse00_seed3,219,0.0,12.088276351055788,12.088276351055788,471.4918571486927,2.042810365310288e-14,483.5801334997485,87.529239,693.658821,0.0,781.18806
2026-07-16_ttft_component_regression/phase1/input4000_rate2p5_reuse00_seed3,237,0.0,12.132700521180833,12.132700521180833,471.4918571486927,2.042810365310288e-14,483.6245576698735,2.323178,463.384064,0.0,465.707242
2026-07-16_ttft_component_regression/phase1/input4000_rate2p5_reuse00_seed3,254,0.0,15.248384461621383,15.248384461621383,471.4918571486927,2.042810365310288e-14,486.74024161031406,7.019629,457.840043,0.0,464.859672
2026-07-16_ttft_component_regression/phase1/input4000_rate2p5_reuse00_seed3,244,0.0,12.090885649465832,12.090885649465832,471.4918571486927,2.042810365310288e-14,483.5827427981585,19.229348,463.099789,0.0,482.329137
2026-07-16_ttft_component_regression/phase1/input4000_rate2p5_reuse00_seed3,247,0.0,12.058714321149852,12.058714321149852,471.4918571486927,2.042810365310288e-14,483.55057146984257,15.145699,460.163805,0.0,475.309504
2026-07-16_ttft_component_regression/phase1/input4000_rate2p5_reuse00_seed3,256,0.0,12.090885649465832,12.090885649465832,471.4918571486927,2.042810365310288e-14,483.5827427981585,10.654223,456.12262,0.0,466.776843
2026-07-16_ttft_component_regression/phase1/input4000_rate2p5_reuse00_seed3,295,0.0,0.0,0.0,471.4918571486927,2.042810365310288e-14,471.4918571486927,0.001408,440.712804,0.0,440.714212
2026-07-16_ttft_component_regression/phase1/input4000_rate2p5_reuse00_seed3,7,0.0,0.0,0.0,471.4918571486927,2.042810365310288e-14,471.4918571486927,0.009533,439.218678,0.0,439.228211
2026-07-16_ttft_component_regression/phase1/input4000_rate2p5_reuse00_seed3,29,0.01881896331864269,15.07163100199334,15.090449965311983,471.4918571486927,2.042810365310288e-14,486.58230711400466,6.828297,448.891832,0.0,455.720129
2026-07-16_ttft_component_regression/phase1/input4000_rate2p5_reuse00_seed3,27,0.020362679919700626,6.26838818727435,6.28875086719405,471.4918571486927,2.042810365310288e-14,477.78060801588674,8.376115,445.429279,0.0,453.805394
2026-07-16_ttft_component_regression/phase1/input4000_rate2p5_reuse00_seed3,46,0.0,15.298484598876035,15.298484598876035,471.4918571486927,2.042810365310288e-14,486.79034174756873,16.741733,451.566281,0.0,468.308014
2026-07-16_ttft_component_regression/phase1/input4000_rate2p5_reuse00_seed3,50,0.0,12.160115976537062,12.160115976537062,471.4918571486927,2.042810365310288e-14,483.65197312522974,10.993024,453.583309,0.0,464.576333
2026-07-16_ttft_component_regression/phase1/input4000_rate2p5_reuse00_seed3,42,0.01770424462439416,15.124313610059376,15.14201785468377,471.4918571486927,2.042810365310288e-14,486.6338750033765,15.891382,449.164376,0.0,465.055758
2026-07-16_ttft_component_regression/phase1/input4000_rate2p5_reuse00_seed3,82,0.0,12.083125437778683,12.083125437778683,471.4918571486927,2.042810365310288e-14,483.5749825864714,15.765804,453.545837,0.0,469.311641
2026-07-16_ttft_component_regression/phase1/input4000_rate2p5_reuse00_seed3,75,0.01811000246249744,15.106618536642834,15.124728539105332,471.4918571486927,2.042810365310288e-14,486.616585687798,14.700535,404.626208,0.0,419.326743
2026-07-16_ttft_component_regression/phase1/input4000_rate2p5_reuse00_seed3,79,0.0,15.237139563952718,15.237139563952718,471.4918571486927,2.042810365310288e-14,486.7289967126454,4.457659,452.411529,0.0,456.869188
2026-07-16_ttft_component_regression/phase1/input4000_rate2p5_reuse00_seed3,81,0.0,15.145905628718824,15.145905628718824,471.4918571486927,2.042810365310288e-14,486.6377627774115,12.856452,451.853833,0.0,464.710285
2026-07-16_ttft_component_regression/phase1/input4000_rate2p5_reuse00_seed3,94,0.0,11.509586708797187,11.509586708797187,471.4918571486927,2.042810365310288e-14,483.0014438574899,2.197002,456.861097,0.0,459.058099
2026-07-16_ttft_component_regression/phase1/input4000_rate2p5_reuse00_seed3,93,0.0,12.0856896270556,12.0856896270556,471.4918571486927,2.042810365310288e-14,483.5775467757483,15.437344,454.020269,0.0,469.457613
2026-07-16_ttft_component_regression/phase1/input4000_rate2p5_reuse00_seed3,118,0.0,12.126840747274485,12.126840747274485,471.4918571486927,2.042810365310288e-14,483.6186978959672,0.464566,454.831757,0.0,455.296323
2026-07-16_ttft_component_regression/phase1/input4000_rate2p5_reuse00_seed3,116,0.0,11.543424309381951,11.543424309381951,471.4918571486927,2.042810365310288e-14,483.0352814580747,16.200655,458.680777,0.0,474.881432
2026-07-16_ttft_component_regression/phase1/input4000_rate2p5_reuse00_seed3,125,0.0,15.325936189578808,15.325936189578808,471.4918571486927,2.042810365310288e-14,486.8177933382715,17.293662,452.149897,0.0,469.443559
2026-07-16_ttft_component_regression/phase1/input4000_rate2p5_reuse00_seed3,128,0.0,12.160115976537062,12.160115976537062,471.4918571486927,2.042810365310288e-14,483.65197312522974,6.41121,453.815917,0.0,460.227127
2026-07-16_ttft_component_regression/phase1/input4000_rate2p5_reuse00_seed3,135,0.0,12.166436438253449,12.166436438253449,471.4918571486927,2.042810365310288e-14,483.6582935869462,12.327778,463.546601,0.0,475.874379
2026-07-16_ttft_component_regression/phase1/input4000_rate2p5_reuse00_seed3,161,0.01834941813858938,15.095406375289192,15.113755793427782,471.4918571486927,2.042810365310288e-14,486.6056129421205,17.790893,455.989357,0.0,473.78025
2026-07-16_ttft_component_regression/phase1/input4000_rate2p5_reuse00_seed3,154,0.021194952068305593,6.37702195170229,6.398216903770596,471.4918571486927,2.042810365310288e-14,477.8900740524633,4.126692,456.359419,0.0,460.486111
2026-07-16_ttft_component_regression/phase1/input4000_rate2p5_reuse00_seed3,171,0.0,15.347685426927008,15.347685426927008,471.4918571486927,2.042810365310288e-14,486.8395425756197,12.596742,453.840961,0.0,466.437703
2026-07-16_ttft_component_regression/phase1/input4000_rate2p5_reuse00_seed3,169,0.01881896331864269,15.07163100199334,15.090449965311983,471.4918571486927,2.042810365310288e-14,486.58230711400466,4.57479,455.548338,0.0,460.123128
2026-07-16_ttft_component_regression/phase1/input4000_rate2p5_reuse00_seed3,183,0.0,12.189193865796051,12.189193865796051,471.4918571486927,2.042810365310288e-14,483.68105101448873,15.066321,460.906398,0.0,475.972719
2026-07-16_ttft_component_regression/phase1/input4000_rate2p5_reuse00_seed3,187,0.0,11.432641224388952,11.432641224388952,471.4918571486927,2.042810365310288e-14,482.92449837308163,0.737617,460.145101,0.0,460.882718
2026-07-16_ttft_component_regression/phase1/input4000_rate2p5_reuse00_seed3,210,0.018967575415456194,6.101033171220881,6.120000746636338,471.4918571486927,2.042810365310288e-14,477.611857895329,8.604127,461.14369,0.0,469.747817
2026-07-16_ttft_component_regression/phase1/input4000_rate2p5_reuse00_seed3,243,0.0,0.0,0.0,471.4918571486927,2.042810365310288e-14,471.4918571486927,0.029631,451.770515,0.0,451.800146
2026-07-16_ttft_component_regression/phase1/input4000_rate2p5_reuse00_seed3,264,0.02018690407355432,6.246374392624113,6.266561296697668,471.4918571486927,2.042810365310288e-14,477.75841844539036,7.764241,457.746016,0.0,465.510257
2026-07-16_ttft_component_regression/phase1/input4000_rate2p5_reuse00_seed3,278,0.019546961588548472,6.168592279941651,6.188139241530199,471.4918571486927,2.042810365310288e-14,477.6799963902229,14.882222,454.366115,0.0,469.248337
2026-07-16_ttft_component_regression/phase1/input4000_rate2p5_reuse00_seed3,283,0.019200590725855837,15.050430222721294,15.06963081344715,471.4918571486927,2.042810365310288e-14,486.56148796213984,12.43387,454.580555,0.0,467.014425
2026-07-16_ttft_component_regression/phase1/input4000_rate2p5_reuse00_seed3,299,0.018190147421519025,15.102930936026825,15.121121083448344,471.4918571486927,2.042810365310288e-14,486.612978232141,18.082358,455.774706,0.0,473.857064
2026-07-16_ttft_component_regression/phase1/input4000_rate2p5_reuse00_seed3,13,0.0,0.0,0.0,471.4918571486927,2.042810365310288e-14,471.4918571486927,0.021906,439.218678,0.0,439.240584
2026-07-16_ttft_component_regression/phase1/input4000_rate2p5_reuse00_seed3,28,0.0,15.292960395696225,15.292960395696225,471.4918571486927,2.042810365310288e-14,486.78481754438894,2.668848,451.552393,0.0,454.221241
2026-07-16_ttft_component_regression/phase1/input4000_rate2p5_reuse00_seed3,17,0.020449396813399082,6.279359641924356,6.299809038737755,471.4918571486927,2.042810365310288e-14,477.79166618743045,10.814463,444.308319,0.0,455.122782
2026-07-16_ttft_component_regression/phase1/input4000_rate2p5_reuse00_seed3,21,0.017786062018411423,15.120873326990024,15.138659389008435,471.4918571486927,2.042810365310288e-14,486.6305165377011,5.567219,448.563992,0.0,454.131211
2026-07-16_ttft_component_regression/phase1/input4000_rate2p5_reuse00_seed3,64,0.0,15.242766842994273,15.242766842994273,471.4918571486927,2.042810365310288e-14,486.734623991687,49.612906,678.737503,0.0,728.350409
2026-07-16_ttft_component_regression/phase1/input4000_rate2p5_reuse00_seed3,62,0.016953237358495847,15.153075657063647,15.170028894422144,471.4918571486927,2.042810365310288e-14,486.66188604311486,83.335659,453.945403,0.0,537.281062
2026-07-16_ttft_component_regression/phase1/input4000_rate2p5_reuse00_seed3,59,0.02142961387080448,6.409136310044154,6.430565923914958,471.4918571486927,2.042810365310288e-14,477.92242307260767,4.939566,446.696031,0.0,451.635597
2026-07-16_ttft_component_regression/phase1/input4000_rate2p5_reuse00_seed3,77,0.0,15.314990019078726,15.314990019078726,471.4918571486927,2.042810365310288e-14,486.8068471677714,3.745523,451.813065,0.0,455.558588
2026-07-16_ttft_component_regression/phase1/input4000_rate2p5_reuse00_seed3,103,0.018741576117323848,15.075719285591102,15.094460861708425,471.4918571486927,2.042810365310288e-14,486.5863180104011,13.064854,454.923899,0.0,467.988753
2026-07-16_ttft_component_regression/phase1/input4000_rate2p5_reuse00_seed3,111,0.0,12.147722080430606,12.147722080430606,471.4918571486927,2.042810365310288e-14,483.6395792291233,59.574803,452.963469,0.0,512.538272
2026-07-16_ttft_component_regression/phase1/input4000_rate2p5_reuse00_seed3,108,0.018507319425199828,15.087682033583436,15.106189353008636,471.4918571486927,2.042810365310288e-14,486.59804650170133,5.368815,448.4694,0.0,453.838215
2026-07-16_ttft_component_regression/phase1/input4000_rate2p5_reuse00_seed3,109,0.0,15.292960395696225,15.292960395696225,471.4918571486927,2.042810365310288e-14,486.78481754438894,16.692036,451.101545,0.0,467.793581
2026-07-16_ttft_component_regression/phase1/input4000_rate2p5_reuse00_seed3,105,0.0,15.281879263905845,15.281879263905845,471.4918571486927,2.042810365310288e-14,486.77373641259857,16.919942,680.049695,0.0,696.969637
2026-07-16_ttft_component_regression/phase1/input4000_rate2p5_reuse00_seed3,117,0.0,11.464501151993085,11.464501151993085,471.4918571486927,2.042810365310288e-14,482.9563583006858,9.489033,456.407177,0.0,465.89621
2026-07-16_ttft_component_regression/phase1/input4000_rate2p5_reuse00_seed3,155,0.02027518277116423,6.257393071291487,6.277668254062651,471.4918571486927,2.042810365310288e-14,477.76952540275533,7.482108,444.357823,0.0,451.839931
2026-07-16_ttft_component_regression/phase1/input4000_rate2p5_reuse00_seed3,151,0.0,0.0,0.0,471.4918571486927,2.042810365310288e-14,471.4918571486927,0.001637,439.218678,0.0,439.220315
2026-07-16_ttft_component_regression/phase1/input4000_rate2p5_reuse00_seed3,164,0.01881896331864269,15.07163100199334,15.090449965311983,471.4918571486927,2.042810365310288e-14,486.58230711400466,7.446386,457.109208,0.0,464.555594
2026-07-16_ttft_component_regression/phase1/input4000_rate2p5_reuse00_seed3,167,0.0,15.358486157985883,15.358486157985883,471.4918571486927,2.042810365310288e-14,486.8503433066786,14.76388,457.928553,0.0,472.692433
2026-07-16_ttft_component_regression/phase1/input4000_rate2p5_reuse00_seed3,195,0.019124978308521983,15.054771926685078,15.0738969049936,471.4918571486927,2.042810365310288e-14,486.5657540536863,2.693523,457.855339,0.0,460.548862
2026-07-16_ttft_component_regression/phase1/input4000_rate2p5_reuse00_seed3,192,0.018895998713600867,15.06749221490119,15.086388213614791,471.4918571486927,2.042810365310288e-14,486.5782453623075,0.045981,463.684918,0.0,463.730899
2026-07-16_ttft_component_regression/phase1/input4000_rate2p5_reuse00_seed3,201,0.018190147421519025,15.102930936026825,15.121121083448344,471.4918571486927,2.042810365310288e-14,486.612978232141,12.536918,455.290283,0.0,467.827201
2026-07-16_ttft_component_regression/phase1/input4000_rate2p5_reuse00_seed3,211,0.0,15.309499555636263,15.309499555636263,471.4918571486927,2.042810365310288e-14,486.80135670432895,10.381237,457.689111,0.0,468.070348
2026-07-16_ttft_component_regression/phase1/input4000_rate2p5_reuse00_seed3,231,0.0,15.259590143948019,15.259590143948019,471.4918571486927,2.042810365310288e-14,486.7514472926407,17.130152,463.436812,0.0,480.566964
2026-07-16_ttft_component_regression/phase1/input4000_rate2p5_reuse00_seed3,235,0.0,15.298484598876035,15.298484598876035,471.4918571486927,2.042810365310288e-14,486.79034174756873,17.962524,459.681291,0.0,477.643815
2026-07-16_ttft_component_regression/phase1/input4000_rate2p5_reuse00_seed3,253,0.01881896331864269,15.07163100199334,15.090449965311983,471.4918571486927,2.042810365310288e-14,486.58230711400466,16.138226,461.695952,0.0,477.834178
2026-07-16_ttft_component_regression/phase1/input4000_rate2p5_reuse00_seed3,257,0.0,15.353092071631327,15.353092071631327,471.4918571486927,2.042810365310288e-14,486.84494922032405,19.288053,461.920107,0.0,481.20816
2026-07-16_ttft_component_regression/phase1/input4000_rate2p5_reuse00_seed3,281,0.0,0.0,0.0,471.4918571486927,2.042810365310288e-14,471.4918571486927,0.000414,453.232166,0.0,453.23258
2026-07-16_ttft_component_regression/phase1/input4000_rate2p5_reuse00_seed3,291,0.021273938097490664,6.387751480895143,6.409025418992633,471.4918571486927,2.042810365310288e-14,477.90088256768536,2.640237,455.214842,0.0,457.855079
2026-07-16_ttft_component_regression/phase1/input4000_rate2p5_reuse00_seed3,294,0.0170379660246163,15.150074254798495,15.167112220823112,471.4918571486927,2.042810365310288e-14,486.65896936951583,11.904503,460.10778,0.0,472.012283
2026-07-16_ttft_component_regression/phase1/input4000_rate2p5_reuse00_seed3,296,0.0,15.168910664553694,15.168910664553694,471.4918571486927,2.042810365310288e-14,486.6607678132464,36.15084,689.561087,0.0,725.711927
2026-07-16_ttft_component_regression/phase1/input4000_rate2p5_reuse00_seed3,16,0.0,0.0,0.0,471.4918571486927,2.042810365310288e-14,471.4918571486927,0.00112,439.218678,0.0,439.219798
2026-07-16_ttft_component_regression/phase1/input4000_rate2p5_reuse00_seed3,25,0.019260848833085223,6.134913723402301,6.154174572235386,471.4918571486927,2.042810365310288e-14,477.6460317209281,2.224185,444.770207,0.0,446.994392
2026-07-16_ttft_component_regression/phase1/input4000_rate2p5_reuse00_seed3,33,0.01897268072705958,15.063302833410434,15.082275514137494,471.4918571486927,2.042810365310288e-14,486.5741326628302,0.66061,448.998776,0.0,449.659386
2026-07-16_ttft_component_regression/phase1/input4000_rate2p5_reuse00_seed3,52,0.017786062018411423,15.120873326990024,15.138659389008435,471.4918571486927,2.042810365310288e-14,486.6305165377011,2.366756,449.769944,0.0,452.1367
2026-07-16_ttft_component_regression/phase1/input4000_rate2p5_reuse00_seed3,60,0.01794870121423539,15.113844859691904,15.13179356090614,471.4918571486927,2.042810365310288e-14,486.62365070959885,0.12703,449.56876,0.0,449.69579
2026-07-16_ttft_component_regression/phase1/input4000_rate2p5_reuse00_seed3,71,0.018507319425199828,15.087682033583436,15.106189353008636,471.4918571486927,2.042810365310288e-14,486.59804650170133,4.13965,449.306648,0.0,453.446298
2026-07-16_ttft_component_regression/phase1/input4000_rate2p5_reuse00_seed3,129,0.0,0.0,0.0,471.4918571486927,2.042810365310288e-14,471.4918571486927,0.000142,439.218678,0.0,439.21882
2026-07-16_ttft_component_regression/phase1/input4000_rate2p5_reuse00_seed3,145,0.021034677130092858,6.355489128678693,6.376523805808786,471.4918571486927,2.042810365310288e-14,477.8683809545015,17.20199,446.187007,0.0,463.388997
2026-07-16_ttft_component_regression/phase1/input4000_rate2p5_reuse00_seed3,159,0.021034677130092858,6.355489128678693,6.376523805808786,471.4918571486927,2.042810365310288e-14,477.8683809545015,12.372005,444.889631,0.0,457.261636
2026-07-16_ttft_component_regression/phase1/input4000_rate2p5_reuse00_seed3,174,0.018507319425199828,15.087682033583436,15.106189353008636,471.4918571486927,2.042810365310288e-14,486.59804650170133,10.278804,450.053656,0.0,460.33246
2026-07-16_ttft_component_regression/phase1/input4000_rate2p5_reuse00_seed3,202,0.02009784253494618,6.235332250430866,6.255430092965812,471.4918571486927,2.042810365310288e-14,477.7472872416585,7.54242,444.356799,0.0,451.899219
2026-07-16_ttft_component_regression/phase1/input4000_rate2p5_reuse00_seed3,199,0.019640747172753194,6.179773092616146,6.199413839788899,471.4918571486927,2.042810365310288e-14,477.6912709884816,8.002901,445.897535,0.0,453.900436
2026-07-16_ttft_component_regression/phase1/input4000_rate2p5_reuse00_seed3,212,0.0,15.390578736257908,15.390578736257908,471.4918571486927,2.042810365310288e-14,486.8824358849506,11.711399,451.433321,0.0,463.14472
2026-07-16_ttft_component_regression/phase1/input4000_rate2p5_reuse00_seed3,207,0.019049007783799723,15.059062767229934,15.078111775013733,471.4918571486927,2.042810365310288e-14,486.5699689237064,11.976362,448.667064,0.0,460.643426
2026-07-16_ttft_component_regression/phase1/input4000_rate2p5_reuse00_seed3,228,0.0,12.206041738917788,12.206041738917788,471.4918571486927,2.042810365310288e-14,483.6978988876105,2.543291,454.357517,0.0,456.900808
2026-07-16_ttft_component_regression/phase1/input4000_rate2p5_reuse00_seed3,236,0.002118604753702003,12.621725886586429,12.623844491340131,471.4918571486927,2.042810365310288e-14,484.11570164003285,37.928118,463.667292,0.0,501.59541
2026-07-16_ttft_component_regression/phase1/input4000_rate2p5_reuse00_seed3,234,0.0,11.424710165031353,11.424710165031353,471.4918571486927,2.042810365310288e-14,482.91656731372404,6.94485,458.101481,0.0,465.046331
2026-07-16_ttft_component_regression/phase1/input4000_rate2p5_reuse00_seed3,241,0.0,15.432602436089631,15.432602436089631,471.4918571486927,2.042810365310288e-14,486.9244595847823,17.58515,456.021856,0.0,473.607006
2026-07-16_ttft_component_regression/phase1/input4000_rate2p5_reuse00_seed3,248,0.0,12.237571404172407,12.237571404172407,471.4918571486927,2.042810365310288e-14,483.7294285528651,10.539927,457.953299,0.0,468.493226
2026-07-16_ttft_component_regression/phase1/input4000_rate2p5_reuse00_seed3,249,0.0,11.402362104601316,11.402362104601316,471.4918571486927,2.042810365310288e-14,482.894219253294,162.369949,465.091243,0.0,627.461192
2026-07-16_ttft_component_regression/phase1/input4000_rate2p5_reuse00_seed3,258,0.0,11.413264075348847,11.413264075348847,471.4918571486927,2.042810365310288e-14,482.9051212240415,0.158267,466.432112,0.0,466.590379
2026-07-16_ttft_component_regression/phase1/input4000_rate2p5_reuse00_seed3,262,0.0,11.438746367987788,11.438746367987788,471.4918571486927,2.042810365310288e-14,482.9306035166805,9.586444,471.903742,0.0,481.490186
2026-07-16_ttft_component_regression/phase1/input4000_rate2p5_reuse00_seed3,259,0.0032130141088438893,12.672516471731441,12.675729485840286,471.4918571486927,2.042810365310288e-14,484.167586634533,207.890616,473.77749,0.0,681.668106
2026-07-16_ttft_component_regression/phase1/input4000_rate2p5_reuse00_seed3,293,0.0,11.47585734046187,11.47585734046187,471.4918571486927,2.042810365310288e-14,482.96771448915456,17.47229,472.097385,0.0,489.569675
2026-07-16_ttft_component_regression/phase1/input4000_rate2p5_reuse00_seed3,288,0.0,15.298484598876035,15.298484598876035,471.4918571486927,2.042810365310288e-14,486.79034174756873,16.239182,464.847357,0.0,481.086539
2026-07-16_ttft_component_regression/phase1/input4000_rate2p5_reuse00_seed3,289,0.0,12.121067141142648,12.121067141142648,471.4918571486927,2.042810365310288e-14,483.61292428983535,157.283433,695.955974,0.0,853.239407
2026-07-16_ttft_component_regression/phase1/input4000_rate2p5_reuse00_seed3,5,0.0,0.0,0.0,471.4918571486927,2.042810365310288e-14,471.4918571486927,0.003544,439.218678,0.0,439.222222
2026-07-16_ttft_component_regression/phase1/input4000_rate2p5_reuse00_seed3,24,0.019260848833085223,6.134913723402301,6.154174572235386,471.4918571486927,2.042810365310288e-14,477.6460317209281,4.766117,445.246367,0.0,450.012484
2026-07-16_ttft_component_regression/phase1/input4000_rate2p5_reuse00_seed3,40,0.019546961588548472,6.168592279941651,6.188139241530199,471.4918571486927,2.042810365310288e-14,477.6799963902229,9.171215,445.242623,0.0,454.413838
2026-07-16_ttft_component_regression/phase1/input4000_rate2p5_reuse00_seed3,49,0.0,15.276322624488268,15.276322624488268,471.4918571486927,2.042810365310288e-14,486.768179773181,126.123628,678.062207,0.0,804.185835
2026-07-16_ttft_component_regression/phase1/input4000_rate2p5_reuse00_seed3,48,0.01858575259569666,15.083744708964877,15.102330461560573,471.4918571486927,2.042810365310288e-14,486.5941876102533,17.7488,453.442299,0.0,471.191099
2026-07-16_ttft_component_regression/phase1/input4000_rate2p5_reuse00_seed3,67,0.0,15.197490127921762,15.197490127921762,471.4918571486927,2.042810365310288e-14,486.68934727661446,12.30746,452.305705,0.0,464.613165
2026-07-16_ttft_component_regression/phase1/input4000_rate2p5_reuse00_seed3,91,0.020449396813399082,6.279359641924356,6.299809038737755,471.4918571486927,2.042810365310288e-14,477.79166618743045,9.465516,446.296415,0.0,455.761931
2026-07-16_ttft_component_regression/phase1/input4000_rate2p5_reuse00_seed3,110,0.019066130960105433,6.1123489581651285,6.131415089125234,471.4918571486927,2.042810365310288e-14,477.62327223781796,6.008212,445.268895,0.0,451.277107
2026-07-16_ttft_component_regression/phase1/input4000_rate2p5_reuse00_seed3,119,0.019066130960105433,6.1123489581651285,6.131415089125234,471.4918571486927,2.042810365310288e-14,477.62327223781796,7.679169,445.205023,0.0,452.884192
2026-07-16_ttft_component_regression/phase1/input4000_rate2p5_reuse00_seed3,141,0.0,0.0,0.0,471.4918571486927,2.042810365310288e-14,471.4918571486927,0.027504,439.218678,0.0,439.246182
2026-07-16_ttft_component_regression/phase1/input4000_rate2p5_reuse00_seed3,146,0.01945238418549726,6.157388711983412,6.176841096168909,471.4918571486927,2.042810365310288e-14,477.6686982448616,2.554813,444.544447,0.0,447.09926
2026-07-16_ttft_component_regression/phase1/input4000_rate2p5_reuse00_seed3,166,0.0,15.416950253114884,15.416950253114884,471.4918571486927,2.042810365310288e-14,486.90880740180756,9.539653,452.035497,0.0,461.57515
2026-07-16_ttft_component_regression/phase1/input4000_rate2p5_reuse00_seed3,163,0.019573226059333475,15.027955678545073,15.047528904604407,471.4918571486927,2.042810365310288e-14,486.5393860532971,13.535177,449.599608,0.0,463.134785
2026-07-16_ttft_component_regression/phase1/input4000_rate2p5_reuse00_seed3,170,0.0,15.353092071631327,15.353092071631327,471.4918571486927,2.042810365310288e-14,486.84494922032405,10.279338,451.874185,0.0,462.153523
2026-07-16_ttft_component_regression/phase1/input4000_rate2p5_reuse00_seed3,172,0.0,12.141650126707807,12.141650126707807,471.4918571486927,2.042810365310288e-14,483.6335072754005,12.2409,453.579053,0.0,465.819953
2026-07-16_ttft_component_regression/phase1/input4000_rate2p5_reuse00_seed3,184,0.0,11.480501985406583,11.480501985406583,471.4918571486927,2.042810365310288e-14,482.9723591340993,7.074168,463.421609,0.0,470.495777
2026-07-16_ttft_component_regression/phase1/input4000_rate2p5_reuse00_seed3,180,0.0,11.478172382469438,11.478172382469438,471.4918571486927,2.042810365310288e-14,482.97002953116214,9.19198,457.141193,0.0,466.333173
2026-07-16_ttft_component_regression/phase1/input4000_rate2p5_reuse00_seed3,197,0.03666958447478036,15.359573455162465,15.396243039637245,471.4918571486927,2.042810365310288e-14,486.88810018832993,2.321783,477.556145,0.0,479.877928
2026-07-16_ttft_component_regression/phase1/input4000_rate2p5_reuse00_seed3,191,0.007102898544318537,12.859878018328654,12.866980916872972,471.4918571486927,2.042810365310288e-14,484.3588380655657,14.380117,474.413216,0.0,488.793333
2026-07-16_ttft_component_regression/phase1/input4000_rate2p5_reuse00_seed3,242,0.0,0.0,0.0,471.4918571486927,2.042810365310288e-14,471.4918571486927,0.004864,453.677016,0.0,453.68188
2026-07-16_ttft_component_regression/phase1/input4000_rate2p5_reuse00_seed3,275,0.01897268072705958,15.063302833410434,15.082275514137494,471.4918571486927,2.042810365310288e-14,486.5741326628302,151.003208,669.007182,0.0,820.01039
2026-07-16_ttft_component_regression/phase1/input4000_rate2p5_reuse00_seed3,274,0.02027518277116423,6.257393071291487,6.277668254062651,471.4918571486927,2.042810365310288e-14,477.76952540275533,181.474032,696.863033,0.0,878.337065
2026-07-16_ttft_component_regression/phase1/input4000_rate2p5_reuse00_seed3,273,0.0,0.0,0.0,471.4918571486927,2.042810365310288e-14,471.4918571486927,0.000135,458.142564,0.0,458.142699
2026-07-16_ttft_component_regression/phase1/input4000_rate2p5_reuse00_seed3,279,0.0,15.298484598876035,15.298484598876035,471.4918571486927,2.042810365310288e-14,486.79034174756873,3.928506,459.966806,0.0,463.895312
2026-07-16_ttft_component_regression/phase1/input4000_rate2p5_reuse00_seed3,4,0.0,0.0,0.0,471.4918571486927,2.042810365310288e-14,471.4918571486927,0.023086,439.218678,0.0,439.241764
2026-07-16_ttft_component_regression/phase1/input4000_rate2p5_reuse00_seed3,19,0.019124978308521983,15.054771926685078,15.0738969049936,471.4918571486927,2.042810365310288e-14,486.5657540536863,6.507292,448.776728,0.0,455.28402
2026-07-16_ttft_component_regression/phase1/input4000_rate2p5_reuse00_seed3,12,0.02027518277116423,6.257393071291487,6.277668254062651,471.4918571486927,2.042810365310288e-14,477.76952540275533,14.898965,444.727615,0.0,459.62658
2026-07-16_ttft_component_regression/phase1/input4000_rate2p5_reuse00_seed3,39,0.0,15.298484598876035,15.298484598876035,471.4918571486927,2.042810365310288e-14,486.79034174756873,18.004809,452.173321,0.0,470.17813
2026-07-16_ttft_component_regression/phase1/input4000_rate2p5_reuse00_seed3,36,0.01794870121423539,15.113844859691904,15.13179356090614,471.4918571486927,2.042810365310288e-14,486.62365070959885,13.610838,449.673528,0.0,463.284366
2026-07-16_ttft_component_regression/phase1/input4000_rate2p5_reuse00_seed3,53,0.0,15.298484598876035,15.298484598876035,471.4918571486927,2.042810365310288e-14,486.79034174756873,2.862111,452.587945,0.0,455.450056
2026-07-16_ttft_component_regression/phase1/input4000_rate2p5_reuse00_seed3,68,0.0,15.298484598876035,15.298484598876035,471.4918571486927,2.042810365310288e-14,486.79034174756873,10.733011,452.363305,0.0,463.096316
2026-07-16_ttft_component_regression/phase1/input4000_rate2p5_reuse00_seed3,80,0.0,15.248384461621383,15.248384461621383,471.4918571486927,2.042810365310288e-14,486.74024161031406,8.503,452.896457,0.0,461.399457
2026-07-16_ttft_component_regression/phase1/input4000_rate2p5_reuse00_seed3,88,0.0,15.191790707163065,15.191790707163065,471.4918571486927,2.042810365310288e-14,486.6836478558558,0.269579,451.659625,0.0,451.929204
2026-07-16_ttft_component_regression/phase1/input4000_rate2p5_reuse00_seed3,85,0.017122377505818902,15.147024496980679,15.164146874486498,471.4918571486927,2.042810365310288e-14,486.6560040231792,10.679824,449.118904,0.0,459.798728
2026-07-16_ttft_component_regression/phase1/input4000_rate2p5_reuse00_seed3,97,0.0,11.50212081022306,11.50212081022306,471.4918571486927,2.042810365310288e-14,482.99397795891576,152.327789,686.900193,0.0,839.227982
2026-07-16_ttft_component_regression/phase1/input4000_rate2p5_reuse00_seed3,95,0.0,12.093517562110147,12.093517562110147,471.4918571486927,2.042810365310288e-14,483.58537471080285,13.743392,458.565385,0.0,472.308777
2026-07-16_ttft_component_regression/phase1/input4000_rate2p5_reuse00_seed3,113,0.0,11.466743128778516,11.466743128778516,471.4918571486927,2.042810365310288e-14,482.9586002774712,16.918912,462.217967,0.0,479.136879
2026-07-16_ttft_component_regression/phase1/input4000_rate2p5_reuse00_seed3,114,0.006374625918904307,12.823957822648127,12.830332448567031,471.4918571486927,2.042810365310288e-14,484.32218959725975,185.606791,691.887492,0.0,877.494283
2026-07-16_ttft_component_regression/phase1/input4000_rate2p5_reuse00_seed3,152,0.0,0.0,0.0,471.4918571486927,2.042810365310288e-14,471.4918571486927,0.0041,439.218678,0.0,439.222778
2026-07-16_ttft_component_regression/phase1/input4000_rate2p5_reuse00_seed3,162,0.019163888344864974,6.123642510603512,6.142806398948377,471.4918571486927,2.042810365310288e-14,477.6346635476411,14.933607,444.630463,0.0,459.56407
2026-07-16_ttft_component_regression/phase1/input4000_rate2p5_reuse00_seed3,186,0.018967575415456194,6.101033171220881,6.120000746636338,471.4918571486927,2.042810365310288e-14,477.611857895329,3.592807,459.649591,0.0,463.242398
2026-07-16_ttft_component_regression/phase1/input4000_rate2p5_reuse00_seed3,213,0.0,0.0,0.0,471.4918571486927,2.042810365310288e-14,471.4918571486927,0.004937,453.295716,0.0,453.300653
2026-07-16_ttft_component_regression/phase1/input4000_rate2p5_reuse00_seed3,225,0.0,15.292960395696225,15.292960395696225,471.4918571486927,2.042810365310288e-14,486.78481754438894,14.293738,460.625125,0.0,474.918863
2026-07-16_ttft_component_regression/phase1/input4000_rate2p5_reuse00_seed3,216,0.018029519868731116,15.110256478916709,15.12828599878544,471.4918571486927,2.042810365310288e-14,486.62014314747813,27.706207,678.666434,0.0,706.372641
2026-07-16_ttft_component_regression/phase1/input4000_rate2p5_reuse00_seed3,214,0.02027518277116423,6.257393071291487,6.277668254062651,471.4918571486927,2.042810365310288e-14,477.76952540275533,168.619873,458.13871,0.0,626.758583
2026-07-16_ttft_component_regression/phase1/input4000_rate2p5_reuse00_seed3,238,0.0,12.11538044351682,12.11538044351682,471.4918571486927,2.042810365310288e-14,483.6072375922095,15.597982,463.325225,0.0,478.923207
2026-07-16_ttft_component_regression/phase1/input4000_rate2p5_reuse00_seed3,251,0.0,15.281879263905845,15.281879263905845,471.4918571486927,2.042810365310288e-14,486.77373641259857,135.245505,689.403768,0.0,824.649273
2026-07-16_ttft_component_regression/phase1/input4000_rate2p5_reuse00_seed3,250,0.01770424462439416,15.124313610059376,15.14201785468377,471.4918571486927,2.042810365310288e-14,486.6338750033765,9.048315,465.944824,0.0,474.993139
2026-07-16_ttft_component_regression/phase1/input4000_rate2p5_reuse00_seed3,263,0.0,12.195874592290789,12.195874592290789,471.4918571486927,2.042810365310288e-14,483.6877317409835,13.881757,463.976893,0.0,477.85865
2026-07-16_ttft_component_regression/phase1/input4000_rate2p5_reuse00_seed3,261,0.0,15.358486157985883,15.358486157985883,471.4918571486927,2.042810365310288e-14,486.8503433066786,17.688781,459.271894,0.0,476.960675
2026-07-16_ttft_component_regression/phase1/input4000_rate2p5_reuse00_seed3,287,0.0,12.252066773235876,12.252066773235876,471.4918571486927,2.042810365310288e-14,483.74392392192857,100.086276,691.739282,0.0,791.825558
2026-07-16_ttft_component_regression/phase1/input4000_rate2p5_reuse00_seed3,284,0.020079433847314705,14.994330874024769,15.014410307872083,471.4918571486927,2.042810365310288e-14,486.5062674565648,4.043017,457.896118,0.0,461.939135
2026-07-16_ttft_component_regression/phase1/input4000_rate2p5_reuse00_seed3,285,0.0,15.448121681618643,15.448121681618643,471.4918571486927,2.042810365310288e-14,486.93997883031136,14.076363,460.898608,0.0,474.974971
2026-07-16_ttft_component_regression/phase1/input4000_rate2p5_reuse00_seed3,297,0.0,15.369236069473793,15.369236069473793,471.4918571486927,2.042810365310288e-14,486.8610932181665,19.125258,461.010469,0.0,480.135727
2026-07-16_ttft_component_regression/phase1/input4000_rate2p5_reuse00_seed3,3,0.019640747172753194,6.179773092616146,6.199413839788899,471.4918571486927,2.042810365310288e-14,477.6912709884816,100.840749,444.299839,0.0,545.140588
2026-07-16_ttft_component_regression/phase1/input4000_rate2p5_reuse00_seed3,2,0.0,0.0,0.0,471.4918571486927,2.042810365310288e-14,471.4918571486927,1.286811,439.218678,0.0,440.505489
2026-07-16_ttft_component_regression/phase1/input4000_rate2p5_reuse00_seed3,11,0.018741576117323848,15.075719285591102,15.094460861708425,471.4918571486927,2.042810365310288e-14,486.5863180104011,14.205585,448.986872,0.0,463.192457
2026-07-16_ttft_component_regression/phase1/input4000_rate2p5_reuse00_seed3,22,0.0,15.292960395696225,15.292960395696225,471.4918571486927,2.042810365310288e-14,486.78481754438894,4.54147,452.264553,0.0,456.806023
2026-07-16_ttft_component_regression/phase1/input4000_rate2p5_reuse00_seed3,56,0.017373693118926826,15.137584057810205,15.154957750929132,471.4918571486927,2.042810365310288e-14,486.64681489962186,12.30676,449.493272,0.0,461.800032
2026-07-16_ttft_component_regression/phase1/input4000_rate2p5_reuse00_seed3,54,0.021273938097490664,6.387751480895143,6.409025418992633,471.4918571486927,2.042810365310288e-14,477.90088256768536,13.203123,446.247103,0.0,459.450226
2026-07-16_ttft_component_regression/phase1/input4000_rate2p5_reuse00_seed3,90,0.0,0.0,0.0,471.4918571486927,2.042810365310288e-14,471.4918571486927,0.015293,439.218678,0.0,439.233971
2026-07-16_ttft_component_regression/phase1/input4000_rate2p5_reuse00_seed3,127,0.019163888344864974,6.123642510603512,6.142806398948377,471.4918571486927,2.042810365310288e-14,477.6346635476411,12.397507,444.371423,0.0,456.76893
2026-07-16_ttft_component_regression/phase1/input4000_rate2p5_reuse00_seed3,122,0.0,0.0,0.0,471.4918571486927,2.042810365310288e-14,471.4918571486927,0.004791,439.218678,0.0,439.223469
2026-07-16_ttft_component_regression/phase1/input4000_rate2p5_reuse00_seed3,139,0.0,15.38526308170364,15.38526308170364,471.4918571486927,2.042810365310288e-14,486.8771202303963,14.256642,452.277385,0.0,466.534027
2026-07-16_ttft_component_regression/phase1/input4000_rate2p5_reuse00_seed3,134,0.01897268072705958,15.063302833410434,15.082275514137494,471.4918571486927,2.042810365310288e-14,486.5741326628302,6.33414,449.092024,0.0,455.426164
2026-07-16_ttft_component_regression/phase1/input4000_rate2p5_reuse00_seed3,194,0.0,0.0,0.0,471.4918571486927,2.042810365310288e-14,471.4918571486927,0.003189,439.218678,0.0,439.221867
2026-07-16_ttft_component_regression/phase1/input4000_rate2p5_reuse00_seed3,196,0.020871322918022597,6.333858578435129,6.354729901353152,471.4918571486927,2.042810365310288e-14,477.84658705004585,7.522731,444.303007,0.0,451.825738
2026-07-16_ttft_component_regression/phase1/input4000_rate2p5_reuse00_seed3,208,0.01834941813858938,15.095406375289192,15.113755793427782,471.4918571486927,2.042810365310288e-14,486.6056129421205,18.079615,449.273112,0.0,467.352727
2026-07-16_ttft_component_regression/phase1/input4000_rate2p5_reuse00_seed3,215,0.0,15.342266370232544,15.342266370232544,471.4918571486927,2.042810365310288e-14,486.83412351892525,9.997739,451.933833,0.0,461.931572
2026-07-16_ttft_component_regression/phase1/input4000_rate2p5_reuse00_seed3,222,0.0,12.150789444682271,12.150789444682271,471.4918571486927,2.042810365310288e-14,483.642646593375,6.034442,454.020109,0.0,460.054551
2026-07-16_ttft_component_regression/phase1/input4000_rate2p5_reuse00_seed3,230,0.0,11.487577986993845,11.487577986993845,471.4918571486927,2.042810365310288e-14,482.9794351356866,1.733353,464.627353,0.0,466.360706
2026-07-16_ttft_component_regression/phase1/input4000_rate2p5_reuse00_seed3,252,0.02142961387080448,6.409136310044154,6.430565923914958,471.4918571486927,2.042810365310288e-14,477.92242307260767,3.411386,460.288073,0.0,463.699459
2026-07-16_ttft_component_regression/phase1/input4000_rate2p5_reuse00_seed3,265,0.02027518277116423,6.257393071291487,6.277668254062651,471.4918571486927,2.042810365310288e-14,477.76952540275533,10.354841,458.978846,0.0,469.333687
2026-07-16_ttft_component_regression/phase1/input4000_rate2p5_reuse00_seed3,269,0.018029519868731116,15.110256478916709,15.12828599878544,471.4918571486927,2.042810365310288e-14,486.62014314747813,7.857191,457.295637,0.0,465.152828
2026-07-16_ttft_component_regression/phase1/input4000_rate2p5_reuse00_seed3,286,0.0,15.314990019078726,15.314990019078726,471.4918571486927,2.042810365310288e-14,486.8068471677714,17.094927,464.130672,0.0,481.225599
2026-07-16_ttft_component_regression/phase1/input4000_rate2p5_reuse00_seed3,290,0.0,15.331391605570841,15.331391605570841,471.4918571486927,2.042810365310288e-14,486.82324875426355,15.289761,458.489088,0.0,473.778849
2026-07-16_ttft_component_regression/phase1/input4000_rate2p5_reuse00_seed3,18,0.0,0.0,0.0,471.4918571486927,2.042810365310288e-14,471.4918571486927,0.014527,439.218678,0.0,439.233205
2026-07-16_ttft_component_regression/phase1/input4000_rate2p5_reuse00_seed3,35,0.019350734936547306,15.041593871439467,15.060944606376014,471.4918571486927,2.042810365310288e-14,486.55280175506874,13.577681,448.941912,0.0,462.519593
2026-07-16_ttft_component_regression/phase1/input4000_rate2p5_reuse00_seed3,31,0.02009784253494618,6.235332250430866,6.255430092965812,471.4918571486927,2.042810365310288e-14,477.7472872416585,15.810564,445.125791,0.0,460.936355
2026-07-16_ttft_component_regression/phase1/input4000_rate2p5_reuse00_seed3,43,0.0,15.374591601157782,15.374591601157782,471.4918571486927,2.042810365310288e-14,486.86644874985046,7.410057,452.028265,0.0,459.438322
2026-07-16_ttft_component_regression/phase1/input4000_rate2p5_reuse00_seed3,57,0.0,15.374591601157782,15.374591601157782,471.4918571486927,2.042810365310288e-14,486.86644874985046,6.651504,452.378473,0.0,459.029977
2026-07-16_ttft_component_regression/phase1/input4000_rate2p5_reuse00_seed3,73,0.019499427811661467,15.032553013479552,15.052052441291213,471.4918571486927,2.042810365310288e-14,486.5439095899839,1.458013,449.80748,0.0,451.265493
2026-07-16_ttft_component_regression/phase1/input4000_rate2p5_reuse00_seed3,76,0.0,15.336835047759612,15.336835047759612,471.4918571486927,2.042810365310288e-14,486.8286921964523,9.435337,452.139049,0.0,461.574386
2026-07-16_ttft_component_regression/phase1/input4000_rate2p5_reuse00_seed3,96,0.018895998713600867,15.06749221490119,15.086388213614791,471.4918571486927,2.042810365310288e-14,486.5782453623075,15.69076,449.870072,0.0,465.560832
2026-07-16_ttft_component_regression/phase1/input4000_rate2p5_reuse00_seed3,99,0.0,15.358486157985883,15.358486157985883,471.4918571486927,2.042810365310288e-14,486.8503433066786,139.22384,452.141769,0.0,591.365609
2026-07-16_ttft_component_regression/phase1/input4000_rate2p5_reuse00_seed3,104,0.0,12.192524430111762,12.192524430111762,471.4918571486927,2.042810365310288e-14,483.68438157880445,3.393602,454.119821,0.0,457.513423
2026-07-16_ttft_component_regression/phase1/input4000_rate2p5_reuse00_seed3,112,0.0,12.206041738917788,12.206041738917788,471.4918571486927,2.042810365310288e-14,483.6978988876105,17.213679,454.039981,0.0,471.25366
2026-07-16_ttft_component_regression/phase1/input4000_rate2p5_reuse00_seed3,133,0.0,0.0,0.0,471.4918571486927,2.042810365310288e-14,471.4918571486927,0.000836,439.218678,0.0,439.219514
2026-07-16_ttft_component_regression/phase1/input4000_rate2p5_reuse00_seed3,142,0.019200590725855837,15.050430222721294,15.06963081344715,471.4918571486927,2.042810365310288e-14,486.56148796213984,17.422589,453.482523,0.0,470.905112
2026-07-16_ttft_component_regression/phase1/input4000_rate2p5_reuse00_seed3,138,0.02027518277116423,6.257393071291487,6.277668254062651,471.4918571486927,2.042810365310288e-14,477.76952540275533,0.114996,445.129599,0.0,445.244595
2026-07-16_ttft_component_regression/phase1/input4000_rate2p5_reuse00_seed3,143,0.0,15.347685426927008,15.347685426927008,471.4918571486927,2.042810365310288e-14,486.8395425756197,15.063282,678.113823,0.0,693.177105
2026-07-16_ttft_component_regression/phase1/input4000_rate2p5_reuse00_seed3,153,0.0,15.276322624488268,15.276322624488268,471.4918571486927,2.042810365310288e-14,486.768179773181,3.869658,451.757193,0.0,455.626851
2026-07-16_ttft_component_regression/phase1/input4000_rate2p5_reuse00_seed3,173,0.0,12.09884921286167,12.09884921286167,471.4918571486927,2.042810365310288e-14,483.5907063615544,14.274641,458.342303,0.0,472.616944
2026-07-16_ttft_component_regression/phase1/input4000_rate2p5_reuse00_seed3,168,0.0,12.10154878749728,12.10154878749728,471.4918571486927,2.042810365310288e-14,483.59340593619,0.431483,458.788817,0.0,459.2203
2026-07-16_ttft_component_regression/phase1/input4000_rate2p5_reuse00_seed3,190,0.0,11.499660933470361,11.499660933470361,471.4918571486927,2.042810365310288e-14,482.99151808216305,19.919927,471.893155,0.0,491.813082
2026-07-16_ttft_component_regression/phase1/input4000_rate2p5_reuse00_seed3,176,0.00916037704899562,12.963576486581385,12.97273686363038,471.4918571486927,2.042810365310288e-14,484.46459401232306,146.002296,711.735267,0.0,857.737563
2026-07-16_ttft_component_regression/phase1/input4000_rate2p5_reuse00_seed3,175,0.0,11.530125430049956,11.530125430049956,471.4918571486927,2.042810365310288e-14,483.02198257874267,12.325254,470.865818,0.0,483.191072
2026-07-16_ttft_component_regression/phase1/input4000_rate2p5_reuse00_seed3,205,0.036739344541036986,15.367783639681713,15.40452298422275,471.4918571486927,2.042810365310288e-14,486.89638013291545,12.660476,473.134227,0.0,485.794703
2026-07-16_ttft_component_regression/phase1/input4000_rate2p5_reuse00_seed3,204,0.007224189688384521,12.865899500261316,12.8731236899497,471.4918571486927,2.042810365310288e-14,484.3649808386424,9.949647,468.492867,0.0,478.442514
2026-07-16_ttft_component_regression/phase1/input4000_rate2p5_reuse00_seed3,200,0.0,11.50212081022306,11.50212081022306,471.4918571486927,2.042810365310288e-14,482.99397795891576,7.373119,467.288383,0.0,474.661502
2026-07-16_ttft_component_regression/phase1/input4000_rate2p5_reuse00_seed3,217,0.03715079616394288,15.417110531023829,15.454261327187771,471.4918571486927,2.042810365310288e-14,486.9461184758805,13.119334,471.405535,0.0,484.524869
2026-07-16_ttft_component_regression/phase1/input4000_rate2p5_reuse00_seed3,220,0.03750862020497621,18.024658116946163,18.06216673715114,471.4918571486927,2.042810365310288e-14,489.55402388584383,22.017784,477.418396,0.0,499.43618
2026-07-16_ttft_component_regression/phase1/input4000_rate2p5_reuse00_seed3,233,0.0077090664675951905,12.890084167389091,12.897793233856687,471.4918571486927,2.042810365310288e-14,484.3896503825494,5.041447,469.658494,0.0,474.699941
2026-07-16_ttft_component_regression/phase1/input4000_rate2p5_reuse00_seed3,239,0.0073454530746578746,12.871930873634717,12.879276326709375,471.4918571486927,2.042810365310288e-14,484.3711334754021,13.695502,469.64478,0.0,483.340282
2026-07-16_ttft_component_regression/phase1/input4000_rate2p5_reuse00_seed3,232,0.0,11.504595076349178,11.504595076349178,471.4918571486927,2.042810365310288e-14,482.9964522250419,0.636275,461.727975,0.0,462.36425
2026-07-16_ttft_component_regression/phase1/input4000_rate2p5_reuse00_seed3,246,0.0372852120644129,15.433577103608195,15.470862315672608,471.4918571486927,2.042810365310288e-14,486.9627194643653,16.915792,470.41646,0.0,487.332252
2026-07-16_ttft_component_regression/phase1/input4000_rate2p5_reuse00_seed3,240,0.03748424178942462,15.458298815511485,15.49578305730091,471.4918571486927,2.042810365310288e-14,486.9876402059936,24.047044,705.903832,0.0,729.950876
2026-07-16_ttft_component_regression/phase1/input4000_rate2p5_reuse00_seed3,266,0.0,15.220201195646219,15.220201195646219,471.4918571486927,2.042810365310288e-14,486.7120583443389,10.550041,467.435001,0.0,477.985042
2026-07-16_ttft_component_regression/phase1/input4000_rate2p5_reuse00_seed3,271,0.016868193079261736,15.15602880781725,15.172897000896512,471.4918571486927,2.042810365310288e-14,486.6647541495892,0.876327,462.067576,0.0,462.943903
2026-07-16_ttft_component_regression/phase1/input4000_rate2p5_reuse00_seed3,277,0.016697163967641336,15.16179077359617,15.178487937563812,471.4918571486927,2.042810365310288e-14,486.67034508625653,16.595169,458.172467,0.0,474.767636
2026-07-16_ttft_component_regression/phase1/input4000_rate2p5_reuse00_seed3,292,0.0,15.220201195646219,15.220201195646219,471.4918571486927,2.042810365310288e-14,486.7120583443389,0.808571,462.477615,0.0,463.286186
2026-07-16_ttft_component_regression/phase1/input4000_rate2p5_reuse00_seed3,0,0.0,0.0,0.0,471.4918571486927,2.042810365310288e-14,471.4918571486927,0.0,439.218678,0.0,439.218678
2026-07-16_ttft_component_regression/phase1/input4000_rate2p5_reuse00_seed3,1,0.01973374221355879,6.190931047328621,6.21066478954218,471.4918571486927,2.042810365310288e-14,477.7025219382349,0.390409,444.307263,0.0,444.697672
2026-07-16_ttft_component_regression/phase1/input4000_rate2p5_reuse00_seed3,9,0.019573226059333475,15.027955678545073,15.047528904604407,471.4918571486927,2.042810365310288e-14,486.5393860532971,17.16548,449.032728,0.0,466.198208
2026-07-16_ttft_component_regression/phase1/input4000_rate2p5_reuse00_seed3,14,0.0,12.17932068669315,12.17932068669315,471.4918571486927,2.042810365310288e-14,483.67117783538583,14.546928,457.632777,0.0,472.179705
2026-07-16_ttft_component_regression/phase1/input4000_rate2p5_reuse00_seed3,15,0.0,11.453511599940763,11.453511599940763,471.4918571486927,2.042810365310288e-14,482.9453687486335,201.170956,685.526561,0.0,886.697517
2026-07-16_ttft_component_regression/phase1/input4000_rate2p5_reuse00_seed3,26,0.004307883679006494,12.724153773434168,12.728461657113174,471.4918571486927,2.042810365310288e-14,484.2203188058059,5.462013,459.478918,0.0,464.940931
2026-07-16_ttft_component_regression/phase1/input4000_rate2p5_reuse00_seed3,10,0.0,15.342266370232544,15.342266370232544,471.4918571486927,2.042810365310288e-14,486.83412351892525,197.066527,451.461417,0.0,648.527944
2026-07-16_ttft_component_regression/phase1/input4000_rate2p5_reuse00_seed3,32,0.03588031982404142,15.26948099926112,15.305361319085161,471.4918571486927,2.042810365310288e-14,486.79721846777784,7.120577,462.003082,0.0,469.123659
2026-07-16_ttft_component_regression/phase1/input4000_rate2p5_reuse00_seed3,51,0.00698158066364719,12.85386644529467,12.860848025958317,471.4918571486927,2.042810365310288e-14,484.352705174651,19.351706,460.48887,0.0,479.840576
2026-07-16_ttft_component_regression/phase1/input4000_rate2p5_reuse00_seed3,37,0.036946600295763875,15.392433184527407,15.42937978482317,471.4918571486927,2.042810365310288e-14,486.9212369335159,10.37175,462.115594,0.0,472.487344
2026-07-16_ttft_component_regression/phase1/input4000_rate2p5_reuse00_seed3,61,0.0,11.492367809783673,11.492367809783673,471.4918571486927,2.042810365310288e-14,482.9842249584764,1.819792,458.188809,0.0,460.008601
2026-07-16_ttft_component_regression/phase1/input4000_rate2p5_reuse00_seed3,69,0.0372852120644129,15.433577103608195,15.470862315672608,471.4918571486927,2.042810365310288e-14,486.9627194643653,6.072602,461.274442,0.0,467.347044
2026-07-16_ttft_component_regression/phase1/input4000_rate2p5_reuse00_seed3,70,0.03805424706317009,17.972116359047064,18.010170606110233,471.4918571486927,2.042810365310288e-14,489.50202775480295,7.783236,463.146125,0.0,470.929361
2026-07-16_ttft_component_regression/phase1/input4000_rate2p5_reuse00_seed3,66,0.036846155975508346,18.084119696106544,18.12096585208205,471.4918571486927,2.042810365310288e-14,489.61282300077477,385.794184,692.452272,0.0,1078.246456
2026-07-16_ttft_component_regression/phase1/input4000_rate2p5_reuse00_seed3,65,0.03780896665264185,15.49955773099414,15.537366697646782,471.4918571486927,2.042810365310288e-14,487.0292238463395,103.433053,708.36105,0.0,811.794103
2026-07-16_ttft_component_regression/phase1/input4000_rate2p5_reuse00_seed3,84,0.0,22.233298103134192,22.233298103134192,471.4918571486927,2.042810365310288e-14,493.7251552518269,1.459498,480.910666,0.0,482.370164
2026-07-16_ttft_component_regression/phase1/input4000_rate2p5_reuse00_seed3,63,0.008193433679144527,12.914425975061327,12.922619408740472,471.4918571486927,2.042810365310288e-14,484.41447655743315,165.482973,464.619785,0.0,630.102758
2026-07-16_ttft_component_regression/phase1/input4000_rate2p5_reuse00_seed3,74,0.0,19.56804189783373,19.56804189783373,471.4918571486927,2.042810365310288e-14,491.0598990465264,7.350912,466.761956,0.0,474.112868
2026-07-16_ttft_component_regression/phase1/input4000_rate2p5_reuse00_seed3,83,0.0,20.600376119234358,20.600376119234358,471.4918571486927,2.042810365310288e-14,492.09223326792704,1.911401,475.200892,0.0,477.112293
2026-07-16_ttft_component_regression/phase1/input4000_rate2p5_reuse00_seed3,87,0.0,25.869323054500967,25.869323054500967,471.4918571486927,2.042810365310288e-14,497.36118020319367,23.489126,490.300627,0.0,513.789753
2026-07-16_ttft_component_regression/phase1/input4000_rate2p5_reuse00_seed3,100,0.0,20.545021669509143,20.545021669509143,471.4918571486927,2.042810365310288e-14,492.03687881820184,19.406991,485.525591,0.0,504.932582
2026-07-16_ttft_component_regression/phase1/input4000_rate2p5_reuse00_seed3,115,0.03827844461023067,17.94945662778998,17.987735072400213,471.4918571486927,2.042810365310288e-14,489.4795922210929,6.801858,474.323792,0.0,481.12565
2026-07-16_ttft_component_regression/phase1/input4000_rate2p5_reuse00_seed3,107,0.0,22.220994395745837,22.220994395745837,471.4918571486927,2.042810365310288e-14,493.71285154443854,22.436239,438.74335,0.0,461.179589
2026-07-16_ttft_component_regression/phase1/input4000_rate2p5_reuse00_seed3,121,0.0,12.156986485276027,12.156986485276027,471.4918571486927,2.042810365310288e-14,483.64884363396874,2.210393,464.779982,0.0,466.990375
2026-07-16_ttft_component_regression/phase1/input4000_rate2p5_reuse00_seed3,126,0.0,12.129759909543758,12.129759909543758,471.4918571486927,2.042810365310288e-14,483.62161705823644,0.929551,461.966483,0.0,462.896034
2026-07-16_ttft_component_regression/phase1/input4000_rate2p5_reuse00_seed3,131,0.0,11.497215463109193,11.497215463109193,471.4918571486927,2.042810365310288e-14,482.9890726118019,18.115962,469.556501,0.0,487.672463
2026-07-16_ttft_component_regression/phase1/input4000_rate2p5_reuse00_seed3,132,0.007951317863736825,12.902235499069374,12.91018681693311,471.4918571486927,2.042810365310288e-14,484.4020439656258,28.646288,710.991399,0.0,739.637687
2026-07-16_ttft_component_regression/phase1/input4000_rate2p5_reuse00_seed3,156,0.0,15.259590143948019,15.259590143948019,471.4918571486927,2.042810365310288e-14,486.7514472926407,1.403305,467.669397,0.0,469.072702
2026-07-16_ttft_component_regression/phase1/input4000_rate2p5_reuse00_seed3,160,0.0,12.093517562110147,12.093517562110147,471.4918571486927,2.042810365310288e-14,483.58537471080285,1.434382,467.330935,0.0,468.765317
2026-07-16_ttft_component_regression/phase1/input4000_rate2p5_reuse00_seed3,165,0.0,15.242766842994273,15.242766842994273,471.4918571486927,2.042810365310288e-14,486.734623991687,14.542604,462.432333,0.0,476.974937
2026-07-16_ttft_component_regression/phase1/input4000_rate2p5_reuse00_seed3,179,0.0,12.10154878749728,12.10154878749728,471.4918571486927,2.042810365310288e-14,483.59340593619,12.880554,460.934134,0.0,473.814688
2026-07-16_ttft_component_regression/phase1/input4000_rate2p5_reuse00_seed3,177,0.0,15.237139563952718,15.237139563952718,471.4918571486927,2.042810365310288e-14,486.7289967126454,6.992968,463.842212,0.0,470.83518
2026-07-16_ttft_component_regression/phase1/input4000_rate2p5_reuse00_seed3,181,0.0,11.527508199783227,11.527508199783227,471.4918571486927,2.042810365310288e-14,483.01936534847596,11.711329,471.68065,0.0,483.391979
2026-07-16_ttft_component_regression/phase1/input4000_rate2p5_reuse00_seed3,182,0.009522280403399343,12.982166953711403,12.991689234114801,471.4918571486927,2.042810365310288e-14,484.4835463828075,47.668802,713.140502,0.0,760.809304
2026-07-16_ttft_component_regression/phase1/input4000_rate2p5_reuse00_seed3,188,0.038729435956221955,15.623716294361117,15.662445730317339,471.4918571486927,2.042810365310288e-14,487.15430287901006,18.852084,472.152829,0.0,491.004913
2026-07-16_ttft_component_regression/phase1/input4000_rate2p5_reuse00_seed3,198,0.03913065479856945,15.681829312328576,15.720959967127145,471.4918571486927,2.042810365310288e-14,487.21281711581986,19.043566,471.523922,0.0,490.567488
2026-07-16_ttft_component_regression/phase1/input4000_rate2p5_reuse00_seed3,203,0.034194779337981894,18.286935370530216,18.321130149868196,471.4918571486927,2.042810365310288e-14,489.81298729856087,16.703648,472.924454,0.0,489.628102
2026-07-16_ttft_component_regression/phase1/input4000_rate2p5_reuse00_seed3,224,0.03558571715264581,18.186594718832602,18.222180435985248,471.4918571486927,2.042810365310288e-14,489.71403758467795,10.47568,473.761632,0.0,484.237312
2026-07-16_ttft_component_regression/phase1/input4000_rate2p5_reuse00_seed3,206,0.0,19.767244725647274,19.767244725647274,471.4918571486927,2.042810365310288e-14,491.25910187434,18.781272,481.680367,0.0,500.461639
2026-07-16_ttft_component_regression/phase1/input4000_rate2p5_reuse00_seed3,229,0.0,19.63802574124772,19.63802574124772,471.4918571486927,2.042810365310288e-14,491.1298828899404,17.471183,471.396687,0.0,488.86787
2026-07-16_ttft_component_regression/phase1/input4000_rate2p5_reuse00_seed3,226,0.0,19.672167924642455,19.672167924642455,471.4918571486927,2.042810365310288e-14,491.16402507333515,214.000945,479.858869,0.0,693.859814
2026-07-16_ttft_component_regression/phase1/input4000_rate2p5_reuse00_seed3,245,0.0,11.462273840597051,11.462273840597051,471.4918571486927,2.042810365310288e-14,482.95413098928975,14.000596,472.945579,0.0,486.946175
2026-07-16_ttft_component_regression/phase1/input4000_rate2p5_reuse00_seed3,260,0.01945238418549726,6.157388711983412,6.176841096168909,471.4918571486927,2.042810365310288e-14,477.6686982448616,11.933702,453.756005,0.0,465.689707
2026-07-16_ttft_component_regression/phase1/input4000_rate2p5_reuse00_seed3,268,0.019573226059333475,15.027955678545073,15.047528904604407,471.4918571486927,2.042810365310288e-14,486.5393860532971,163.492579,689.475358,0.0,852.967937
2026-07-16_ttft_component_regression/phase1/input4000_rate2p5_reuse00_seed3,267,0.01982594798879302,6.2020660418978695,6.221891989886663,471.4918571486927,2.042810365310288e-14,477.7137491385794,2.291868,464.027658,0.0,466.319526
2026-07-16_ttft_component_regression/phase1/input4000_rate2p5_reuse00_seed3,270,0.0,15.342266370232544,15.342266370232544,471.4918571486927,2.042810365310288e-14,486.83412351892525,4.148662,456.346918,0.0,460.49558
2026-07-16_ttft_component_regression/phase1/input4000_rate2p5_reuse00_seed3,280,0.0,12.172838255172303,12.172838255172303,471.4918571486927,2.042810365310288e-14,483.664695403865,8.622796,460.28916,0.0,468.911956
2026-07-16_ttft_component_regression/phase1/input4000_rate2p5_reuse00_seed3,282,0.0,11.453511599940763,11.453511599940763,471.4918571486927,2.042810365310288e-14,482.9453687486335,58.565804,466.349024,0.0,524.914828
2026-07-16_ttft_component_regression/phase1/input4000_rate2p5_reuse00_seed3,298,0.0,11.449218929251634,11.449218929251634,471.4918571486927,2.042810365310288e-14,482.94107607794433,12.079894,464.16061,0.0,476.240504
2026-07-16_ttft_component_regression/phase1/input4000_rate2p5_reuse00_seed3,20,0.0,0.0,0.0,471.4918571486927,2.042810365310288e-14,471.4918571486927,0.002391,439.218678,0.0,439.221069
2026-07-16_ttft_component_regression/phase1/input4000_rate2p5_reuse00_seed3,34,0.020362679919700626,6.26838818727435,6.28875086719405,471.4918571486927,2.042810365310288e-14,477.78060801588674,4.675153,444.931775,0.0,449.606928
2026-07-16_ttft_component_regression/phase1/input4000_rate2p5_reuse00_seed3,38,0.01881896331864269,15.07163100199334,15.090449965311983,471.4918571486927,2.042810365310288e-14,486.58230711400466,15.046536,449.057368,0.0,464.103904
2026-07-16_ttft_component_regression/phase1/input4000_rate2p5_reuse00_seed3,55,0.0,15.353092071631327,15.353092071631327,471.4918571486927,2.042810365310288e-14,486.84494922032405,8.803662,452.611977,0.0,461.415639
2026-07-16_ttft_component_regression/phase1/input4000_rate2p5_reuse00_seed3,72,0.020535334748796014,6.290307337105237,6.310842671854034,471.4918571486927,2.042810365310288e-14,477.80269982054676,14.731748,445.414399,0.0,460.146147
2026-07-16_ttft_component_regression/phase1/input4000_rate2p5_reuse00_seed3,92,0.021352158257941928,6.398456297805551,6.419808456063493,471.4918571486927,2.042810365310288e-14,477.9116656047562,2.503788,445.796223,0.0,448.300011
2026-07-16_ttft_component_regression/phase1/input4000_rate2p5_reuse00_seed3,101,0.017456820138509358,15.134339848075317,15.151796668213827,471.4918571486927,2.042810365310288e-14,486.6436538169065,11.86025,449.561784,0.0,461.422034
2026-07-16_ttft_component_regression/phase1/input4000_rate2p5_reuse00_seed3,123,0.0,15.358486157985883,15.358486157985883,471.4918571486927,2.042810365310288e-14,486.8503433066786,14.912838,456.938271,0.0,471.851109
2026-07-16_ttft_component_regression/phase1/input4000_rate2p5_reuse00_seed3,120,0.018507319425199828,15.087682033583436,15.106189353008636,471.4918571486927,2.042810365310288e-14,486.59804650170133,13.353013,450.26524,0.0,463.618253
2026-07-16_ttft_component_regression/phase1/input4000_rate2p5_reuse00_seed3,124,0.0,12.185882992019831,12.185882992019831,471.4918571486927,2.042810365310288e-14,483.67774014071256,3.378247,682.967502,0.0,686.345749
2026-07-16_ttft_component_regression/phase1/input4000_rate2p5_reuse00_seed3,130,0.0,11.462273840597051,11.462273840597051,471.4918571486927,2.042810365310288e-14,482.95413098928975,10.961743,457.436265,0.0,468.398008
2026-07-16_ttft_component_regression/phase1/input4000_rate2p5_reuse00_seed3,140,0.007224189688384521,12.865899500261316,12.8731236899497,471.4918571486927,2.042810365310288e-14,484.3649808386424,0.460027,459.83623,0.0,460.296257
2026-07-16_ttft_component_regression/phase1/input4000_rate2p5_reuse00_seed3,137,0.0,11.517181654008812,11.517181654008812,471.4918571486927,2.042810365310288e-14,483.0090388027015,19.892524,456.746185,0.0,476.638709
2026-07-16_ttft_component_regression/phase1/input4000_rate2p5_reuse00_seed3,149,0.03761518596146168,15.47479413887998,15.512409324841443,471.4918571486927,2.042810365310288e-14,487.00426647353413,25.768342,463.973065,0.0,489.741407
2026-07-16_ttft_component_regression/phase1/input4000_rate2p5_reuse00_seed3,158,0.03558571715264581,18.186594718832602,18.222180435985248,471.4918571486927,2.042810365310288e-14,489.71403758467795,73.751665,707.232109,0.0,780.983774
2026-07-16_ttft_component_regression/phase1/input4000_rate2p5_reuse00_seed3,136,0.0,12.112569916935573,12.112569916935573,471.4918571486927,2.042810365310288e-14,483.6044270656283,13.607658,453.712845,0.0,467.320503
2026-07-16_ttft_component_regression/phase1/input4000_rate2p5_reuse00_seed3,148,0.00916037704899562,12.963576486581385,12.97273686363038,471.4918571486927,2.042810365310288e-14,484.46459401232306,17.07626,460.346726,0.0,477.422986
2026-07-16_ttft_component_regression/phase1/input4000_rate2p5_reuse00_seed3,150,0.03849198378278968,15.590555325591442,15.629047309374231,471.4918571486927,2.042810365310288e-14,487.12090445806695,6.425542,699.340806,0.0,705.766348
2026-07-16_ttft_component_regression/phase1/input4000_rate2p5_reuse00_seed3,157,0.03901789743719623,15.665215552528897,15.704233449966093,471.4918571486927,2.042810365310288e-14,487.19609059865877,11.956626,475.936142,0.0,487.892768
2026-07-16_ttft_component_regression/phase1/input4000_rate2p5_reuse00_seed3,185,0.010605327433710007,13.038452318593931,13.049057646027642,471.4918571486927,2.042810365310288e-14,484.5409147947203,19.637615,471.837442,0.0,491.475057
2026-07-16_ttft_component_regression/phase1/input4000_rate2p5_reuse00_seed3,223,0.021034677130092858,6.355489128678693,6.376523805808786,471.4918571486927,2.042810365310288e-14,477.8683809545015,12.609546,447.586946,0.0,460.196492
2026-07-16_ttft_component_regression/phase1/input4000_rate2p5_reuse00_seed3,227,0.020953385589738267,6.344686022273856,6.365639407863594,471.4918571486927,2.042810365310288e-14,477.85749655655627,14.663586,458.328595,0.0,472.992181
2026-07-16_ttft_component_regression/phase1/input4000_rate2p5_reuse00_seed3,255,0.02142961387080448,6.409136310044154,6.430565923914958,471.4918571486927,2.042810365310288e-14,477.92242307260767,0.188626,448.149843,0.0,448.338469
2026-07-16_ttft_component_regression/phase1/input4000_rate2p5_reuse00_seed3,272,0.020620495024716665,6.3012311751946095,6.321851670219326,471.4918571486927,2.042810365310288e-14,477.813708818912,14.765791,447.233427,0.0,461.999218
2026-07-16_ttft_component_regression/phase1/input4000_rate2p5_reuse00_seed3,276,0.018663838684689574,15.079757157208297,15.098420995892987,471.4918571486927,2.042810365310288e-14,486.5902781445857,9.980401,464.334029,0.0,474.31443
2026-07-16_ttft_component_regression/phase1/input4000_rate2p5_reuse00_seed3,6,0.0,0.0,0.0,471.4918571486927,2.042810365310288e-14,471.4918571486927,0.007054,439.218678,0.0,439.225732
2026-07-16_ttft_component_regression/phase1/input4000_rate2p5_reuse00_seed3,8,0.02078848780482616,6.323006892189313,6.343795379994139,471.4918571486927,2.042810365310288e-14,477.83565252868686,7.74916,444.306175,0.0,452.055335
2026-07-16_ttft_component_regression/phase1/input4000_rate2p5_reuse00_seed3,23,0.01753962211126166,15.131046770641483,15.148586392752744,471.4918571486927,2.042810365310288e-14,486.64044354144545,11.835382,449.081784,0.0,460.917166
2026-07-16_ttft_component_regression/phase1/input4000_rate2p5_reuse00_seed3,41,0.0,12.107014971472891,12.107014971472891,471.4918571486927,2.042810365310288e-14,483.5988721201656,5.516765,454.685069,0.0,460.201834
2026-07-16_ttft_component_regression/phase1/input4000_rate2p5_reuse00_seed3,30,0.0,15.197490127921762,15.197490127921762,471.4918571486927,2.042810365310288e-14,486.68934727661446,8.180341,451.896841,0.0,460.077182
2026-07-16_ttft_component_regression/phase1/input4000_rate2p5_reuse00_seed3,45,0.008193433679144527,12.914425975061327,12.922619408740472,471.4918571486927,2.042810365310288e-14,484.41447655743315,213.129259,712.197278,0.0,925.326537
2026-07-16_ttft_component_regression/phase1/input4000_rate2p5_reuse00_seed3,47,0.0376801320389611,15.483045955382186,15.520726087421147,471.4918571486927,2.042810365310288e-14,487.01258323611387,291.664729,662.696612,0.0,954.361341
2026-07-16_ttft_component_regression/phase1/input4000_rate2p5_reuse00_seed3,44,0.0,11.524905190299448,11.524905190299448,471.4918571486927,2.042810365310288e-14,483.0167623389921,5.443222,464.581487,0.0,470.024709
2026-07-16_ttft_component_regression/phase1/input4000_rate2p5_reuse00_seed3,58,0.008556335252158221,12.932784775153863,12.941341110406022,471.4918571486927,2.042810365310288e-14,484.43319825909873,1.325881,459.945958,0.0,461.271839
2026-07-16_ttft_component_regression/phase1/input4000_rate2p5_reuse00_seed3,78,0.007587892486659461,12.884023224728539,12.891611117215199,471.4918571486927,2.042810365310288e-14,484.3834682659079,15.257967,461.039302,0.0,476.297269
2026-07-16_ttft_component_regression/phase1/input4000_rate2p5_reuse00_seed3,86,0.0,12.112569916935573,12.112569916935573,471.4918571486927,2.042810365310288e-14,483.6044270656283,17.672189,454.974413,0.0,472.646602
2026-07-16_ttft_component_regression/phase1/input4000_rate2p5_reuse00_seed3,89,0.0,15.347685426927008,15.347685426927008,471.4918571486927,2.042810365310288e-14,486.8395425756197,9.334133,452.279977,0.0,461.61411
2026-07-16_ttft_component_regression/phase1/input4000_rate2p5_reuse00_seed3,106,0.005524051691554766,12.78250677929583,12.788030830987385,471.4918571486927,2.042810365310288e-14,484.2798879796801,117.728817,459.719654,0.0,577.448471
2026-07-16_ttft_component_regression/phase1/input4000_rate2p5_reuse00_seed3,102,0.0,11.473556876712083,11.473556876712083,471.4918571486927,2.042810365310288e-14,482.9654140254048,20.468167,457.454537,0.0,477.922704
2026-07-16_ttft_component_regression/phase1/input4000_rate2p5_reuse00_seed3,98,0.0,12.13864572231436,12.13864572231436,471.4918571486927,2.042810365310288e-14,483.6305028710071,15.172829,454.196493,0.0,469.369322
2026-07-16_ttft_component_regression/phase1/input4000_rate2p5_reuse00_seed3,144,0.0,0.0,0.0,471.4918571486927,2.042810365310288e-14,471.4918571486927,0.018927,439.218678,0.0,439.237605
2026-07-16_ttft_component_regression/phase1/input4000_rate2p5_reuse00_seed3,147,0.020535334748796014,6.290307337105237,6.310842671854034,471.4918571486927,2.042810365310288e-14,477.80269982054676,16.46915,455.227184,0.0,471.696334
2026-07-16_ttft_component_regression/phase1/input4000_rate2p5_reuse00_seed3,178,0.02027518277116423,6.257393071291487,6.277668254062651,471.4918571486927,2.042810365310288e-14,477.76952540275533,0.451993,460.458387,0.0,460.91038
2026-07-16_ttft_component_regression/phase1/input4000_rate2p5_reuse00_seed3,189,0.02027518277116423,6.257393071291487,6.277668254062651,471.4918571486927,2.042810365310288e-14,477.76952540275533,2.170845,455.058746,0.0,457.229591
2026-07-16_ttft_component_regression/phase1/input4000_rate2p5_reuse00_seed3,193,0.01794870121423539,15.113844859691904,15.13179356090614,471.4918571486927,2.042810365310288e-14,486.62365070959885,10.356479,456.463086,0.0,466.819565
2026-07-16_ttft_component_regression/phase1/input4000_rate2p5_reuse00_seed3,221,0.0,11.50212081022306,11.50212081022306,471.4918571486927,2.042810365310288e-14,482.99397795891576,13.561172,466.578875,0.0,480.140047
2026-07-16_ttft_component_regression/phase1/input4000_rate2p5_reuse00_seed3,218,0.0,15.231502767710628,15.231502767710628,471.4918571486927,2.042810365310288e-14,486.72335991640335,13.680362,466.586763,0.0,480.267125
2026-07-16_ttft_component_regression/phase1/input4000_rate2p5_reuse00_seed3,209,0.016868193079261736,15.15602880781725,15.172897000896512,471.4918571486927,2.042810365310288e-14,486.6647541495892,15.015348,461.808547,0.0,476.823895
2026-07-16_ttft_component_regression/phase1/input4000_rate2p5_reuse00_seed3,219,0.0,12.088276351055788,12.088276351055788,471.4918571486927,2.042810365310288e-14,483.5801334997485,87.529239,693.658821,0.0,781.18806
2026-07-16_ttft_component_regression/phase1/input4000_rate2p5_reuse00_seed3,237,0.0,12.132700521180833,12.132700521180833,471.4918571486927,2.042810365310288e-14,483.6245576698735,2.323178,463.384064,0.0,465.707242
2026-07-16_ttft_component_regression/phase1/input4000_rate2p5_reuse00_seed3,254,0.0,15.248384461621383,15.248384461621383,471.4918571486927,2.042810365310288e-14,486.74024161031406,7.019629,457.840043,0.0,464.859672
2026-07-16_ttft_component_regression/phase1/input4000_rate2p5_reuse00_seed3,244,0.0,12.090885649465832,12.090885649465832,471.4918571486927,2.042810365310288e-14,483.5827427981585,19.229348,463.099789,0.0,482.329137
2026-07-16_ttft_component_regression/phase1/input4000_rate2p5_reuse00_seed3,247,0.0,12.058714321149852,12.058714321149852,471.4918571486927,2.042810365310288e-14,483.55057146984257,15.145699,460.163805,0.0,475.309504
2026-07-16_ttft_component_regression/phase1/input4000_rate2p5_reuse00_seed3,256,0.0,12.090885649465832,12.090885649465832,471.4918571486927,2.042810365310288e-14,483.5827427981585,10.654223,456.12262,0.0,466.776843
2026-07-16_ttft_component_regression/phase1/input4000_rate2p5_reuse00_seed3,295,0.0,0.0,0.0,471.4918571486927,2.042810365310288e-14,471.4918571486927,0.001408,440.712804,0.0,440.714212
2026-07-16_ttft_component_regression/phase1/input4000_rate2p5_reuse00_seed3,7,0.0,0.0,0.0,471.4918571486927,2.042810365310288e-14,471.4918571486927,0.009533,439.218678,0.0,439.228211
2026-07-16_ttft_component_regression/phase1/input4000_rate2p5_reuse00_seed3,29,0.01881896331864269,15.07163100199334,15.090449965311983,471.4918571486927,2.042810365310288e-14,486.58230711400466,6.828297,448.891832,0.0,455.720129
2026-07-16_ttft_component_regression/phase1/input4000_rate2p5_reuse00_seed3,27,0.020362679919700626,6.26838818727435,6.28875086719405,471.4918571486927,2.042810365310288e-14,477.78060801588674,8.376115,445.429279,0.0,453.805394
2026-07-16_ttft_component_regression/phase1/input4000_rate2p5_reuse00_seed3,46,0.0,15.298484598876035,15.298484598876035,471.4918571486927,2.042810365310288e-14,486.79034174756873,16.741733,451.566281,0.0,468.308014
2026-07-16_ttft_component_regression/phase1/input4000_rate2p5_reuse00_seed3,50,0.0,12.160115976537062,12.160115976537062,471.4918571486927,2.042810365310288e-14,483.65197312522974,10.993024,453.583309,0.0,464.576333
2026-07-16_ttft_component_regression/phase1/input4000_rate2p5_reuse00_seed3,42,0.01770424462439416,15.124313610059376,15.14201785468377,471.4918571486927,2.042810365310288e-14,486.6338750033765,15.891382,449.164376,0.0,465.055758
2026-07-16_ttft_component_regression/phase1/input4000_rate2p5_reuse00_seed3,82,0.0,12.083125437778683,12.083125437778683,471.4918571486927,2.042810365310288e-14,483.5749825864714,15.765804,453.545837,0.0,469.311641
2026-07-16_ttft_component_regression/phase1/input4000_rate2p5_reuse00_seed3,75,0.01811000246249744,15.106618536642834,15.124728539105332,471.4918571486927,2.042810365310288e-14,486.616585687798,14.700535,404.626208,0.0,419.326743
2026-07-16_ttft_component_regression/phase1/input4000_rate2p5_reuse00_seed3,79,0.0,15.237139563952718,15.237139563952718,471.4918571486927,2.042810365310288e-14,486.7289967126454,4.457659,452.411529,0.0,456.869188
2026-07-16_ttft_component_regression/phase1/input4000_rate2p5_reuse00_seed3,81,0.0,15.145905628718824,15.145905628718824,471.4918571486927,2.042810365310288e-14,486.6377627774115,12.856452,451.853833,0.0,464.710285
2026-07-16_ttft_component_regression/phase1/input4000_rate2p5_reuse00_seed3,94,0.0,11.509586708797187,11.509586708797187,471.4918571486927,2.042810365310288e-14,483.0014438574899,2.197002,456.861097,0.0,459.058099
2026-07-16_ttft_component_regression/phase1/input4000_rate2p5_reuse00_seed3,93,0.0,12.0856896270556,12.0856896270556,471.4918571486927,2.042810365310288e-14,483.5775467757483,15.437344,454.020269,0.0,469.457613
2026-07-16_ttft_component_regression/phase1/input4000_rate2p5_reuse00_seed3,118,0.0,12.126840747274485,12.126840747274485,471.4918571486927,2.042810365310288e-14,483.6186978959672,0.464566,454.831757,0.0,455.296323
2026-07-16_ttft_component_regression/phase1/input4000_rate2p5_reuse00_seed3,116,0.0,11.543424309381951,11.543424309381951,471.4918571486927,2.042810365310288e-14,483.0352814580747,16.200655,458.680777,0.0,474.881432
2026-07-16_ttft_component_regression/phase1/input4000_rate2p5_reuse00_seed3,125,0.0,15.325936189578808,15.325936189578808,471.4918571486927,2.042810365310288e-14,486.8177933382715,17.293662,452.149897,0.0,469.443559
2026-07-16_ttft_component_regression/phase1/input4000_rate2p5_reuse00_seed3,128,0.0,12.160115976537062,12.160115976537062,471.4918571486927,2.042810365310288e-14,483.65197312522974,6.41121,453.815917,0.0,460.227127
2026-07-16_ttft_component_regression/phase1/input4000_rate2p5_reuse00_seed3,135,0.0,12.166436438253449,12.166436438253449,471.4918571486927,2.042810365310288e-14,483.6582935869462,12.327778,463.546601,0.0,475.874379
2026-07-16_ttft_component_regression/phase1/input4000_rate2p5_reuse00_seed3,161,0.01834941813858938,15.095406375289192,15.113755793427782,471.4918571486927,2.042810365310288e-14,486.6056129421205,17.790893,455.989357,0.0,473.78025
2026-07-16_ttft_component_regression/phase1/input4000_rate2p5_reuse00_seed3,154,0.021194952068305593,6.37702195170229,6.398216903770596,471.4918571486927,2.042810365310288e-14,477.8900740524633,4.126692,456.359419,0.0,460.486111
2026-07-16_ttft_component_regression/phase1/input4000_rate2p5_reuse00_seed3,171,0.0,15.347685426927008,15.347685426927008,471.4918571486927,2.042810365310288e-14,486.8395425756197,12.596742,453.840961,0.0,466.437703
2026-07-16_ttft_component_regression/phase1/input4000_rate2p5_reuse00_seed3,169,0.01881896331864269,15.07163100199334,15.090449965311983,471.4918571486927,2.042810365310288e-14,486.58230711400466,4.57479,455.548338,0.0,460.123128
2026-07-16_ttft_component_regression/phase1/input4000_rate2p5_reuse00_seed3,183,0.0,12.189193865796051,12.189193865796051,471.4918571486927,2.042810365310288e-14,483.68105101448873,15.066321,460.906398,0.0,475.972719
2026-07-16_ttft_component_regression/phase1/input4000_rate2p5_reuse00_seed3,187,0.0,11.432641224388952,11.432641224388952,471.4918571486927,2.042810365310288e-14,482.92449837308163,0.737617,460.145101,0.0,460.882718
2026-07-16_ttft_component_regression/phase1/input4000_rate2p5_reuse00_seed3,210,0.018967575415456194,6.101033171220881,6.120000746636338,471.4918571486927,2.042810365310288e-14,477.611857895329,8.604127,461.14369,0.0,469.747817
2026-07-16_ttft_component_regression/phase1/input4000_rate2p5_reuse00_seed3,243,0.0,0.0,0.0,471.4918571486927,2.042810365310288e-14,471.4918571486927,0.029631,451.770515,0.0,451.800146
2026-07-16_ttft_component_regression/phase1/input4000_rate2p5_reuse00_seed3,264,0.02018690407355432,6.246374392624113,6.266561296697668,471.4918571486927,2.042810365310288e-14,477.75841844539036,7.764241,457.746016,0.0,465.510257
2026-07-16_ttft_component_regression/phase1/input4000_rate2p5_reuse00_seed3,278,0.019546961588548472,6.168592279941651,6.188139241530199,471.4918571486927,2.042810365310288e-14,477.6799963902229,14.882222,454.366115,0.0,469.248337
2026-07-16_ttft_component_regression/phase1/input4000_rate2p5_reuse00_seed3,283,0.019200590725855837,15.050430222721294,15.06963081344715,471.4918571486927,2.042810365310288e-14,486.56148796213984,12.43387,454.580555,0.0,467.014425
2026-07-16_ttft_component_regression/phase1/input4000_rate2p5_reuse00_seed3,299,0.018190147421519025,15.102930936026825,15.121121083448344,471.4918571486927,2.042810365310288e-14,486.612978232141,18.082358,455.774706,0.0,473.857064
2026-07-16_ttft_component_regression/phase1/input4000_rate2p5_reuse00_seed3,13,0.0,0.0,0.0,471.4918571486927,2.042810365310288e-14,471.4918571486927,0.021906,439.218678,0.0,439.240584
2026-07-16_ttft_component_regression/phase1/input4000_rate2p5_reuse00_seed3,28,0.0,15.292960395696225,15.292960395696225,471.4918571486927,2.042810365310288e-14,486.78481754438894,2.668848,451.552393,0.0,454.221241
2026-07-16_ttft_component_regression/phase1/input4000_rate2p5_reuse00_seed3,17,0.020449396813399082,6.279359641924356,6.299809038737755,471.4918571486927,2.042810365310288e-14,477.79166618743045,10.814463,444.308319,0.0,455.122782
2026-07-16_ttft_component_regression/phase1/input4000_rate2p5_reuse00_seed3,21,0.017786062018411423,15.120873326990024,15.138659389008435,471.4918571486927,2.042810365310288e-14,486.6305165377011,5.567219,448.563992,0.0,454.131211
2026-07-16_ttft_component_regression/phase1/input4000_rate2p5_reuse00_seed3,64,0.0,15.242766842994273,15.242766842994273,471.4918571486927,2.042810365310288e-14,486.734623991687,49.612906,678.737503,0.0,728.350409
2026-07-16_ttft_component_regression/phase1/input4000_rate2p5_reuse00_seed3,62,0.016953237358495847,15.153075657063647,15.170028894422144,471.4918571486927,2.042810365310288e-14,486.66188604311486,83.335659,453.945403,0.0,537.281062
2026-07-16_ttft_component_regression/phase1/input4000_rate2p5_reuse00_seed3,59,0.02142961387080448,6.409136310044154,6.430565923914958,471.4918571486927,2.042810365310288e-14,477.92242307260767,4.939566,446.696031,0.0,451.635597
2026-07-16_ttft_component_regression/phase1/input4000_rate2p5_reuse00_seed3,77,0.0,15.314990019078726,15.314990019078726,471.4918571486927,2.042810365310288e-14,486.8068471677714,3.745523,451.813065,0.0,455.558588
2026-07-16_ttft_component_regression/phase1/input4000_rate2p5_reuse00_seed3,103,0.018741576117323848,15.075719285591102,15.094460861708425,471.4918571486927,2.042810365310288e-14,486.5863180104011,13.064854,454.923899,0.0,467.988753
2026-07-16_ttft_component_regression/phase1/input4000_rate2p5_reuse00_seed3,111,0.0,12.147722080430606,12.147722080430606,471.4918571486927,2.042810365310288e-14,483.6395792291233,59.574803,452.963469,0.0,512.538272
2026-07-16_ttft_component_regression/phase1/input4000_rate2p5_reuse00_seed3,108,0.018507319425199828,15.087682033583436,15.106189353008636,471.4918571486927,2.042810365310288e-14,486.59804650170133,5.368815,448.4694,0.0,453.838215
2026-07-16_ttft_component_regression/phase1/input4000_rate2p5_reuse00_seed3,109,0.0,15.292960395696225,15.292960395696225,471.4918571486927,2.042810365310288e-14,486.78481754438894,16.692036,451.101545,0.0,467.793581
2026-07-16_ttft_component_regression/phase1/input4000_rate2p5_reuse00_seed3,105,0.0,15.281879263905845,15.281879263905845,471.4918571486927,2.042810365310288e-14,486.77373641259857,16.919942,680.049695,0.0,696.969637
2026-07-16_ttft_component_regression/phase1/input4000_rate2p5_reuse00_seed3,117,0.0,11.464501151993085,11.464501151993085,471.4918571486927,2.042810365310288e-14,482.9563583006858,9.489033,456.407177,0.0,465.89621
2026-07-16_ttft_component_regression/phase1/input4000_rate2p5_reuse00_seed3,155,0.02027518277116423,6.257393071291487,6.277668254062651,471.4918571486927,2.042810365310288e-14,477.76952540275533,7.482108,444.357823,0.0,451.839931
2026-07-16_ttft_component_regression/phase1/input4000_rate2p5_reuse00_seed3,151,0.0,0.0,0.0,471.4918571486927,2.042810365310288e-14,471.4918571486927,0.001637,439.218678,0.0,439.220315
2026-07-16_ttft_component_regression/phase1/input4000_rate2p5_reuse00_seed3,164,0.01881896331864269,15.07163100199334,15.090449965311983,471.4918571486927,2.042810365310288e-14,486.58230711400466,7.446386,457.109208,0.0,464.555594
2026-07-16_ttft_component_regression/phase1/input4000_rate2p5_reuse00_seed3,167,0.0,15.358486157985883,15.358486157985883,471.4918571486927,2.042810365310288e-14,486.8503433066786,14.76388,457.928553,0.0,472.692433
2026-07-16_ttft_component_regression/phase1/input4000_rate2p5_reuse00_seed3,195,0.019124978308521983,15.054771926685078,15.0738969049936,471.4918571486927,2.042810365310288e-14,486.5657540536863,2.693523,457.855339,0.0,460.548862
2026-07-16_ttft_component_regression/phase1/input4000_rate2p5_reuse00_seed3,192,0.018895998713600867,15.06749221490119,15.086388213614791,471.4918571486927,2.042810365310288e-14,486.5782453623075,0.045981,463.684918,0.0,463.730899
2026-07-16_ttft_component_regression/phase1/input4000_rate2p5_reuse00_seed3,201,0.018190147421519025,15.102930936026825,15.121121083448344,471.4918571486927,2.042810365310288e-14,486.612978232141,12.536918,455.290283,0.0,467.827201
2026-07-16_ttft_component_regression/phase1/input4000_rate2p5_reuse00_seed3,211,0.0,15.309499555636263,15.309499555636263,471.4918571486927,2.042810365310288e-14,486.80135670432895,10.381237,457.689111,0.0,468.070348
2026-07-16_ttft_component_regression/phase1/input4000_rate2p5_reuse00_seed3,231,0.0,15.259590143948019,15.259590143948019,471.4918571486927,2.042810365310288e-14,486.7514472926407,17.130152,463.436812,0.0,480.566964
2026-07-16_ttft_component_regression/phase1/input4000_rate2p5_reuse00_seed3,235,0.0,15.298484598876035,15.298484598876035,471.4918571486927,2.042810365310288e-14,486.79034174756873,17.962524,459.681291,0.0,477.643815
2026-07-16_ttft_component_regression/phase1/input4000_rate2p5_reuse00_seed3,253,0.01881896331864269,15.07163100199334,15.090449965311983,471.4918571486927,2.042810365310288e-14,486.58230711400466,16.138226,461.695952,0.0,477.834178
2026-07-16_ttft_component_regression/phase1/input4000_rate2p5_reuse00_seed3,257,0.0,15.353092071631327,15.353092071631327,471.4918571486927,2.042810365310288e-14,486.84494922032405,19.288053,461.920107,0.0,481.20816
2026-07-16_ttft_component_regression/phase1/input4000_rate2p5_reuse00_seed3,281,0.0,0.0,0.0,471.4918571486927,2.042810365310288e-14,471.4918571486927,0.000414,453.232166,0.0,453.23258
2026-07-16_ttft_component_regression/phase1/input4000_rate2p5_reuse00_seed3,291,0.021273938097490664,6.387751480895143,6.409025418992633,471.4918571486927,2.042810365310288e-14,477.90088256768536,2.640237,455.214842,0.0,457.855079
2026-07-16_ttft_component_regression/phase1/input4000_rate2p5_reuse00_seed3,294,0.0170379660246163,15.150074254798495,15.167112220823112,471.4918571486927,2.042810365310288e-14,486.65896936951583,11.904503,460.10778,0.0,472.012283
2026-07-16_ttft_component_regression/phase1/input4000_rate2p5_reuse00_seed3,296,0.0,15.168910664553694,15.168910664553694,471.4918571486927,2.042810365310288e-14,486.6607678132464,36.15084,689.561087,0.0,725.711927
2026-07-16_ttft_component_regression/phase1/input4000_rate2p5_reuse00_seed3,16,0.0,0.0,0.0,471.4918571486927,2.042810365310288e-14,471.4918571486927,0.00112,439.218678,0.0,439.219798
2026-07-16_ttft_component_regression/phase1/input4000_rate2p5_reuse00_seed3,25,0.019260848833085223,6.134913723402301,6.154174572235386,471.4918571486927,2.042810365310288e-14,477.6460317209281,2.224185,444.770207,0.0,446.994392
2026-07-16_ttft_component_regression/phase1/input4000_rate2p5_reuse00_seed3,33,0.01897268072705958,15.063302833410434,15.082275514137494,471.4918571486927,2.042810365310288e-14,486.5741326628302,0.66061,448.998776,0.0,449.659386
2026-07-16_ttft_component_regression/phase1/input4000_rate2p5_reuse00_seed3,52,0.017786062018411423,15.120873326990024,15.138659389008435,471.4918571486927,2.042810365310288e-14,486.6305165377011,2.366756,449.769944,0.0,452.1367
2026-07-16_ttft_component_regression/phase1/input4000_rate2p5_reuse00_seed3,60,0.01794870121423539,15.113844859691904,15.13179356090614,471.4918571486927,2.042810365310288e-14,486.62365070959885,0.12703,449.56876,0.0,449.69579
2026-07-16_ttft_component_regression/phase1/input4000_rate2p5_reuse00_seed3,71,0.018507319425199828,15.087682033583436,15.106189353008636,471.4918571486927,2.042810365310288e-14,486.59804650170133,4.13965,449.306648,0.0,453.446298
2026-07-16_ttft_component_regression/phase1/input4000_rate2p5_reuse00_seed3,129,0.0,0.0,0.0,471.4918571486927,2.042810365310288e-14,471.4918571486927,0.000142,439.218678,0.0,439.21882
2026-07-16_ttft_component_regression/phase1/input4000_rate2p5_reuse00_seed3,145,0.021034677130092858,6.355489128678693,6.376523805808786,471.4918571486927,2.042810365310288e-14,477.8683809545015,17.20199,446.187007,0.0,463.388997
2026-07-16_ttft_component_regression/phase1/input4000_rate2p5_reuse00_seed3,159,0.021034677130092858,6.355489128678693,6.376523805808786,471.4918571486927,2.042810365310288e-14,477.8683809545015,12.372005,444.889631,0.0,457.261636
2026-07-16_ttft_component_regression/phase1/input4000_rate2p5_reuse00_seed3,174,0.018507319425199828,15.087682033583436,15.106189353008636,471.4918571486927,2.042810365310288e-14,486.59804650170133,10.278804,450.053656,0.0,460.33246
2026-07-16_ttft_component_regression/phase1/input4000_rate2p5_reuse00_seed3,202,0.02009784253494618,6.235332250430866,6.255430092965812,471.4918571486927,2.042810365310288e-14,477.7472872416585,7.54242,444.356799,0.0,451.899219
2026-07-16_ttft_component_regression/phase1/input4000_rate2p5_reuse00_seed3,199,0.019640747172753194,6.179773092616146,6.199413839788899,471.4918571486927,2.042810365310288e-14,477.6912709884816,8.002901,445.897535,0.0,453.900436
2026-07-16_ttft_component_regression/phase1/input4000_rate2p5_reuse00_seed3,212,0.0,15.390578736257908,15.390578736257908,471.4918571486927,2.042810365310288e-14,486.8824358849506,11.711399,451.433321,0.0,463.14472
2026-07-16_ttft_component_regression/phase1/input4000_rate2p5_reuse00_seed3,207,0.019049007783799723,15.059062767229934,15.078111775013733,471.4918571486927,2.042810365310288e-14,486.5699689237064,11.976362,448.667064,0.0,460.643426
2026-07-16_ttft_component_regression/phase1/input4000_rate2p5_reuse00_seed3,228,0.0,12.206041738917788,12.206041738917788,471.4918571486927,2.042810365310288e-14,483.6978988876105,2.543291,454.357517,0.0,456.900808
2026-07-16_ttft_component_regression/phase1/input4000_rate2p5_reuse00_seed3,236,0.002118604753702003,12.621725886586429,12.623844491340131,471.4918571486927,2.042810365310288e-14,484.11570164003285,37.928118,463.667292,0.0,501.59541
2026-07-16_ttft_component_regression/phase1/input4000_rate2p5_reuse00_seed3,234,0.0,11.424710165031353,11.424710165031353,471.4918571486927,2.042810365310288e-14,482.91656731372404,6.94485,458.101481,0.0,465.046331
2026-07-16_ttft_component_regression/phase1/input4000_rate2p5_reuse00_seed3,241,0.0,15.432602436089631,15.432602436089631,471.4918571486927,2.042810365310288e-14,486.9244595847823,17.58515,456.021856,0.0,473.607006
2026-07-16_ttft_component_regression/phase1/input4000_rate2p5_reuse00_seed3,248,0.0,12.237571404172407,12.237571404172407,471.4918571486927,2.042810365310288e-14,483.7294285528651,10.539927,457.953299,0.0,468.493226
2026-07-16_ttft_component_regression/phase1/input4000_rate2p5_reuse00_seed3,249,0.0,11.402362104601316,11.402362104601316,471.4918571486927,2.042810365310288e-14,482.894219253294,162.369949,465.091243,0.0,627.461192
2026-07-16_ttft_component_regression/phase1/input4000_rate2p5_reuse00_seed3,258,0.0,11.413264075348847,11.413264075348847,471.4918571486927,2.042810365310288e-14,482.9051212240415,0.158267,466.432112,0.0,466.590379
2026-07-16_ttft_component_regression/phase1/input4000_rate2p5_reuse00_seed3,262,0.0,11.438746367987788,11.438746367987788,471.4918571486927,2.042810365310288e-14,482.9306035166805,9.586444,471.903742,0.0,481.490186
2026-07-16_ttft_component_regression/phase1/input4000_rate2p5_reuse00_seed3,259,0.0032130141088438893,12.672516471731441,12.675729485840286,471.4918571486927,2.042810365310288e-14,484.167586634533,207.890616,473.77749,0.0,681.668106
2026-07-16_ttft_component_regression/phase1/input4000_rate2p5_reuse00_seed3,293,0.0,11.47585734046187,11.47585734046187,471.4918571486927,2.042810365310288e-14,482.96771448915456,17.47229,472.097385,0.0,489.569675
2026-07-16_ttft_component_regression/phase1/input4000_rate2p5_reuse00_seed3,288,0.0,15.298484598876035,15.298484598876035,471.4918571486927,2.042810365310288e-14,486.79034174756873,16.239182,464.847357,0.0,481.086539
2026-07-16_ttft_component_regression/phase1/input4000_rate2p5_reuse00_seed3,289,0.0,12.121067141142648,12.121067141142648,471.4918571486927,2.042810365310288e-14,483.61292428983535,157.283433,695.955974,0.0,853.239407
2026-07-16_ttft_component_regression/phase1/input6000_rate2p5_reuse00_seed1,7,0.0,13.191302485180602,13.191302485180602,768.9778816891909,8.43769498715119e-15,782.1691841743715,167.57267,699.452954,0.0,867.025624
2026-07-16_ttft_component_regression/phase1/input6000_rate2p5_reuse00_seed1,5,0.0191931557903145,7.5129538694282685,7.532147025218583,768.9778816891909,8.43769498715119e-15,776.5100287144095,17.095302,694.00718,0.0,711.102482
2026-07-16_ttft_component_regression/phase1/input6000_rate2p5_reuse00_seed1,3,0.0,0.2992596639007519,0.2992596639007519,768.9778816891909,8.43769498715119e-15,769.2771413530917,0.034336,676.342498,0.0,676.376834
2026-07-16_ttft_component_regression/phase1/input6000_rate2p5_reuse00_seed1,48,0.0,0.18371313147071594,0.18371313147071594,768.9778816891909,8.43769498715119e-15,769.1615948206617,0.008406,676.342498,0.0,676.350904
2026-07-16_ttft_component_regression/phase1/input6000_rate2p5_reuse00_seed1,85,0.0,0.18371313147071594,0.18371313147071594,768.9778816891909,8.43769498715119e-15,769.1615948206617,0.017596,676.342498,0.0,676.360094
2026-07-16_ttft_component_regression/phase1/input6000_rate2p5_reuse00_seed1,94,0.019880712409818164,6.905110945400425,6.924991657810243,768.9778816891909,8.43769498715119e-15,775.9028733470011,6.649173,694.200076,0.0,700.849249
2026-07-16_ttft_component_regression/phase1/input6000_rate2p5_reuse00_seed1,101,0.0,12.074755517488292,12.074755517488292,768.9778816891909,8.43769498715119e-15,781.0526372066792,146.423947,705.58702,0.0,852.010967
2026-07-16_ttft_component_regression/phase1/input6000_rate2p5_reuse00_seed1,99,0.0,12.27251522342626,12.27251522342626,768.9778816891909,8.43769498715119e-15,781.2503969126171,1.261672,699.927514,0.0,701.189186
2026-07-16_ttft_component_regression/phase1/input6000_rate2p5_reuse00_seed1,117,0.014039720202422116,12.299732613222265,12.313772333424687,768.9778816891909,8.43769498715119e-15,781.2916540226156,12.18474,710.810094,0.0,722.994834
2026-07-16_ttft_component_regression/phase1/input6000_rate2p5_reuse00_seed1,127,0.0,17.423093078501065,17.423093078501065,768.9778816891909,8.43769498715119e-15,786.400974767692,242.030234,970.93606,0.0,1212.966294
2026-07-16_ttft_component_regression/phase1/input6000_rate2p5_reuse00_seed1,125,0.04675142710080437,15.893409868618436,15.940161295719241,768.9778816891909,8.43769498715119e-15,784.9180429849101,22.097704,730.767433,0.0,752.865137
2026-07-16_ttft_component_regression/phase1/input6000_rate2p5_reuse00_seed1,179,0.0,0.18371313147071594,0.18371313147071594,768.9778816891909,8.43769498715119e-15,769.1615948206617,0.002141,682.364915,0.0,682.367056
2026-07-16_ttft_component_regression/phase1/input6000_rate2p5_reuse00_seed1,183,0.020067024768223037,6.896065447947887,6.91613247271611,768.9778816891909,8.43769498715119e-15,775.894014161907,156.639659,709.489306,0.0,866.128965
2026-07-16_ttft_component_regression/phase1/input6000_rate2p5_reuse00_seed1,195,0.0,11.728748586094314,11.728748586094314,768.9778816891909,8.43769498715119e-15,780.7066302752852,13.485662,732.83362,0.0,746.319282
2026-07-16_ttft_component_regression/phase1/input6000_rate2p5_reuse00_seed1,196,0.0,184.00652129913846,184.00652129913846,768.9778816891909,8.43769498715119e-15,952.9844029883293,477.950405,964.035149,0.0,1441.985554
2026-07-16_ttft_component_regression/phase1/input6000_rate2p5_reuse00_seed1,202,0.018142705494122557,11.81269732190581,11.830840027399933,768.9778816891909,8.43769498715119e-15,780.8087217165909,18.801369,714.240553,0.0,733.041922
2026-07-16_ttft_component_regression/phase1/input6000_rate2p5_reuse00_seed1,217,0.04906796112010539,14.091404820533885,14.14047278165399,768.9778816891909,8.43769498715119e-15,783.1183544708449,20.379945,727.815867,0.0,748.195812
2026-07-16_ttft_component_regression/phase1/input6000_rate2p5_reuse00_seed1,231,0.0,17.45995887708492,17.45995887708492,768.9778816891909,8.43769498715119e-15,786.4378405662758,2.193922,737.199756,0.0,739.393678
2026-07-16_ttft_component_regression/phase1/input6000_rate2p5_reuse00_seed1,223,0.0,16.680066043564207,16.680066043564207,768.9778816891909,8.43769498715119e-15,785.6579477327551,21.84753,739.695589,0.0,761.543119
2026-07-16_ttft_component_regression/phase1/input6000_rate2p5_reuse00_seed1,254,0.0,11.665676508863312,11.665676508863312,768.9778816891909,8.43769498715119e-15,780.6435581980542,3.834132,710.792296,0.0,714.626428
2026-07-16_ttft_component_regression/phase1/input6000_rate2p5_reuse00_seed1,275,0.0,11.653074779226076,11.653074779226076,768.9778816891909,8.43769498715119e-15,780.630956468417,5.982906,728.831126,0.0,734.814032
2026-07-16_ttft_component_regression/phase1/input6000_rate2p5_reuse00_seed1,271,0.0,11.61539469191544,11.61539469191544,768.9778816891909,8.43769498715119e-15,780.5932763811063,16.989681,705.690492,0.0,722.680173
2026-07-16_ttft_component_regression/phase1/input6000_rate2p5_reuse00_seed1,277,0.0,11.571740354782243,11.571740354782243,768.9778816891909,8.43769498715119e-15,780.5496220439732,427.481022,969.402834,0.0,1396.883856
2026-07-16_ttft_component_regression/phase1/input6000_rate2p5_reuse00_seed1,288,0.017894708250715395,12.500305646307508,12.518200354558223,768.9778816891909,8.43769498715119e-15,781.4960820437491,14.483831,726.921189,0.0,741.40502
2026-07-16_ttft_component_regression/phase1/input6000_rate2p5_reuse00_seed1,6,0.0,0.2992596639007519,0.2992596639007519,768.9778816891909,8.43769498715119e-15,769.2771413530917,0.00646,676.342498,0.0,676.348958
2026-07-16_ttft_component_regression/phase1/input6000_rate2p5_reuse00_seed1,40,0.0,0.175938715168265,0.175938715168265,768.9778816891909,8.43769498715119e-15,769.1538204043592,0.004123,676.342498,0.0,676.346621
2026-07-16_ttft_component_regression/phase1/input6000_rate2p5_reuse00_seed1,62,0.0,12.066795071474312,12.066795071474312,768.9778816891909,8.43769498715119e-15,781.0446767606652,9.513113,705.906636,0.0,715.419749
2026-07-16_ttft_component_regression/phase1/input6000_rate2p5_reuse00_seed1,57,0.0,12.27251522342626,12.27251522342626,768.9778816891909,8.43769498715119e-15,781.2503969126171,12.465214,700.274554,0.0,712.739768
2026-07-16_ttft_component_regression/phase1/input6000_rate2p5_reuse00_seed1,67,0.013187142195675012,12.25686110810461,12.270048250300285,768.9778816891909,8.43769498715119e-15,781.2479299394912,13.184003,710.05499,0.0,723.238993
2026-07-16_ttft_component_regression/phase1/input6000_rate2p5_reuse00_seed1,55,0.019562743356939777,6.919746711627376,6.939309454984316,768.9778816891909,8.43769498715119e-15,775.9171911441753,11.111,695.347308,0.0,706.458308
2026-07-16_ttft_component_regression/phase1/input6000_rate2p5_reuse00_seed1,83,0.046567113072109555,14.684281728154524,14.730848841226633,768.9778816891909,8.43769498715119e-15,783.7087305304175,8.287978,717.287858,0.0,725.575836
2026-07-16_ttft_component_regression/phase1/input6000_rate2p5_reuse00_seed1,87,0.0004725795290267893,17.388101855856856,17.388574435385884,768.9778816891909,8.43769498715119e-15,786.3664561245768,19.547761,723.510698,0.0,743.058459
2026-07-16_ttft_component_regression/phase1/input6000_rate2p5_reuse00_seed1,75,0.014525622580373463,12.32439612741972,12.338921750000093,768.9778816891909,8.43769498715119e-15,781.316803439191,16.152866,710.25211,0.0,726.404976
2026-07-16_ttft_component_regression/phase1/input6000_rate2p5_reuse00_seed1,96,0.0,18.953226180914683,18.953226180914683,768.9778816891909,8.43769498715119e-15,787.9311078701056,15.888086,729.834786,0.0,745.722872
2026-07-16_ttft_component_regression/phase1/input6000_rate2p5_reuse00_seed1,105,0.03901029818106741,20.30582274797174,20.344833046152807,768.9778816891909,8.43769498715119e-15,789.3227147353437,24.641046,752.458996,0.0,777.100042
2026-07-16_ttft_component_regression/phase1/input6000_rate2p5_reuse00_seed1,110,499.20567743405076,24.320209431005182,523.5258868650559,768.9778816891909,8.43769498715119e-15,1292.5037685542468,463.443775,763.555339,0.0,1226.999114
2026-07-16_ttft_component_regression/phase1/input6000_rate2p5_reuse00_seed1,102,0.0,19.490554062085714,19.490554062085714,768.9778816891909,8.43769498715119e-15,788.4684357512766,24.893347,735.308117,0.0,760.201464
2026-07-16_ttft_component_regression/phase1/input6000_rate2p5_reuse00_seed1,108,0.44309293578296377,22.368550997788013,22.811643933570977,768.9778816891909,8.43769498715119e-15,791.7895256227619,202.739178,769.509571,0.0,972.248749
2026-07-16_ttft_component_regression/phase1/input6000_rate2p5_reuse00_seed1,133,0.040904543642763275,20.321840060990198,20.36274460463296,768.9778816891909,8.43769498715119e-15,789.3406262938239,323.252981,1011.861241,0.0,1335.114222
2026-07-16_ttft_component_regression/phase1/input6000_rate2p5_reuse00_seed1,132,0.0,19.496270557968952,19.496270557968952,768.9778816891909,8.43769498715119e-15,788.4741522471599,20.396557,751.42212,0.0,771.818677
2026-07-16_ttft_component_regression/phase1/input6000_rate2p5_reuse00_seed1,155,0.0460173316817958,20.36483230437418,20.410849636055975,768.9778816891909,8.43769498715119e-15,789.3887313252469,9.347164,754.035317,0.0,763.382481
2026-07-16_ttft_component_regression/phase1/input6000_rate2p5_reuse00_seed1,146,0.05319400608771505,20.42459816058333,20.477792166671044,768.9778816891909,8.43769498715119e-15,789.455673855862,0.207557,752.605858,0.0,752.813415
2026-07-16_ttft_component_regression/phase1/input6000_rate2p5_reuse00_seed1,135,0.4457129843897497,22.38107236185658,22.826785346246332,768.9778816891909,8.43769498715119e-15,791.8046670354372,18.059572,771.164367,0.0,789.223939
2026-07-16_ttft_component_regression/phase1/input6000_rate2p5_reuse00_seed1,164,0.0,18.971654198251457,18.971654198251457,768.9778816891909,8.43769498715119e-15,787.9495358874424,13.858419,742.90887,0.0,756.767289
2026-07-16_ttft_component_regression/phase1/input6000_rate2p5_reuse00_seed1,169,0.0,19.529963718512306,19.529963718512306,768.9778816891909,8.43769498715119e-15,788.5078454077031,20.745786,746.073184,0.0,766.81897
2026-07-16_ttft_component_regression/phase1/input6000_rate2p5_reuse00_seed1,209,0.0,18.1211522653265,18.1211522653265,768.9778816891909,8.43769498715119e-15,787.0990339545174,0.281817,736.940952,0.0,737.222769
2026-07-16_ttft_component_regression/phase1/input6000_rate2p5_reuse00_seed1,189,0.0,18.649854832165683,18.649854832165683,768.9778816891909,8.43769498715119e-15,787.6277365213566,23.511853,745.378336,0.0,768.890189
2026-07-16_ttft_component_regression/phase1/input6000_rate2p5_reuse00_seed1,203,0.0,16.697015403630466,16.697015403630466,768.9778816891909,8.43769498715119e-15,785.6748970928213,12.626788,737.618748,0.0,750.245536
2026-07-16_ttft_component_regression/phase1/input6000_rate2p5_reuse00_seed1,228,0.01645838927513168,12.42422797996012,12.440686369235252,768.9778816891909,8.43769498715119e-15,781.4185680584261,20.752519,728.087944,0.0,748.840463
2026-07-16_ttft_component_regression/phase1/input6000_rate2p5_reuse00_seed1,233,0.015373463003472695,12.367842782617805,12.383216245621277,768.9778816891909,8.43769498715119e-15,781.3610979348122,18.385518,733.009923,0.0,751.395441
2026-07-16_ttft_component_regression/phase1/input6000_rate2p5_reuse00_seed1,235,0.046589681750084405,14.746633798556795,14.79322348030688,768.9778816891909,8.43769498715119e-15,783.7711051694978,239.118553,733.845297,0.0,972.96385
2026-07-16_ttft_component_regression/phase1/input6000_rate2p5_reuse00_seed1,266,0.0,12.262626457453493,12.262626457453493,768.9778816891909,8.43769498715119e-15,781.2405081466444,16.779389,706.034734,0.0,722.814123
2026-07-16_ttft_component_regression/phase1/input6000_rate2p5_reuse00_seed1,284,0.018624336185918692,6.957829431056098,6.976453767242017,768.9778816891909,8.43769498715119e-15,775.9543354564329,11.275662,697.993081,0.0,709.268743
2026-07-16_ttft_component_regression/phase1/input6000_rate2p5_reuse00_seed1,298,0.0,11.6593738413331,11.6593738413331,768.9778816891909,8.43769498715119e-15,780.637255530524,1.7054,717.93692,0.0,719.64232
2026-07-16_ttft_component_regression/phase1/input6000_rate2p5_reuse00_seed1,10,0.0,0.26880632957273204,0.26880632957273204,768.9778816891909,8.43769498715119e-15,769.2466880187636,0.001792,676.342498,0.0,676.34429
2026-07-16_ttft_component_regression/phase1/input6000_rate2p5_reuse00_seed1,29,0.020408245083327912,7.45377831250381,7.474186557587138,768.9778816891909,8.43769498715119e-15,776.452068246778,13.978018,708.480975,0.0,722.458993
2026-07-16_ttft_component_regression/phase1/input6000_rate2p5_reuse00_seed1,33,0.0,13.01902084752928,13.01902084752928,768.9778816891909,8.43769498715119e-15,781.9969025367202,7.442011,706.332492,0.0,713.774503
2026-07-16_ttft_component_regression/phase1/input6000_rate2p5_reuse00_seed1,30,0.0,13.219565944214821,13.219565944214821,768.9778816891909,8.43769498715119e-15,782.1974476334058,63.336866,940.138596,0.0,1003.475462
2026-07-16_ttft_component_regression/phase1/input6000_rate2p5_reuse00_seed1,39,0.0,12.093558332111668,12.093558332111668,768.9778816891909,8.43769498715119e-15,781.0714400213026,7.269665,706.012684,0.0,713.282349
2026-07-16_ttft_component_regression/phase1/input6000_rate2p5_reuse00_seed1,86,0.0,0.175938715168265,0.175938715168265,768.9778816891909,8.43769498715119e-15,769.1538204043592,0.002745,676.342498,0.0,676.345243
2026-07-16_ttft_component_regression/phase1/input6000_rate2p5_reuse00_seed1,97,0.020005296512144877,6.8991026830693265,6.919107979581471,768.9778816891909,8.43769498715119e-15,775.8969896687723,10.472381,694.408172,0.0,704.880553
2026-07-16_ttft_component_regression/phase1/input6000_rate2p5_reuse00_seed1,112,0.04892257845999744,14.229041262521964,14.277963840981961,768.9778816891909,8.43769498715119e-15,783.2558455301729,19.459012,716.336114,0.0,735.795126
2026-07-16_ttft_component_regression/phase1/input6000_rate2p5_reuse00_seed1,103,0.0,12.252737181062527,12.252737181062527,768.9778816891909,8.43769498715119e-15,781.2306188702535,8.846104,699.96889,0.0,708.814994
2026-07-16_ttft_component_regression/phase1/input6000_rate2p5_reuse00_seed1,106,0.0,12.109029717160093,12.109029717160093,768.9778816891909,8.43769498715119e-15,781.086911406351,16.797722,719.013295,0.0,735.811017
2026-07-16_ttft_component_regression/phase1/input6000_rate2p5_reuse00_seed1,107,0.017417331804171272,12.474834163470257,12.492251495274429,768.9778816891909,8.43769498715119e-15,781.4701331844653,383.195352,953.150612,0.0,1336.345964
2026-07-16_ttft_component_regression/phase1/input6000_rate2p5_reuse00_seed1,141,0.04893486183731111,14.222534105539726,14.271468967377038,768.9778816891909,8.43769498715119e-15,783.2493506565679,5.374211,731.06788,0.0,736.442091
2026-07-16_ttft_component_regression/phase1/input6000_rate2p5_reuse00_seed1,154,0.0,17.532497490736425,17.532497490736425,768.9778816891909,8.43769498715119e-15,786.5103791799273,16.864349,743.527318,0.0,760.391667
2026-07-16_ttft_component_regression/phase1/input6000_rate2p5_reuse00_seed1,148,0.046373461873320344,14.94505804252895,14.991431504402271,768.9778816891909,8.43769498715119e-15,783.9693131935932,2.511076,739.500565,0.0,742.011641
2026-07-16_ttft_component_regression/phase1/input6000_rate2p5_reuse00_seed1,171,0.0,12.104534115347954,12.104534115347954,768.9778816891909,8.43769498715119e-15,781.0824158045389,4.422642,736.849258,0.0,741.2719
2026-07-16_ttft_component_regression/phase1/input6000_rate2p5_reuse00_seed1,172,0.01681862373886923,12.443152253250332,12.459970876989201,768.9778816891909,8.43769498715119e-15,781.4378525661801,161.302238,980.870962,0.0,1142.1732
2026-07-16_ttft_component_regression/phase1/input6000_rate2p5_reuse00_seed1,247,0.019754634683942632,6.911031118222191,6.930785752906133,768.9778816891909,8.43769498715119e-15,775.908667442097,3.514862,700.341618,0.0,703.85648
2026-07-16_ttft_component_regression/phase1/input6000_rate2p5_reuse00_seed1,244,0.0,0.2964983710399868,0.2964983710399868,768.9778816891909,8.43769498715119e-15,769.2743800602309,0.009931,690.308673,0.0,690.318604
2026-07-16_ttft_component_regression/phase1/input6000_rate2p5_reuse00_seed1,276,0.0,11.719296615286956,11.719296615286956,768.9778816891909,8.43769498715119e-15,780.6971783044778,12.913408,710.566593,0.0,723.480001
2026-07-16_ttft_component_regression/phase1/input6000_rate2p5_reuse00_seed1,296,0.0,12.285695184525629,12.285695184525629,768.9778816891909,8.43769498715119e-15,781.2635768737165,211.899268,716.51982,0.0,928.419088
2026-07-16_ttft_component_regression/phase1/input6000_rate2p5_reuse00_seed1,299,0.0,11.504760235126708,11.504760235126708,768.9778816891909,8.43769498715119e-15,780.4826419243176,10.459404,724.990636,0.0,735.45004
2026-07-16_ttft_component_regression/phase1/input6000_rate2p5_reuse00_seed1,295,0.019691039398669702,6.913958242452238,6.933649281850908,768.9778816891909,8.43769498715119e-15,775.9115309710418,5.624356,703.544146,0.0,709.168502
2026-07-16_ttft_component_regression/phase1/input6000_rate2p5_reuse00_seed1,0,0.0,0.2909712624110128,0.2909712624110128,768.9778816891909,8.43769498715119e-15,769.268852951602,0.0,676.342498,0.0,676.342498
2026-07-16_ttft_component_regression/phase1/input6000_rate2p5_reuse00_seed1,14,0.020038963538093462,7.473383066247489,7.493422029785583,768.9778816891909,8.43769498715119e-15,776.4713037189765,7.333256,695.013644,0.0,702.3469
2026-07-16_ttft_component_regression/phase1/input6000_rate2p5_reuse00_seed1,28,0.0,13.247819220619801,13.247819220619801,768.9778816891909,8.43769498715119e-15,782.2257009098107,12.641082,700.919354,0.0,713.560436
2026-07-16_ttft_component_regression/phase1/input6000_rate2p5_reuse00_seed1,38,0.019562743356939777,6.919746711627376,6.939309454984316,768.9778816891909,8.43769498715119e-15,775.9171911441753,17.31938,695.08606,0.0,712.40544
2026-07-16_ttft_component_regression/phase1/input6000_rate2p5_reuse00_seed1,50,0.0,13.166602871407102,13.166602871407102,768.9778816891909,8.43769498715119e-15,782.144484560598,14.349244,713.469606,0.0,727.81885
2026-07-16_ttft_component_regression/phase1/input6000_rate2p5_reuse00_seed1,45,0.0,13.177182557566324,13.177182557566324,768.9778816891909,8.43769498715119e-15,782.1550642467572,11.287516,700.486426,0.0,711.773942
2026-07-16_ttft_component_regression/phase1/input6000_rate2p5_reuse00_seed1,52,0.0,12.115885486844354,12.115885486844354,768.9778816891909,8.43769498715119e-15,781.0937671760353,103.046484,947.230884,0.0,1050.277368
2026-07-16_ttft_component_regression/phase1/input6000_rate2p5_reuse00_seed1,77,0.01597695743462191,12.3990956787509,12.415072636185522,768.9778816891909,8.43769498715119e-15,781.3929543253764,14.29549,724.801272,0.0,739.096762
2026-07-16_ttft_component_regression/phase1/input6000_rate2p5_reuse00_seed1,78,0.04657033591923846,14.80864116629835,14.855211502217589,768.9778816891909,8.43769498715119e-15,783.8330931914085,445.772555,963.373092,0.0,1409.145647
2026-07-16_ttft_component_regression/phase1/input6000_rate2p5_reuse00_seed1,111,0.0,11.731897320102764,11.731897320102764,768.9778816891909,8.43769498715119e-15,780.7097790092937,0.165002,701.119418,0.0,701.28442
2026-07-16_ttft_component_regression/phase1/input6000_rate2p5_reuse00_seed1,129,0.02042940829334727,6.877376854464778,6.897806262758126,768.9778816891909,8.43769498715119e-15,775.875687951949,1.003383,694.950892,0.0,695.954275
2026-07-16_ttft_component_regression/phase1/input6000_rate2p5_reuse00_seed1,137,0.0,11.722448145474088,11.722448145474088,768.9778816891909,8.43769498715119e-15,780.700329834665,3.241127,715.18605,0.0,718.427177
2026-07-16_ttft_component_regression/phase1/input6000_rate2p5_reuse00_seed1,153,0.014646941768076694,12.330580635418372,12.345227577186447,768.9778816891909,8.43769498715119e-15,781.3231092663773,461.288524,967.057029,0.0,1428.345553
2026-07-16_ttft_component_regression/phase1/input6000_rate2p5_reuse00_seed1,152,0.0,12.091408441368,12.091408441368,768.9778816891909,8.43769498715119e-15,781.0692901305589,3.082473,735.307498,0.0,738.389971
2026-07-16_ttft_component_regression/phase1/input6000_rate2p5_reuse00_seed1,145,0.0,12.08088630149137,12.08088630149137,768.9778816891909,8.43769498715119e-15,781.0587679906822,7.794962,725.394642,0.0,733.189604
2026-07-16_ttft_component_regression/phase1/input6000_rate2p5_reuse00_seed1,180,0.04658630350270903,14.774236859672193,14.820823163174902,768.9778816891909,8.43769498715119e-15,783.7987048523657,14.978874,728.784039,0.0,743.762913
2026-07-16_ttft_component_regression/phase1/input6000_rate2p5_reuse00_seed1,167,0.04658792792246554,14.767342612616916,14.813930540539381,768.9778816891909,8.43769498715119e-15,783.7918122297302,10.717188,728.867553,0.0,739.584741
2026-07-16_ttft_component_regression/phase1/input6000_rate2p5_reuse00_seed1,188,0.0,16.64816410603092,16.64816410603092,768.9778816891909,8.43769498715119e-15,785.6260457952218,15.984006,730.264052,0.0,746.248058
2026-07-16_ttft_component_regression/phase1/input6000_rate2p5_reuse00_seed1,193,0.0,18.11619386905894,18.11619386905894,768.9778816891909,8.43769498715119e-15,787.0940755582499,8.115703,739.595166,0.0,747.710869
2026-07-16_ttft_component_regression/phase1/input6000_rate2p5_reuse00_seed1,220,0.07059152538328645,19.622634772889388,19.693226298272673,768.9778816891909,8.43769498715119e-15,788.6711079874635,18.705198,753.596802,0.0,772.302
2026-07-16_ttft_component_regression/phase1/input6000_rate2p5_reuse00_seed1,198,0.0,19.538220867958476,19.538220867958476,768.9778816891909,8.43769498715119e-15,788.5161025571493,19.526009,768.125851,0.0,787.65186
2026-07-16_ttft_component_regression/phase1/input6000_rate2p5_reuse00_seed1,200,0.06530639931726422,20.52397288091798,20.589279280235246,768.9778816891909,8.43769498715119e-15,789.5671609694261,89.676429,1027.250319,0.0,1116.926748
2026-07-16_ttft_component_regression/phase1/input6000_rate2p5_reuse00_seed1,210,0.4990563923485177,21.59888507183066,22.09794146417918,768.9778816891909,8.43769498715119e-15,791.07582315337,17.809779,763.935969,0.0,781.745748
2026-07-16_ttft_component_regression/phase1/input6000_rate2p5_reuse00_seed1,229,0.06599281087290086,20.5295495395202,20.5955423503931,768.9778816891909,8.43769498715119e-15,789.573424039584,202.431032,756.21669,0.0,958.647722
2026-07-16_ttft_component_regression/phase1/input6000_rate2p5_reuse00_seed1,241,0.0,18.983417727570156,18.983417727570156,768.9778816891909,8.43769498715119e-15,787.961299416761,22.207283,756.431609,0.0,778.638892
2026-07-16_ttft_component_regression/phase1/input6000_rate2p5_reuse00_seed1,227,0.0,19.570344883517926,19.570344883517926,768.9778816891909,8.43769498715119e-15,788.5482265727088,21.200589,745.394428,0.0,766.595017
2026-07-16_ttft_component_regression/phase1/input6000_rate2p5_reuse00_seed1,263,0.4845302858758747,22.56164122423173,23.046171510107605,768.9778816891909,8.43769498715119e-15,792.0240531992985,21.463527,761.614402,0.0,783.077929
2026-07-16_ttft_component_regression/phase1/input6000_rate2p5_reuse00_seed1,252,0.06806060973009317,20.54631407121124,20.61437468094133,768.9778816891909,8.43769498715119e-15,789.5922563701322,17.362334,760.562746,0.0,777.92508
2026-07-16_ttft_component_regression/phase1/input6000_rate2p5_reuse00_seed1,269,681.2101370406294,24.442827428614102,705.6529644692436,768.9778816891909,8.43769498715119e-15,1474.6308461584345,464.960226,763.715489,0.0,1228.675715
2026-07-16_ttft_component_regression/phase1/input6000_rate2p5_reuse00_seed1,242,0.0,19.572552918610373,19.572552918610373,768.9778816891909,8.43769498715119e-15,788.5504346078013,282.600908,1003.134931,0.0,1285.735839
2026-07-16_ttft_component_regression/phase1/input6000_rate2p5_reuse00_seed1,253,0.5024371226204499,22.64188560790547,23.144322730525918,768.9778816891909,8.43769498715119e-15,792.1222044197168,478.871802,1021.858928,0.0,1500.73073
2026-07-16_ttft_component_regression/phase1/input6000_rate2p5_reuse00_seed1,268,1662.032764910766,24.475751438680557,1686.5085163494466,768.9778816891909,8.43769498715119e-15,2455.4863980386376,809.15868,772.172724,0.0,1581.331404
2026-07-16_ttft_component_regression/phase1/input6000_rate2p5_reuse00_seed1,267,0.5066142983995354,22.660333032685276,23.166947331084813,768.9778816891909,8.43769498715119e-15,792.1448290202757,27.293386,760.054133,0.0,787.347519
2026-07-16_ttft_component_regression/phase1/input6000_rate2p5_reuse00_seed1,297,0.48316587424953444,22.555449005951502,23.038614880201035,768.9778816891909,8.43769498715119e-15,792.016496569392,12.102387,761.789666,0.0,773.892053
2026-07-16_ttft_component_regression/phase1/input6000_rate2p5_reuse00_seed1,286,0.4804426230635202,22.543056579253815,23.023499202317335,768.9778816891909,8.43769498715119e-15,792.0013808915082,18.848781,769.837585,0.0,788.686366
2026-07-16_ttft_component_regression/phase1/input6000_rate2p5_reuse00_seed1,2,0.0,0.26325201331421655,0.26325201331421655,768.9778816891909,8.43769498715119e-15,769.2411337025051,0.00978,689.692786,0.0,689.702566
2026-07-16_ttft_component_regression/phase1/input6000_rate2p5_reuse00_seed1,9,0.0,13.219565944214821,13.219565944214821,768.9778816891909,8.43769498715119e-15,782.1974476334058,15.557945,699.839386,0.0,715.397331
2026-07-16_ttft_component_regression/phase1/input6000_rate2p5_reuse00_seed1,4,0.019656237301291086,7.492138049562413,7.5117942868637035,768.9778816891909,8.43769498715119e-15,776.4896759760546,191.82647,927.033461,0.0,1118.859931
2026-07-16_ttft_component_regression/phase1/input6000_rate2p5_reuse00_seed1,15,0.0,13.027946025979793,13.027946025979793,768.9778816891909,8.43769498715119e-15,782.0058277151707,6.252497,705.774348,0.0,712.026845
2026-07-16_ttft_component_regression/phase1/input6000_rate2p5_reuse00_seed1,22,0.016375512527437443,13.375766181010311,13.392141693537749,768.9778816891909,8.43769498715119e-15,782.3700233827286,11.78602,709.94395,0.0,721.72997
2026-07-16_ttft_component_regression/phase1/input6000_rate2p5_reuse00_seed1,31,0.0,18.799835842674188,18.799835842674188,768.9778816891909,8.43769498715119e-15,787.777717531865,3.174508,724.079466,0.0,727.253974
2026-07-16_ttft_component_regression/phase1/input6000_rate2p5_reuse00_seed1,37,0.4820332462569736,24.242131632009066,24.72416487826604,768.9778816891909,8.43769498715119e-15,793.7020465674569,335.200056,996.459123,0.0,1331.659179
2026-07-16_ttft_component_regression/phase1/input6000_rate2p5_reuse00_seed1,27,0.04668821037282923,15.996491817710096,16.043180028082926,768.9778816891909,8.43769498715119e-15,785.0210617172738,12.83508,717.098322,0.0,729.933402
2026-07-16_ttft_component_regression/phase1/input6000_rate2p5_reuse00_seed1,35,0.0,21.03046711065698,21.03046711065698,768.9778816891909,8.43769498715119e-15,790.0083487998479,206.797532,744.42746,0.0,951.224992
2026-07-16_ttft_component_regression/phase1/input6000_rate2p5_reuse00_seed1,46,0.4820332462569736,24.242131632009066,24.72416487826604,768.9778816891909,8.43769498715119e-15,793.7020465674569,26.262423,756.89079,0.0,783.153213
2026-07-16_ttft_component_regression/phase1/input6000_rate2p5_reuse00_seed1,36,0.06822633675532225,22.09520689235606,22.163433229111384,768.9778816891909,8.43769498715119e-15,791.1413149183023,147.370685,1019.277635,0.0,1166.64832
2026-07-16_ttft_component_regression/phase1/input6000_rate2p5_reuse00_seed1,34,0.0,20.419181912447446,20.419181912447446,768.9778816891909,8.43769498715119e-15,789.3970636016384,20.347963,730.04797,0.0,750.395933
2026-07-16_ttft_component_regression/phase1/input6000_rate2p5_reuse00_seed1,53,10498.531579317252,25.539568073382732,10524.071147390636,768.9778816891909,8.43769498715119e-15,11293.049029079826,1672.973636,772.182897,0.0,2445.156533
2026-07-16_ttft_component_regression/phase1/input6000_rate2p5_reuse00_seed1,51,0.4820332462569736,24.242131632009066,24.72416487826604,768.9778816891909,8.43769498715119e-15,793.7020465674569,13.888061,773.698284,0.0,787.586345
2026-07-16_ttft_component_regression/phase1/input6000_rate2p5_reuse00_seed1,56,9443.38808001099,25.559970062307197,9468.948050073297,768.9778816891909,8.43769498715119e-15,10237.925931762487,3535.025272,775.450196,0.0,4310.475468
2026-07-16_ttft_component_regression/phase1/input6000_rate2p5_reuse00_seed1,65,13997.399948780345,25.493463301795135,14022.89341208214,768.9778816891909,8.43769498715119e-15,14791.87129377133,8233.858970000001,756.900242,0.0,8990.759212
2026-07-16_ttft_component_regression/phase1/input6000_rate2p5_reuse00_seed1,64,11077.71593750493,25.50918890880702,11103.225126413738,768.9778816891909,8.43769498715119e-15,11872.203008102928,6065.388834,765.91214,0.0,6831.300974
2026-07-16_ttft_component_regression/phase1/input6000_rate2p5_reuse00_seed1,68,14962.199242149361,25.50607215761977,14987.70531430698,768.9778816891909,8.43769498715119e-15,15756.683195996171,7667.330693,765.656518,0.0,8432.987211
2026-07-16_ttft_component_regression/phase1/input6000_rate2p5_reuse00_seed1,72,14244.234387380053,25.499796040456403,14269.734183420509,768.9778816891909,8.43769498715119e-15,15038.7120651097,10153.372946,766.262572,0.0,10919.635518
2026-07-16_ttft_component_regression/phase1/input6000_rate2p5_reuse00_seed1,88,7060.766286392144,25.487074179653877,7086.253360571798,768.9778816891909,8.43769498715119e-15,7855.231242260989,7472.568295,766.22865,0.0,8238.796945
2026-07-16_ttft_component_regression/phase1/input6000_rate2p5_reuse00_seed1,114,1753.9061946471345,25.46757089506416,1779.3737655421987,768.9778816891909,8.43769498715119e-15,2548.3516472313895,1039.69047,751.089148,0.0,1790.779618
2026-07-16_ttft_component_regression/phase1/input6000_rate2p5_reuse00_seed1,69,15088.519902637307,25.53360762095049,15114.053510258256,768.9778816891909,8.43769498715119e-15,15883.031391947447,6771.76758,994.223944,0.0,7765.991524
2026-07-16_ttft_component_regression/phase1/input6000_rate2p5_reuse00_seed1,100,6825.621078369948,25.49027577377666,6851.111354143724,768.9778816891909,8.43769498715119e-15,7620.089235832916,5663.496550000001,764.697711,0.0,6428.194261
2026-07-16_ttft_component_regression/phase1/input6000_rate2p5_reuse00_seed1,70,15499.810877194881,25.521513171078627,15525.33239036596,768.9778816891909,8.43769498715119e-15,16294.31027205515,10576.90037,771.502932,0.0,11348.403302
2026-07-16_ttft_component_regression/phase1/input6000_rate2p5_reuse00_seed1,126,0.4316151815075505,23.987941909088075,24.419557090595625,768.9778816891909,8.43769498715119e-15,793.3974387797865,3.820961,762.445643,0.0,766.266604
2026-07-16_ttft_component_regression/phase1/input6000_rate2p5_reuse00_seed1,130,4822.9215021889795,25.44079161544501,4848.362293804425,768.9778816891909,8.43769498715119e-15,5617.340175493616,2749.8952,771.428427,0.0,3521.323627
2026-07-16_ttft_component_regression/phase1/input6000_rate2p5_reuse00_seed1,134,5516.7261930071245,25.470856260097367,5542.197049267222,768.9778816891909,8.43769498715119e-15,6311.174930956413,3757.334464,760.448744,0.0,4517.783208
2026-07-16_ttft_component_regression/phase1/input6000_rate2p5_reuse00_seed1,174,7580.714181153783,25.54547036168748,7606.259651515471,768.9778816891909,8.43769498715119e-15,8375.237533204661,2410.1140530000002,768.50425,0.0,3178.618303
2026-07-16_ttft_component_regression/phase1/input6000_rate2p5_reuse00_seed1,158,6523.4413911086485,25.521513171078627,6548.962904279727,768.9778816891909,8.43769498715119e-15,7317.940785968918,5075.174135,761.550666,0.0,5836.724801
2026-07-16_ttft_component_regression/phase1/input6000_rate2p5_reuse00_seed1,190,2772.712982342436,24.41028351140258,2797.123265853839,768.9778816891909,8.43769498715119e-15,3566.1011475430296,1673.964314,757.984326,0.0,2431.94864
2026-07-16_ttft_component_regression/phase1/input6000_rate2p5_reuse00_seed1,156,6560.156651276597,25.527589241184195,6585.684240517781,768.9778816891909,8.43769498715119e-15,7354.6621222069725,4889.485331,758.43599,0.0,5647.921321
2026-07-16_ttft_component_regression/phase1/input6000_rate2p5_reuse00_seed1,136,6069.498234150459,24.345418098347505,6093.843652248806,768.9778816891909,8.43769498715119e-15,6862.821533937998,4597.701792,773.699018,0.0,5371.40081
2026-07-16_ttft_component_regression/phase1/input6000_rate2p5_reuse00_seed1,151,5110.54331365935,25.518453576263376,5136.061767235614,768.9778816891909,8.43769498715119e-15,5905.039648924805,3080.7247820000002,760.938648,0.0,3841.66343
2026-07-16_ttft_component_regression/phase1/input6000_rate2p5_reuse00_seed1,191,3722.6745484762096,24.42409132194056,3747.09863979815,768.9778816891909,8.43769498715119e-15,4516.076521487341,2284.270419,758.521274,0.0,3042.791693
2026-07-16_ttft_component_regression/phase1/input6000_rate2p5_reuse00_seed1,186,2176.1450743058467,24.434883151547144,2200.579957457394,768.9778816891909,8.43769498715119e-15,2969.5578391465847,1326.525743,772.044684,0.0,2098.570427
2026-07-16_ttft_component_regression/phase1/input6000_rate2p5_reuse00_seed1,166,7268.769445338379,25.57964941097518,7294.349094749355,768.9778816891909,8.43769498715119e-15,8063.326976438546,3272.764662,773.268698,0.0,4046.03336
2026-07-16_ttft_component_regression/phase1/input6000_rate2p5_reuse00_seed1,206,7004.110232234263,24.453218893417194,7028.56345112768,768.9778816891909,8.43769498715119e-15,7797.5413328168715,5847.886085,774.985926,0.0,6622.872011
2026-07-16_ttft_component_regression/phase1/input6000_rate2p5_reuse00_seed1,225,15031.886556381178,25.576882701856444,15057.463439083034,768.9778816891909,8.43769498715119e-15,15826.441320772225,5105.239032,1026.21119,0.0,6131.450222
2026-07-16_ttft_component_regression/phase1/input6000_rate2p5_reuse00_seed1,211,15143.552104640106,25.027180647634303,15168.57928528774,768.9778816891909,8.43769498715119e-15,15937.55716697693,11358.260783,772.727451,0.0,12130.988234
2026-07-16_ttft_component_regression/phase1/input6000_rate2p5_reuse00_seed1,226,16279.27270756954,25.601242276682292,16304.873949846222,768.9778816891909,8.43769498715119e-15,17073.851831535412,6197.226464,761.109328,0.0,6958.335792
2026-07-16_ttft_component_regression/phase1/input6000_rate2p5_reuse00_seed1,261,2317.8939695882827,24.51285528002346,2342.406824868306,768.9778816891909,8.43769498715119e-15,3111.384706557497,1171.362381,760.735897,0.0,1932.098278
2026-07-16_ttft_component_regression/phase1/input6000_rate2p5_reuse00_seed1,221,16506.936196067913,24.473306270700114,16531.409502338614,768.9778816891909,8.43769498715119e-15,17300.387384027807,6790.487346,771.283919,0.0,7561.771265
2026-07-16_ttft_component_regression/phase1/input6000_rate2p5_reuse00_seed1,236,12902.356859727477,25.598596020770255,12927.955455748248,768.9778816891909,8.43769498715119e-15,13696.933337437438,3213.295445,1021.578662,0.0,4234.874107
2026-07-16_ttft_component_regression/phase1/input6000_rate2p5_reuse00_seed1,264,4011.022193013754,24.519383906889747,4035.541576920644,768.9778816891909,8.43769498715119e-15,4804.519458609835,1939.706084,756.428943,0.0,2696.135027
2026-07-16_ttft_component_regression/phase1/input6000_rate2p5_reuse00_seed1,246,0.5251472065625749,24.446526386066388,24.971673592628964,768.9778816891909,8.43769498715119e-15,793.9495552818198,11.116541,773.324112,0.0,784.440653
2026-07-16_ttft_component_regression/phase1/input6000_rate2p5_reuse00_seed1,250,0.5251472065625749,24.446526386066388,24.971673592628964,768.9778816891909,8.43769498715119e-15,793.9495552818198,23.562181,765.386355,0.0,788.948536
2026-07-16_ttft_component_regression/phase1/input6000_rate2p5_reuse00_seed1,256,8191.289283225878,24.519383906889747,8215.808667132767,768.9778816891909,8.43769498715119e-15,8984.786548821958,727.2360580000001,761.734622,0.0,1488.97068
2026-07-16_ttft_component_regression/phase1/input6000_rate2p5_reuse00_seed1,280,7091.296926092345,25.646249354259705,7116.943175446604,768.9778816891909,8.43769498715119e-15,7885.921057135795,5178.709446,764.093105,0.0,5942.802551
2026-07-16_ttft_component_regression/phase1/input6000_rate2p5_reuse00_seed1,291,3410.116886044798,25.648602040919787,3435.7654880857176,768.9778816891909,8.43769498715119e-15,4204.743369774908,1931.348465,759.283452,0.0,2690.631917
2026-07-16_ttft_component_regression/phase1/input6000_rate2p5_reuse00_seed1,11,0.0,0.26602978644191466,0.26602978644191466,768.9778816891909,8.43769498715119e-15,769.2439114756328,0.020948,676.342498,0.0,676.363446
2026-07-16_ttft_component_regression/phase1/input6000_rate2p5_reuse00_seed1,26,0.0,13.037131308561122,13.037131308561122,768.9778816891909,8.43769498715119e-15,782.015012997752,4.607397,705.66878,0.0,710.276177
2026-07-16_ttft_component_regression/phase1/input6000_rate2p5_reuse00_seed1,18,0.019656237301291086,7.492138049562413,7.5117942868637035,768.9778816891909,8.43769498715119e-15,776.4896759760546,14.563158,707.564911,0.0,722.128069
2026-07-16_ttft_component_regression/phase1/input6000_rate2p5_reuse00_seed1,20,0.0,13.177182557566324,13.177182557566324,768.9778816891909,8.43769498715119e-15,782.1550642467572,375.334939,939.454596,0.0,1314.789535
2026-07-16_ttft_component_regression/phase1/input6000_rate2p5_reuse00_seed1,43,0.0,13.03946812624102,13.03946812624102,768.9778816891909,8.43769498715119e-15,782.0173498154319,6.979914,707.366604,0.0,714.346518
2026-07-16_ttft_component_regression/phase1/input6000_rate2p5_reuse00_seed1,49,0.0,13.071310461335825,13.071310461335825,768.9778816891909,8.43769498715119e-15,782.0491921505267,12.483394,707.352204,0.0,719.835598
2026-07-16_ttft_component_regression/phase1/input6000_rate2p5_reuse00_seed1,82,0.019562743356939777,6.919746711627376,6.939309454984316,768.9778816891909,8.43769498715119e-15,775.9171911441753,1.381551,695.995788,0.0,697.377339
2026-07-16_ttft_component_regression/phase1/input6000_rate2p5_reuse00_seed1,91,0.0,12.269219176991657,12.269219176991657,768.9778816891909,8.43769498715119e-15,781.2471008661826,16.827147,700.82569,0.0,717.652837
2026-07-16_ttft_component_regression/phase1/input6000_rate2p5_reuse00_seed1,120,0.020646806218075454,7.4402332166935885,7.460880022911664,768.9778816891909,8.43769498715119e-15,776.4387617121025,9.080286,695.701164,0.0,704.78145
2026-07-16_ttft_component_regression/phase1/input6000_rate2p5_reuse00_seed1,123,0.0,13.244289834462268,13.244289834462268,768.9778816891909,8.43769498715119e-15,782.2221715236532,2.546883,713.644902,0.0,716.191785
2026-07-16_ttft_component_regression/phase1/input6000_rate2p5_reuse00_seed1,124,0.0,13.027946025979793,13.027946025979793,768.9778816891909,8.43769498715119e-15,782.0058277151707,37.642572,947.430628,0.0,985.0732
2026-07-16_ttft_component_regression/phase1/input6000_rate2p5_reuse00_seed1,139,0.0,11.528143313615399,11.528143313615399,768.9778816891909,8.43769498715119e-15,780.5060250028063,18.355505,717.138647,0.0,735.494152
2026-07-16_ttft_component_regression/phase1/input6000_rate2p5_reuse00_seed1,144,0.016217829755152985,12.411647472743049,12.427865302498201,768.9778816891909,8.43769498715119e-15,781.405746991689,11.154375,723.89852,0.0,735.052895
2026-07-16_ttft_component_regression/phase1/input6000_rate2p5_reuse00_seed1,162,0.046341866098820086,14.958586274842785,15.004928140941605,768.9778816891909,8.43769498715119e-15,783.9828098301325,9.125876,729.628332,0.0,738.754208
2026-07-16_ttft_component_regression/phase1/input6000_rate2p5_reuse00_seed1,160,0.046488662614218405,14.883918514666282,14.9304071772805,768.9778816891909,8.43769498715119e-15,783.9082888664714,8.189679,737.124243,0.0,745.313922
2026-07-16_ttft_component_regression/phase1/input6000_rate2p5_reuse00_seed1,199,0.018132843346554156,12.513082955677044,12.531215799023599,768.9778816891909,8.43769498715119e-15,781.5090974882145,16.654499,730.85494,0.0,747.509439
2026-07-16_ttft_component_regression/phase1/input6000_rate2p5_reuse00_seed1,177,0.0,17.554523624323647,17.554523624323647,768.9778816891909,8.43769498715119e-15,786.5324053135146,22.361378,740.269654,0.0,762.631032
2026-07-16_ttft_component_regression/phase1/input6000_rate2p5_reuse00_seed1,207,0.048852986864332294,14.26150168222773,14.310354669092062,768.9778816891909,8.43769498715119e-15,783.2882363582829,15.400196,745.031742,0.0,760.431938
2026-07-16_ttft_component_regression/phase1/input6000_rate2p5_reuse00_seed1,208,0.0,16.74598809236047,16.74598809236047,768.9778816891909,8.43769498715119e-15,785.7238697815513,397.56821,982.868743,0.0,1380.436953
2026-07-16_ttft_component_regression/phase1/input6000_rate2p5_reuse00_seed1,259,0.020756713471740827,6.626353384636292,6.647110098108032,768.9778816891909,8.43769498715119e-15,775.6249917872989,16.969597,700.703146,0.0,717.672743
2026-07-16_ttft_component_regression/phase1/input6000_rate2p5_reuse00_seed1,274,0.0,11.649926816039487,11.649926816039487,768.9778816891909,8.43769498715119e-15,780.6278085052304,15.815539,706.20335,0.0,722.018889
2026-07-16_ttft_component_regression/phase1/input6000_rate2p5_reuse00_seed1,257,0.0044598133050961775,0.19940876347618083,0.203868576781277,768.9778816891909,8.43769498715119e-15,769.1817502659721,0.002234,690.245123,0.0,690.247357
2026-07-16_ttft_component_regression/phase1/input6000_rate2p5_reuse00_seed1,279,0.0,12.137257421360726,12.137257421360726,768.9778816891909,8.43769498715119e-15,781.1151391105516,17.611129,721.856374,0.0,739.467503
2026-07-16_ttft_component_regression/phase1/input6000_rate2p5_reuse00_seed1,290,0.017536811568063016,12.48119159466433,12.498728406232392,768.9778816891909,8.43769498715119e-15,781.4766100954233,10.360316,740.578828,0.0,750.939144
2026-07-16_ttft_component_regression/phase1/input6000_rate2p5_reuse00_seed1,292,0.046341866098820086,14.958586274842785,15.004928140941605,768.9778816891909,8.43769498715119e-15,783.9828098301325,156.390761,987.571167,0.0,1143.961928
2026-07-16_ttft_component_regression/phase1/input6000_rate2p5_reuse00_seed1,19,0.0,13.170128262894881,13.170128262894881,768.9778816891909,8.43769498715119e-15,782.1480099520858,11.883049,699.555034,0.0,711.438083
2026-07-16_ttft_component_regression/phase1/input6000_rate2p5_reuse00_seed1,12,0.0,0.2992596639007519,0.2992596639007519,768.9778816891909,8.43769498715119e-15,769.2771413530917,0.007838,676.342498,0.0,676.350336
2026-07-16_ttft_component_regression/phase1/input6000_rate2p5_reuse00_seed1,16,0.01885172513542867,7.527126052480244,7.545977777615673,768.9778816891909,8.43769498715119e-15,776.5238594668066,15.734152,694.093484,0.0,709.827636
2026-07-16_ttft_component_regression/phase1/input6000_rate2p5_reuse00_seed1,24,0.0,13.071310461335825,13.071310461335825,768.9778816891909,8.43769498715119e-15,782.0491921505267,8.47162,705.630188,0.0,714.101808
2026-07-16_ttft_component_regression/phase1/input6000_rate2p5_reuse00_seed1,44,0.0,18.85270399024826,18.85270399024826,768.9778816891909,8.43769498715119e-15,787.8305856794392,18.72232,724.223882,0.0,742.946202
2026-07-16_ttft_component_regression/phase1/input6000_rate2p5_reuse00_seed1,41,0.01825176892880285,12.519481935601737,12.53773370453054,768.9778816891909,8.43769498715119e-15,781.5156153937214,18.762209,724.74316,0.0,743.505369
2026-07-16_ttft_component_regression/phase1/input6000_rate2p5_reuse00_seed1,42,0.04625324289922227,14.992310321824315,15.038563564723537,768.9778816891909,8.43769498715119e-15,784.0164452539144,213.140234,963.296868,0.0,1176.437102
2026-07-16_ttft_component_regression/phase1/input6000_rate2p5_reuse00_seed1,66,0.0,12.111300009077391,12.111300009077391,768.9778816891909,8.43769498715119e-15,781.0891816982682,14.209414,706.793804,0.0,721.003218
2026-07-16_ttft_component_regression/phase1/input6000_rate2p5_reuse00_seed1,84,0.01825176892880285,12.519481935601737,12.53773370453054,768.9778816891909,8.43769498715119e-15,781.5156153937214,3.703255,711.407182,0.0,715.110437
2026-07-16_ttft_component_regression/phase1/input6000_rate2p5_reuse00_seed1,80,0.0,12.14714106113211,12.14714106113211,768.9778816891909,8.43769498715119e-15,781.125022750323,18.89228,707.396524,0.0,726.288804
2026-07-16_ttft_component_regression/phase1/input6000_rate2p5_reuse00_seed1,89,0.04630807239324199,14.972092603062778,15.01840067545602,768.9778816891909,8.43769498715119e-15,783.996282364647,17.465546,717.990258,0.0,735.455804
2026-07-16_ttft_component_regression/phase1/input6000_rate2p5_reuse00_seed1,113,0.0,11.567123534404429,11.567123534404429,768.9778816891909,8.43769498715119e-15,780.5450052235954,9.472919,710.323435,0.0,719.796354
2026-07-16_ttft_component_regression/phase1/input6000_rate2p5_reuse00_seed1,119,0.018370598462712752,12.525887773485213,12.544258371947926,768.9778816891909,8.43769498715119e-15,781.5221400611388,13.909938,726.709048,0.0,740.618986
2026-07-16_ttft_component_regression/phase1/input6000_rate2p5_reuse00_seed1,147,0.0,12.12523552691398,12.12523552691398,768.9778816891909,8.43769498715119e-15,781.1031172161049,1.241015,723.060158,0.0,724.301173
2026-07-16_ttft_component_regression/phase1/input6000_rate2p5_reuse00_seed1,157,0.04647802909478233,14.890732474785832,14.937210503880614,768.9778816891909,8.43769498715119e-15,783.9150921930715,5.246624,735.222367,0.0,740.468991
2026-07-16_ttft_component_regression/phase1/input6000_rate2p5_reuse00_seed1,142,0.0,11.621657669199575,11.621657669199575,768.9778816891909,8.43769498715119e-15,780.5995393583904,11.156673,706.558129,0.0,717.714802
2026-07-16_ttft_component_regression/phase1/input6000_rate2p5_reuse00_seed1,149,0.01825176892880285,12.519481935601737,12.53773370453054,768.9778816891909,8.43769498715119e-15,781.5156153937214,37.926422,729.25449,0.0,767.180912
2026-07-16_ttft_component_regression/phase1/input6000_rate2p5_reuse00_seed1,168,0.0,17.4808444762476,17.4808444762476,768.9778816891909,8.43769498715119e-15,786.4587261654385,19.91045,744.281912,0.0,764.192362
2026-07-16_ttft_component_regression/phase1/input6000_rate2p5_reuse00_seed1,182,0.051876490198532084,333.8983876679324,333.95026415813095,768.9778816891909,8.43769498715119e-15,1102.928145847322,490.105676,1044.006233,0.0,1534.111909
2026-07-16_ttft_component_regression/phase1/input6000_rate2p5_reuse00_seed1,176,0.0,19.548723552824562,19.548723552824562,768.9778816891909,8.43769498715119e-15,788.5266052420154,470.239754,998.952372,0.0,1469.192126
2026-07-16_ttft_component_regression/phase1/input6000_rate2p5_reuse00_seed1,181,0.0,19.529963718512306,19.529963718512306,768.9778816891909,8.43769498715119e-15,788.5078454077031,13.09792,760.284944,0.0,773.382864
2026-07-16_ttft_component_regression/phase1/input6000_rate2p5_reuse00_seed1,185,0.46158726964802593,22.456026993012326,22.91761426266035,768.9778816891909,8.43769498715119e-15,791.8954959518512,577.900461,1011.087261,0.0,1588.987722
2026-07-16_ttft_component_regression/phase1/input6000_rate2p5_reuse00_seed1,175,0.0,18.984864254462398,18.984864254462398,768.9778816891909,8.43769498715119e-15,787.9627459436533,9.405454,754.032052,0.0,763.437506
2026-07-16_ttft_component_regression/phase1/input6000_rate2p5_reuse00_seed1,201,0.46292207565143045,22.462258991888596,22.925181067540027,768.9778816891909,8.43769498715119e-15,791.903062756731,9.875389,759.432698,0.0,769.308087
2026-07-16_ttft_component_regression/phase1/input6000_rate2p5_reuse00_seed1,205,6400.076501856052,24.37572324649368,6424.452225102546,768.9778816891909,8.43769498715119e-15,7193.430106791738,4927.731693000001,774.847948,0.0,5702.579641
2026-07-16_ttft_component_regression/phase1/input6000_rate2p5_reuse00_seed1,216,5223.498261318833,24.366773861887605,5247.865035180721,768.9778816891909,8.43769498715119e-15,6016.842916869912,3269.635013,761.341232,0.0,4030.976245
2026-07-16_ttft_component_regression/phase1/input6000_rate2p5_reuse00_seed1,238,0.0,18.981966289828726,18.981966289828726,768.9778816891909,8.43769498715119e-15,787.9598479790196,2.912197,717.161996,0.0,720.074193
2026-07-16_ttft_component_regression/phase1/input6000_rate2p5_reuse00_seed1,232,0.0,19.52791936357299,19.52791936357299,768.9778816891909,8.43769498715119e-15,788.5058010527639,15.763104,749.525573,0.0,765.288677
2026-07-16_ttft_component_regression/phase1/input6000_rate2p5_reuse00_seed1,239,0.0,19.56814526927003,19.56814526927003,768.9778816891909,8.43769498715119e-15,788.546026958461,12.148253,744.843176,0.0,756.991429
2026-07-16_ttft_component_regression/phase1/input6000_rate2p5_reuse00_seed1,285,0.0,12.180433012450509,12.180433012450509,768.9778816891909,8.43769498715119e-15,781.1583147016414,7.753069,708.12682,0.0,715.879889
2026-07-16_ttft_component_regression/phase1/input6000_rate2p5_reuse00_seed1,1,0.0,0.2771283176749792,0.2771283176749792,768.9778816891909,8.43769498715119e-15,769.2550100068659,1.243205,676.342498,0.0,677.585703
2026-07-16_ttft_component_regression/phase1/input6000_rate2p5_reuse00_seed1,23,0.0,13.20189929719559,13.20189929719559,768.9778816891909,8.43769498715119e-15,782.1797809863865,10.131705,700.374458,0.0,710.506163
2026-07-16_ttft_component_regression/phase1/input6000_rate2p5_reuse00_seed1,13,0.019393774527223812,7.504172594109175,7.5235663686363985,768.9778816891909,8.43769498715119e-15,776.5014480578272,6.419872,694.970732,0.0,701.390604
2026-07-16_ttft_component_regression/phase1/input6000_rate2p5_reuse00_seed1,32,0.0,13.170128262894881,13.170128262894881,768.9778816891909,8.43769498715119e-15,782.1480099520858,0.218229,700.680378,0.0,700.898607
2026-07-16_ttft_component_regression/phase1/input6000_rate2p5_reuse00_seed1,60,0.01949804555002094,6.922608115388429,6.94210616093845,768.9778816891909,8.43769498715119e-15,775.9199878501294,3.495809,696.193004,0.0,699.688813
2026-07-16_ttft_component_regression/phase1/input6000_rate2p5_reuse00_seed1,90,0.0,0.21212409609230964,0.21212409609230964,768.9778816891909,8.43769498715119e-15,769.1900057852832,0.001302,676.342498,0.0,676.3438
2026-07-16_ttft_component_regression/phase1/input6000_rate2p5_reuse00_seed1,121,0.0,13.194834263823978,13.194834263823978,768.9778816891909,8.43769498715119e-15,782.1727159530149,11.016474,700.49593,0.0,711.512404
2026-07-16_ttft_component_regression/phase1/input6000_rate2p5_reuse00_seed1,128,0.0,12.082960360998243,12.082960360998243,768.9778816891909,8.43769498715119e-15,781.0608420501892,13.834366,706.417484,0.0,720.25185
2026-07-16_ttft_component_regression/phase1/input6000_rate2p5_reuse00_seed1,115,0.018831260171698366,6.950025580212833,6.968856840384531,768.9778816891909,8.43769498715119e-15,775.9467385295754,4.401801,695.60206,0.0,700.003861
2026-07-16_ttft_component_regression/phase1/input6000_rate2p5_reuse00_seed1,143,0.0,11.493861020667268,11.493861020667268,768.9778816891909,8.43769498715119e-15,780.4717427098582,5.937127,706.462636,0.0,712.399763
2026-07-16_ttft_component_regression/phase1/input6000_rate2p5_reuse00_seed1,163,0.0,12.285695184525629,12.285695184525629,768.9778816891909,8.43769498715119e-15,781.2635768737165,18.303567,701.163258,0.0,719.466825
2026-07-16_ttft_component_regression/phase1/input6000_rate2p5_reuse00_seed1,187,0.0,11.528143313615399,11.528143313615399,768.9778816891909,8.43769498715119e-15,780.5060250028063,17.016873,720.77694,0.0,737.793813
2026-07-16_ttft_component_regression/phase1/input6000_rate2p5_reuse00_seed1,194,0.049066332851064154,14.098003514797098,14.147069847648162,768.9778816891909,8.43769498715119e-15,783.124951536839,16.315176,724.321352,0.0,740.636528
2026-07-16_ttft_component_regression/phase1/input6000_rate2p5_reuse00_seed1,173,0.0,12.089273680934337,12.089273680934337,768.9778816891909,8.43769498715119e-15,781.0671553701252,124.936245,973.008907,0.0,1097.945152
2026-07-16_ttft_component_regression/phase1/input6000_rate2p5_reuse00_seed1,170,0.0,12.275810939019113,12.275810939019113,768.9778816891909,8.43769498715119e-15,781.25369262821,10.609456,729.560199,0.0,740.169655
2026-07-16_ttft_component_regression/phase1/input6000_rate2p5_reuse00_seed1,192,0.018384453752180858,11.824683403231694,11.843067856983874,768.9778816891909,8.43769498715119e-15,780.8209495461748,1.760027,716.056249,0.0,717.816276
2026-07-16_ttft_component_regression/phase1/input6000_rate2p5_reuse00_seed1,222,0.0,16.685751000705135,16.685751000705135,768.9778816891909,8.43769498715119e-15,785.6636326898961,18.090238,737.129396,0.0,755.219634
2026-07-16_ttft_component_regression/phase1/input6000_rate2p5_reuse00_seed1,230,0.0,17.477888487235294,17.477888487235294,768.9778816891909,8.43769498715119e-15,786.4557701764262,2.350515,739.150075,0.0,741.50059
2026-07-16_ttft_component_regression/phase1/input6000_rate2p5_reuse00_seed1,219,0.0,16.68291293084889,16.68291293084889,768.9778816891909,8.43769498715119e-15,785.6607946200398,9.219599,737.9638,0.0,747.183399
2026-07-16_ttft_component_regression/phase1/input6000_rate2p5_reuse00_seed1,237,0.04656026824333986,14.822370928551292,14.868931196794632,768.9778816891909,8.43769498715119e-15,783.8468128859855,18.728762,727.108967,0.0,745.837729
2026-07-16_ttft_component_regression/phase1/input6000_rate2p5_reuse00_seed1,243,0.01428279443911368,12.312049430869463,12.326332225308576,768.9778816891909,8.43769498715119e-15,781.3042139144994,15.811577,725.776171,0.0,741.587748
2026-07-16_ttft_component_regression/phase1/input6000_rate2p5_reuse00_seed1,265,0.0,18.65181915418805,18.65181915418805,768.9778816891909,8.43769498715119e-15,787.6297008433789,21.676226,744.328127,0.0,766.004353
2026-07-16_ttft_component_regression/phase1/input6000_rate2p5_reuse00_seed1,260,0.0,16.659889700867346,16.659889700867346,768.9778816891909,8.43769498715119e-15,785.6377713900582,16.206872,735.55234,0.0,751.759212
2026-07-16_ttft_component_regression/phase1/input6000_rate2p5_reuse00_seed1,251,0.04658630350270903,14.774236859672193,14.820823163174902,768.9778816891909,8.43769498715119e-15,783.7987048523657,12.236215,730.435344,0.0,742.671559
2026-07-16_ttft_component_regression/phase1/input6000_rate2p5_reuse00_seed1,262,0.0,18.1211522653265,18.1211522653265,768.9778816891909,8.43769498715119e-15,787.0990339545174,22.945459,735.155654,0.0,758.101113
2026-07-16_ttft_component_regression/phase1/input6000_rate2p5_reuse00_seed1,283,0.0,307.8656666835503,307.8656666835503,768.9778816891909,8.43769498715119e-15,1076.8435483727412,956.581648,1009.389969,0.0,1965.971617
2026-07-16_ttft_component_regression/phase1/input6000_rate2p5_reuse00_seed1,282,0.0,18.98050976825548,18.98050976825548,768.9778816891909,8.43769498715119e-15,787.9583914574464,273.388183,1020.317028,0.0,1293.705211
2026-07-16_ttft_component_regression/phase1/input6000_rate2p5_reuse00_seed1,293,0.0,19.52183374151803,19.52183374151803,768.9778816891909,8.43769498715119e-15,788.4997154307089,6.403058,758.305399,0.0,764.708457
2026-07-16_ttft_component_regression/phase1/input6000_rate2p5_reuse00_seed1,281,0.0,17.501280198944496,17.501280198944496,768.9778816891909,8.43769498715119e-15,786.4791618881354,6.251839,748.737923,0.0,754.989762
2026-07-16_ttft_component_regression/phase1/input6000_rate2p5_reuse00_seed1,17,0.0,0.29373556191048844,0.29373556191048844,768.9778816891909,8.43769498715119e-15,769.2716172511014,0.004981,676.342498,0.0,676.347479
2026-07-16_ttft_component_regression/phase1/input6000_rate2p5_reuse00_seed1,25,0.01892071099160751,7.524337782970762,7.5432584939623695,768.9778816891909,8.43769498715119e-15,776.5211401831533,13.914198,694.340172,0.0,708.25437
2026-07-16_ttft_component_regression/phase1/input6000_rate2p5_reuse00_seed1,47,0.01949804555002094,6.922608115388429,6.94210616093845,768.9778816891909,8.43769498715119e-15,775.9199878501294,4.993819,696.202348,0.0,701.196167
2026-07-16_ttft_component_regression/phase1/input6000_rate2p5_reuse00_seed1,54,0.02042940829334727,6.877376854464778,6.897806262758126,768.9778816891909,8.43769498715119e-15,775.875687951949,7.140544,694.251404,0.0,701.391948
2026-07-16_ttft_component_regression/phase1/input6000_rate2p5_reuse00_seed1,63,0.0,12.053455898237013,12.053455898237013,768.9778816891909,8.43769498715119e-15,781.0313375874279,25.0335,946.863652,0.0,971.897152
2026-07-16_ttft_component_regression/phase1/input6000_rate2p5_reuse00_seed1,61,0.0,12.308729707034646,12.308729707034646,768.9778816891909,8.43769498715119e-15,781.2866113962256,9.970733,713.13063,0.0,723.101363
2026-07-16_ttft_component_regression/phase1/input6000_rate2p5_reuse00_seed1,73,0.04655648253442795,14.670381721807559,14.716938204341986,768.9778816891909,8.43769498715119e-15,783.6948198935329,7.035482,716.950482,0.0,723.985964
2026-07-16_ttft_component_regression/phase1/input6000_rate2p5_reuse00_seed1,71,0.014039720202422116,12.299732613222265,12.313772333424687,768.9778816891909,8.43769498715119e-15,781.2916540226156,3.195574,710.275534,0.0,713.471108
2026-07-16_ttft_component_regression/phase1/input6000_rate2p5_reuse00_seed1,76,0.0,17.419959719404904,17.419959719404904,768.9778816891909,8.43769498715119e-15,786.3978414085958,173.593417,723.083722,0.0,896.677139
2026-07-16_ttft_component_regression/phase1/input6000_rate2p5_reuse00_seed1,98,0.0,19.51781594932797,19.51781594932797,768.9778816891909,8.43769498715119e-15,788.4956976385189,7.580659,742.575398,0.0,750.156057
2026-07-16_ttft_component_regression/phase1/input6000_rate2p5_reuse00_seed1,95,0.0,19.511847702701456,19.511847702701456,768.9778816891909,8.43769498715119e-15,788.4897293918923,5.992966,735.286357,0.0,741.279323
2026-07-16_ttft_component_regression/phase1/input6000_rate2p5_reuse00_seed1,81,0.0,18.96940636349523,18.96940636349523,768.9778816891909,8.43769498715119e-15,787.9472880526861,5.867518,729.124802,0.0,734.99232
2026-07-16_ttft_component_regression/phase1/input6000_rate2p5_reuse00_seed1,109,0.0,18.65775800190184,18.65775800190184,768.9778816891909,8.43769498715119e-15,787.6356396910927,18.541524,746.789285,0.0,765.330809
2026-07-16_ttft_component_regression/phase1/input6000_rate2p5_reuse00_seed1,122,0.0,21.035066558161706,21.035066558161706,768.9778816891909,8.43769498715119e-15,790.0129482473526,13.702886,744.211536,0.0,757.914422
2026-07-16_ttft_component_regression/phase1/input6000_rate2p5_reuse00_seed1,118,0.0,18.987025215491116,18.987025215491116,768.9778816891909,8.43769498715119e-15,787.964906904682,7.539915,735.360526,0.0,742.900441
2026-07-16_ttft_component_regression/phase1/input6000_rate2p5_reuse00_seed1,140,0.0,18.678058407252852,18.678058407252852,768.9778816891909,8.43769498715119e-15,787.6559400964437,16.28905,753.069158,0.0,769.358208
2026-07-16_ttft_component_regression/phase1/input6000_rate2p5_reuse00_seed1,150,0.0,18.981966289828726,18.981966289828726,768.9778816891909,8.43769498715119e-15,787.9598479790196,23.378728,750.642322,0.0,774.02105
2026-07-16_ttft_component_regression/phase1/input6000_rate2p5_reuse00_seed1,165,0.04656026824333986,14.822370928551292,14.868931196794632,768.9778816891909,8.43769498715119e-15,783.8468128859855,17.192891,735.016452,0.0,752.209343
2026-07-16_ttft_component_regression/phase1/input6000_rate2p5_reuse00_seed1,184,0.046533777558612606,14.849773943481363,14.896307721039976,768.9778816891909,8.43769498715119e-15,783.8741894102309,0.397537,734.531964,0.0,734.929501
2026-07-16_ttft_component_regression/phase1/input6000_rate2p5_reuse00_seed1,178,0.016938536419098503,12.449474539782521,12.46641307620162,768.9778816891909,8.43769498715119e-15,781.4442947653926,14.95209,726.214606,0.0,741.166696
2026-07-16_ttft_component_regression/phase1/input6000_rate2p5_reuse00_seed1,197,0.019468423474706124,11.878960565637577,11.898428989112283,768.9778816891909,8.43769498715119e-15,780.8763106783032,10.66576,726.086523,0.0,736.752283
2026-07-16_ttft_component_regression/phase1/input6000_rate2p5_reuse00_seed1,215,0.0,16.697015403630466,16.697015403630466,768.9778816891909,8.43769498715119e-15,785.6748970928213,13.160416,736.751729,0.0,749.912145
2026-07-16_ttft_component_regression/phase1/input6000_rate2p5_reuse00_seed1,213,0.06817093256680334,14.56872509901165,14.636896031578452,768.9778816891909,8.43769498715119e-15,783.6147777207693,19.551664,735.738425,0.0,755.290089
2026-07-16_ttft_component_regression/phase1/input6000_rate2p5_reuse00_seed1,234,0.04650831603139932,14.870275521715465,14.916783837746864,768.9778816891909,8.43769498715119e-15,783.8946655269377,13.710063,738.569964,0.0,752.280027
2026-07-16_ttft_component_regression/phase1/input6000_rate2p5_reuse00_seed1,224,0.048946602631580634,14.216022013147999,14.26496861577958,768.9778816891909,8.43769498715119e-15,783.2428503049705,6.155905,738.363026,0.0,744.518931
2026-07-16_ttft_component_regression/phase1/input6000_rate2p5_reuse00_seed1,248,0.04658148868974354,14.788012084707752,14.834593573397495,768.9778816891909,8.43769498715119e-15,783.8124752625884,109.638769,728.525816,0.0,838.164585
2026-07-16_ttft_component_regression/phase1/input6000_rate2p5_reuse00_seed1,255,0.04905458053523717,14.124355709687913,14.173410290223151,768.9778816891909,8.43769498715119e-15,783.151291979414,16.3406,730.475116,0.0,746.815716
2026-07-16_ttft_component_regression/phase1/input6000_rate2p5_reuse00_seed1,245,0.046661139268801576,16.0184513688242,16.065112508093,768.9778816891909,8.43769498715119e-15,785.0429941972839,8.331817,732.275513,0.0,740.60733
2026-07-16_ttft_component_regression/phase1/input6000_rate2p5_reuse00_seed1,278,0.01717810727748551,12.462140293702866,12.479318400980352,768.9778816891909,8.43769498715119e-15,781.4572000901712,16.272515,726.996863,0.0,743.269378
2026-07-16_ttft_component_regression/phase1/input6000_rate2p5_reuse00_seed1,294,0.0,12.109029717160093,12.109029717160093,768.9778816891909,8.43769498715119e-15,781.086911406351,17.385727,710.606033,0.0,727.99176
2026-07-16_ttft_component_regression/phase1/input6000_rate2p5_reuse00_seed1,8,0.0,0.26602978644191466,0.26602978644191466,768.9778816891909,8.43769498715119e-15,769.2439114756328,0.009858,676.342498,0.0,676.352356
2026-07-16_ttft_component_regression/phase1/input6000_rate2p5_reuse00_seed1,21,0.019656237301291086,7.492138049562413,7.5117942868637035,768.9778816891909,8.43769498715119e-15,776.4896759760546,7.074903,694.630988,0.0,701.705891
2026-07-16_ttft_component_regression/phase1/input6000_rate2p5_reuse00_seed1,59,0.019754634683942632,6.911031118222191,6.930785752906133,768.9778816891909,8.43769498715119e-15,775.908667442097,301.513664,927.033461,0.0,1228.547125
2026-07-16_ttft_component_regression/phase1/input6000_rate2p5_reuse00_seed1,58,0.0,0.19922966590187152,0.19922966590187152,768.9778816891909,8.43769498715119e-15,769.1771113550927,0.010268,689.692786,0.0,689.703054
2026-07-16_ttft_component_regression/phase1/input6000_rate2p5_reuse00_seed1,74,0.0,12.275810939019113,12.275810939019113,768.9778816891909,8.43769498715119e-15,781.25369262821,5.751376,700.313914,0.0,706.06529
2026-07-16_ttft_component_regression/phase1/input6000_rate2p5_reuse00_seed1,79,0.0,12.066795071474312,12.066795071474312,768.9778816891909,8.43769498715119e-15,781.0446767606652,5.814549,706.136812,0.0,711.951361
2026-07-16_ttft_component_regression/phase1/input6000_rate2p5_reuse00_seed1,93,0.04650339446514148,14.621612930381563,14.668116324846704,768.9778816891909,8.43769498715119e-15,783.6459980140376,116.691536,962.092164,0.0,1078.7837
2026-07-16_ttft_component_regression/phase1/input6000_rate2p5_reuse00_seed1,92,0.013552866651944214,12.275189186311234,12.288742052963178,768.9778816891909,8.43769498715119e-15,781.266623742154,1.511303,723.788888,0.0,725.300191
2026-07-16_ttft_component_regression/phase1/input6000_rate2p5_reuse00_seed1,104,0.0465210709960647,14.635565280769251,14.682086351765316,768.9778816891909,8.43769498715119e-15,783.6599680409562,1.126253,717.714994,0.0,718.841247
2026-07-16_ttft_component_regression/phase1/input6000_rate2p5_reuse00_seed1,131,0.013674665581813522,12.281313722486072,12.294988388067885,768.9778816891909,8.43769498715119e-15,781.2728700772587,9.926077,711.068302,0.0,720.994379
2026-07-16_ttft_component_regression/phase1/input6000_rate2p5_reuse00_seed1,116,0.04655040785465425,14.663425949072746,14.7099763569274,768.9778816891909,8.43769498715119e-15,783.6878580461183,18.165714,717.720978,0.0,735.886692
2026-07-16_ttft_component_regression/phase1/input6000_rate2p5_reuse00_seed1,138,0.0,11.510408633557985,11.510408633557985,768.9778816891909,8.43769498715119e-15,780.4882903227489,10.944413,716.603054,0.0,727.547467
2026-07-16_ttft_component_regression/phase1/input6000_rate2p5_reuse00_seed1,161,0.01549430784177719,12.374078821060985,12.389573128902763,768.9778816891909,8.43769498715119e-15,781.3674548180936,28.598227,725.836593,0.0,754.43482
2026-07-16_ttft_component_regression/phase1/input6000_rate2p5_reuse00_seed1,159,0.0,12.089273680934337,12.089273680934337,768.9778816891909,8.43769498715119e-15,781.0671553701252,3.063737,721.108009,0.0,724.171746
2026-07-16_ttft_component_regression/phase1/input6000_rate2p5_reuse00_seed1,204,0.0,11.671982089943562,11.671982089943562,768.9778816891909,8.43769498715119e-15,780.6498637791344,8.278361,717.691022,0.0,725.969383
2026-07-16_ttft_component_regression/phase1/input6000_rate2p5_reuse00_seed1,212,0.0,11.814405441580046,11.814405441580046,768.9778816891909,8.43769498715119e-15,780.7922871307709,14.926705,727.499333,0.0,742.426038
2026-07-16_ttft_component_regression/phase1/input6000_rate2p5_reuse00_seed1,218,0.016320710951350802,11.723696346768438,11.74001705771979,768.9778816891909,8.43769498715119e-15,780.7178987469107,12.312406,721.406504,0.0,733.71891
2026-07-16_ttft_component_regression/phase1/input6000_rate2p5_reuse00_seed1,214,0.01741571350372274,11.7769062265823,11.794321940086023,768.9778816891909,8.43769498715119e-15,780.7722036292769,1.470477,725.997007,0.0,727.467484
2026-07-16_ttft_component_regression/phase1/input6000_rate2p5_reuse00_seed1,249,0.019691039398669702,6.913958242452238,6.933649281850908,768.9778816891909,8.43769498715119e-15,775.9115309710418,7.541836,709.535978,0.0,717.077814
2026-07-16_ttft_component_regression/phase1/input6000_rate2p5_reuse00_seed1,240,0.0,12.269219176991657,12.269219176991657,768.9778816891909,8.43769498715119e-15,781.2471008661826,11.854904,707.897033,0.0,719.751937
2026-07-16_ttft_component_regression/phase1/input6000_rate2p5_reuse00_seed1,270,0.0,11.524100338624624,11.524100338624624,768.9778816891909,8.43769498715119e-15,780.5019820278155,5.238244,726.15488,0.0,731.393124
2026-07-16_ttft_component_regression/phase1/input6000_rate2p5_reuse00_seed1,258,0.0,11.671982089943562,11.671982089943562,768.9778816891909,8.43769498715119e-15,780.6498637791344,8.545524,718.868164,0.0,727.413688
2026-07-16_ttft_component_regression/phase1/input6000_rate2p5_reuse00_seed1,272,0.017051286431657594,11.7591055642368,11.776156850668457,768.9778816891909,8.43769498715119e-15,780.7540385398594,18.309573,737.03697,0.0,755.346543
2026-07-16_ttft_component_regression/phase1/input6000_rate2p5_reuse00_seed1,273,0.049069653200013684,14.078194917377482,14.127264570577497,768.9778816891909,8.43769498715119e-15,783.1051462597684,319.691842,972.60524,0.0,1292.297082
2026-07-16_ttft_component_regression/phase1/input6000_rate2p5_reuse00_seed1,289,0.0,18.976845087853086,18.976845087853086,768.9778816891909,8.43769498715119e-15,787.954726777044,22.389447,739.594851,0.0,761.984298
2026-07-16_ttft_component_regression/phase1/input6000_rate2p5_reuse00_seed1,287,0.0,16.66859002363363,16.66859002363363,768.9778816891909,8.43769498715119e-15,785.6464717128246,4.647352,731.517584,0.0,736.164936
2026-07-16_ttft_component_regression/phase1/input6000_rate2p5_reuse00_seed1,7,0.0,13.191302485180602,13.191302485180602,768.9778816891909,8.43769498715119e-15,782.1691841743715,167.57267,699.452954,0.0,867.025624
2026-07-16_ttft_component_regression/phase1/input6000_rate2p5_reuse00_seed1,5,0.0191931557903145,7.5129538694282685,7.532147025218583,768.9778816891909,8.43769498715119e-15,776.5100287144095,17.095302,694.00718,0.0,711.102482
2026-07-16_ttft_component_regression/phase1/input6000_rate2p5_reuse00_seed1,3,0.0,0.2992596639007519,0.2992596639007519,768.9778816891909,8.43769498715119e-15,769.2771413530917,0.034336,676.342498,0.0,676.376834
2026-07-16_ttft_component_regression/phase1/input6000_rate2p5_reuse00_seed1,48,0.0,0.18371313147071594,0.18371313147071594,768.9778816891909,8.43769498715119e-15,769.1615948206617,0.008406,676.342498,0.0,676.350904
2026-07-16_ttft_component_regression/phase1/input6000_rate2p5_reuse00_seed1,85,0.0,0.26880632957273204,0.26880632957273204,768.9778816891909,8.43769498715119e-15,769.2466880187636,0.012741,676.342498,0.0,676.355239
2026-07-16_ttft_component_regression/phase1/input6000_rate2p5_reuse00_seed1,94,0.020038963538093462,7.473383066247489,7.493422029785583,768.9778816891909,8.43769498715119e-15,776.4713037189765,6.644318,694.200076,0.0,700.844394
2026-07-16_ttft_component_regression/phase1/input6000_rate2p5_reuse00_seed1,101,0.0,13.014656184132706,13.014656184132706,768.9778816891909,8.43769498715119e-15,781.9925378733236,146.419092,705.58702,0.0,852.006112
2026-07-16_ttft_component_regression/phase1/input6000_rate2p5_reuse00_seed1,99,0.0,13.226632177266092,13.226632177266092,768.9778816891909,8.43769498715119e-15,782.204513866457,1.256817,699.927514,0.0,701.184331
2026-07-16_ttft_component_regression/phase1/input6000_rate2p5_reuse00_seed1,110,1.1415103556740676,25.454291159075087,26.595801514749155,768.9778816891909,0.6224729862840104,796.1961561902241,16.198394999999998,710.216878,0.619393,727.034666
2026-07-16_ttft_component_regression/phase1/input6000_rate2p5_reuse00_seed1,117,0.046712797221199524,15.78941751899367,15.836130316214868,768.9778816891909,8.43769498715119e-15,784.8140120054057,2.83583,717.172658,0.0,720.008488
2026-07-16_ttft_component_regression/phase1/input6000_rate2p5_reuse00_seed1,127,0.0,20.395138588353255,20.395138588353255,768.9778816891909,8.43769498715119e-15,789.3730202775441,234.668192,989.705278,0.0,1224.37347
2026-07-16_ttft_component_regression/phase1/input6000_rate2p5_reuse00_seed1,125,0.0,18.75081638790391,18.75081638790391,768.9778816891909,8.43769498715119e-15,787.7286980770948,11.339288,735.892542,0.0,747.23183
2026-07-16_ttft_component_regression/phase1/input6000_rate2p5_reuse00_seed1,179,0.0,0.26880632957273204,0.26880632957273204,768.9778816891909,8.43769498715119e-15,769.2466880187636,0.002141,681.221014,0.0,681.223155
2026-07-16_ttft_component_regression/phase1/input6000_rate2p5_reuse00_seed1,183,0.02022530480589977,7.463687318082852,7.483912622888751,768.9778816891909,8.43769498715119e-15,776.4617943120796,155.495758,708.218306,0.0,863.714064
2026-07-16_ttft_component_regression/phase1/input6000_rate2p5_reuse00_seed1,195,0.0,11.728748586094314,11.728748586094314,768.9778816891909,8.43769498715119e-15,780.7066302752852,11.070761,731.11777,0.0,742.188531
2026-07-16_ttft_component_regression/phase1/input6000_rate2p5_reuse00_seed1,196,0.0,184.00652129913846,184.00652129913846,768.9778816891909,8.43769498715119e-15,952.9844029883293,473.946754,963.526749,0.0,1437.473503
2026-07-16_ttft_component_regression/phase1/input6000_rate2p5_reuse00_seed1,202,0.018142705494122557,11.81269732190581,11.830840027399933,768.9778816891909,8.43769498715119e-15,780.8087217165909,14.289318,721.48526,0.0,735.774578
2026-07-16_ttft_component_regression/phase1/input6000_rate2p5_reuse00_seed1,217,0.04658792792246554,14.767342612616916,14.813930540539381,768.9778816891909,8.43769498715119e-15,783.7918122297302,0.852003,726.856921,0.0,727.708924
2026-07-16_ttft_component_regression/phase1/input6000_rate2p5_reuse00_seed1,231,0.0,18.78698389346807,18.78698389346807,768.9778816891909,8.43769498715119e-15,787.764865582659,4.925262,736.564256,0.0,741.489518
2026-07-16_ttft_component_regression/phase1/input6000_rate2p5_reuse00_seed1,223,0.0,18.799835842674188,18.799835842674188,768.9778816891909,8.43769498715119e-15,787.777717531865,1.224034,738.79968,0.0,740.023714
2026-07-16_ttft_component_regression/phase1/input6000_rate2p5_reuse00_seed1,254,0.0,12.232966931222819,12.232966931222819,768.9778816891909,8.43769498715119e-15,781.2108486204137,4.789085,710.79572,0.0,715.584805
2026-07-16_ttft_component_regression/phase1/input6000_rate2p5_reuse00_seed1,275,0.0,13.170128262894881,13.170128262894881,768.9778816891909,8.43769498715119e-15,782.1480099520858,5.725774,728.767576,0.0,734.49335
2026-07-16_ttft_component_regression/phase1/input6000_rate2p5_reuse00_seed1,271,0.0,13.127930482555717,13.127930482555717,768.9778816891909,8.43769498715119e-15,782.1058121717466,17.975356,705.693788,0.0,723.669144
2026-07-16_ttft_component_regression/phase1/input6000_rate2p5_reuse00_seed1,277,0.0,13.079042163534268,13.079042163534268,768.9778816891909,8.43769498715119e-15,782.0569238527252,427.16034,969.402834,0.0,1396.563174
2026-07-16_ttft_component_regression/phase1/input6000_rate2p5_reuse00_seed1,288,0.018052651218050778,13.470797695653705,13.488850346871756,768.9778816891909,8.43769498715119e-15,782.4667320360627,14.163149,726.921189,0.0,741.084338
2026-07-16_ttft_component_regression/phase1/input6000_rate2p5_reuse00_seed1,6,0.0,0.2992596639007519,0.2992596639007519,768.9778816891909,8.43769498715119e-15,769.2771413530917,0.00646,676.342498,0.0,676.348958
2026-07-16_ttft_component_regression/phase1/input6000_rate2p5_reuse00_seed1,40,0.0,0.175938715168265,0.175938715168265,768.9778816891909,8.43769498715119e-15,769.1538204043592,0.004123,676.342498,0.0,676.346621
2026-07-16_ttft_component_regression/phase1/input6000_rate2p5_reuse00_seed1,62,0.0,13.006123488143933,13.006123488143933,768.9778816891909,8.43769498715119e-15,781.9840051773348,9.513113,705.906636,0.0,715.419749
2026-07-16_ttft_component_regression/phase1/input6000_rate2p5_reuse00_seed1,57,0.0,13.226632177266092,13.226632177266092,768.9778816891909,8.43769498715119e-15,782.204513866457,12.465214,700.274554,0.0,712.739768
2026-07-16_ttft_component_regression/phase1/input6000_rate2p5_reuse00_seed1,67,0.013187142195675012,12.25686110810461,12.270048250300285,768.9778816891909,8.43769498715119e-15,781.2479299394912,13.184003,710.05499,0.0,723.238993
2026-07-16_ttft_component_regression/phase1/input6000_rate2p5_reuse00_seed1,55,0.019562743356939777,6.919746711627376,6.939309454984316,768.9778816891909,8.43769498715119e-15,775.9171911441753,11.111,695.347308,0.0,706.458308
2026-07-16_ttft_component_regression/phase1/input6000_rate2p5_reuse00_seed1,83,0.0467295050307418,15.811772550634018,15.85850205566476,768.9778816891909,8.43769498715119e-15,784.8363837448557,8.287978,717.287858,0.0,725.575836
2026-07-16_ttft_component_regression/phase1/input6000_rate2p5_reuse00_seed1,87,0.000627819168910622,18.709961310095068,18.71058912926398,768.9778816891909,8.43769498715119e-15,787.6884708184549,19.547761,723.510698,0.0,743.058459
2026-07-16_ttft_component_regression/phase1/input6000_rate2p5_reuse00_seed1,75,0.014525622580373463,12.32439612741972,12.338921750000093,768.9778816891909,8.43769498715119e-15,781.316803439191,16.152866,710.25211,0.0,726.404976
2026-07-16_ttft_component_regression/phase1/input6000_rate2p5_reuse00_seed1,96,0.0,20.387597214779433,20.387597214779433,768.9778816891909,8.43769498715119e-15,789.3654789039704,15.888086,729.834786,0.0,745.722872
2026-07-16_ttft_component_regression/phase1/input6000_rate2p5_reuse00_seed1,105,0.03917151757660662,21.837427448146904,21.87659896572351,768.9778816891909,8.43769498715119e-15,790.8544806549144,24.641046,752.458996,0.0,777.100042
2026-07-16_ttft_component_regression/phase1/input6000_rate2p5_reuse00_seed1,102,0.0,20.96355180931759,20.96355180931759,768.9778816891909,8.43769498715119e-15,789.9414334985084,24.893347,735.308117,0.0,760.201464
2026-07-16_ttft_component_regression/phase1/input6000_rate2p5_reuse00_seed1,108,0.44331685519090525,24.04843836791562,24.491755223106523,768.9778816891909,8.43769498715119e-15,793.4696369122975,202.739178,769.509571,0.0,972.248749
2026-07-16_ttft_component_regression/phase1/input6000_rate2p5_reuse00_seed1,133,0.0,20.965586259097897,20.965586259097897,768.9778816891909,8.43769498715119e-15,789.9434679482888,317.870776,1002.29764,0.0,1320.168416
2026-07-16_ttft_component_regression/phase1/input6000_rate2p5_reuse00_seed1,132,0.0,20.401703283296577,20.401703283296577,768.9778816891909,8.43769498715119e-15,789.3795849724875,13.098512,754.339574,0.0,767.438086
2026-07-16_ttft_component_regression/phase1/input6000_rate2p5_reuse00_seed1,146,0.0,20.407349960961533,20.407349960961533,768.9778816891909,8.43769498715119e-15,789.3852316501524,8.81559,743.585582,0.0,752.401172
2026-07-16_ttft_component_regression/phase1/input6000_rate2p5_reuse00_seed1,135,0.0494211721604324,21.929699057421203,21.979120229581635,768.9778816891909,8.43769498715119e-15,790.9570019187726,0.912242,753.5408,0.0,754.453042
2026-07-16_ttft_component_regression/phase1/input6000_rate2p5_reuse00_seed1,155,0.0,20.40494053684457,20.40494053684457,768.9778816891909,8.43769498715119e-15,789.3828222260355,15.384118,735.426026,0.0,750.810144
2026-07-16_ttft_component_regression/phase1/input6000_rate2p5_reuse00_seed1,164,0.0,20.407349960961533,20.407349960961533,768.9778816891909,8.43769498715119e-15,789.3852316501524,20.221848,738.564434,0.0,758.786282
2026-07-16_ttft_component_regression/phase1/input6000_rate2p5_reuse00_seed1,169,0.0,21.00579449480526,21.00579449480526,768.9778816891909,8.43769498715119e-15,789.9836761839962,24.141662,742.217819,0.0,766.359481
2026-07-16_ttft_component_regression/phase1/input6000_rate2p5_reuse00_seed1,209,0.0,18.977580781956206,18.977580781956206,768.9778816891909,8.43769498715119e-15,787.9554624711471,10.800097,738.31157,0.0,749.111667
2026-07-16_ttft_component_regression/phase1/input6000_rate2p5_reuse00_seed1,189,0.0,18.968653838023695,18.968653838023695,768.9778816891909,8.43769498715119e-15,787.9465355272146,4.163568,735.393757,0.0,739.557325
2026-07-16_ttft_component_regression/phase1/input6000_rate2p5_reuse00_seed1,203,0.0,16.697015403630466,16.697015403630466,768.9778816891909,8.43769498715119e-15,785.6748970928213,21.920971,738.738365,0.0,760.659336
2026-07-16_ttft_component_regression/phase1/input6000_rate2p5_reuse00_seed1,228,0.0,13.041821104464136,13.041821104464136,768.9778816891909,8.43769498715119e-15,782.019702793655,11.251742,723.613442,0.0,734.865184
2026-07-16_ttft_component_regression/phase1/input6000_rate2p5_reuse00_seed1,233,0.015531014758482774,13.328812517476287,13.34434353223477,768.9778816891909,8.43769498715119e-15,782.3222252214257,20.490482,733.415031,0.0,753.905513
2026-07-16_ttft_component_regression/phase1/input6000_rate2p5_reuse00_seed1,235,0.04675207721061517,15.87860690389499,15.925358981105605,768.9778816891909,8.43769498715119e-15,784.9032406702966,241.628625,733.995309,0.0,975.623934
2026-07-16_ttft_component_regression/phase1/input6000_rate2p5_reuse00_seed1,266,0.0,13.216032540813366,13.216032540813366,768.9778816891909,8.43769498715119e-15,782.1939142300042,18.282977,705.466176,0.0,723.749153
2026-07-16_ttft_component_regression/phase1/input6000_rate2p5_reuse00_seed1,284,0.01878239236692952,7.529891308411112,7.548673700778042,768.9778816891909,8.43769498715119e-15,776.526555389969,9.341604,712.418944,0.0,721.760548
2026-07-16_ttft_component_regression/phase1/input6000_rate2p5_reuse00_seed1,298,0.0,13.177182557566324,13.177182557566324,768.9778816891909,8.43769498715119e-15,782.1550642467572,14.213442,717.110769,0.0,731.324211
2026-07-16_ttft_component_regression/phase1/input6000_rate2p5_reuse00_seed1,10,0.0,0.26880632957273204,0.26880632957273204,768.9778816891909,8.43769498715119e-15,769.2466880187636,0.001792,676.342498,0.0,676.34429
2026-07-16_ttft_component_regression/phase1/input6000_rate2p5_reuse00_seed1,29,0.020408245083327912,7.45377831250381,7.474186557587138,768.9778816891909,8.43769498715119e-15,776.452068246778,13.978018,708.480975,0.0,722.458993
2026-07-16_ttft_component_regression/phase1/input6000_rate2p5_reuse00_seed1,33,0.0,13.01902084752928,13.01902084752928,768.9778816891909,8.43769498715119e-15,781.9969025367202,7.442011,706.332492,0.0,713.774503
2026-07-16_ttft_component_regression/phase1/input6000_rate2p5_reuse00_seed1,30,0.0,13.219565944214821,13.219565944214821,768.9778816891909,8.43769498715119e-15,782.1974476334058,63.336866,940.138596,0.0,1003.475462
2026-07-16_ttft_component_regression/phase1/input6000_rate2p5_reuse00_seed1,39,0.0,12.093558332111668,12.093558332111668,768.9778816891909,8.43769498715119e-15,781.0714400213026,7.269665,706.012684,0.0,713.282349
2026-07-16_ttft_component_regression/phase1/input6000_rate2p5_reuse00_seed1,86,0.0,0.2604730363524167,0.2604730363524167,768.9778816891909,8.43769498715119e-15,769.2383547255433,0.002745,676.342498,0.0,676.345243
2026-07-16_ttft_component_regression/phase1/input6000_rate2p5_reuse00_seed1,97,0.020163566971675803,7.4669428899304755,7.4871064569021515,768.9778816891909,8.43769498715119e-15,776.464988146093,10.472381,694.408172,0.0,704.880553
2026-07-16_ttft_component_regression/phase1/input6000_rate2p5_reuse00_seed1,112,0.046442888952029554,14.911143734024435,14.957586622976464,768.9778816891909,8.43769498715119e-15,783.9354683121674,19.459012,716.336114,0.0,735.795126
2026-07-16_ttft_component_regression/phase1/input6000_rate2p5_reuse00_seed1,103,0.0,13.205432357250173,13.205432357250173,768.9778816891909,8.43769498715119e-15,782.1833140464411,8.846104,699.96889,0.0,708.814994
2026-07-16_ttft_component_regression/phase1/input6000_rate2p5_reuse00_seed1,106,0.0,13.051394241968207,13.051394241968207,768.9778816891909,8.43769498715119e-15,782.0292759311591,16.797722,719.013295,0.0,735.811017
2026-07-16_ttft_component_regression/phase1/input6000_rate2p5_reuse00_seed1,107,0.017575200698764268,13.443495152674101,13.461070353372866,768.9778816891909,8.43769498715119e-15,782.4389520425638,383.195352,953.150612,0.0,1336.345964
2026-07-16_ttft_component_regression/phase1/input6000_rate2p5_reuse00_seed1,141,0.04661751787570577,16.04765557190387,16.094273089779577,768.9778816891909,8.43769498715119e-15,785.0721547789705,5.374211,731.06788,0.0,736.442091
2026-07-16_ttft_component_regression/phase1/input6000_rate2p5_reuse00_seed1,154,0.0,18.864737066675755,18.864737066675755,768.9778816891909,8.43769498715119e-15,787.8426187558666,16.864349,743.527318,0.0,760.391667
2026-07-16_ttft_component_regression/phase1/input6000_rate2p5_reuse00_seed1,148,0.04653582378381037,16.091295206490535,16.137831030274345,768.9778816891909,8.43769498715119e-15,785.1157127194653,2.511076,739.500565,0.0,742.011641
2026-07-16_ttft_component_regression/phase1/input6000_rate2p5_reuse00_seed1,171,0.0,13.046575466301348,13.046575466301348,768.9778816891909,8.43769498715119e-15,782.0244571554922,4.422642,736.849258,0.0,741.2719
2026-07-16_ttft_component_regression/phase1/input6000_rate2p5_reuse00_seed1,172,0.016976399734140092,13.409535735353067,13.426512135087208,768.9778816891909,8.43769498715119e-15,782.4043938242781,161.302238,980.870962,0.0,1142.1732
2026-07-16_ttft_component_regression/phase1/input6000_rate2p5_reuse00_seed1,247,0.01991286624920225,7.479728820593462,7.499641686842664,768.9778816891909,8.43769498715119e-15,776.4775233760336,3.508279,700.341618,0.0,703.849897
2026-07-16_ttft_component_regression/phase1/input6000_rate2p5_reuse00_seed1,244,0.0,0.2964983710399868,0.2964983710399868,768.9778816891909,8.43769498715119e-15,769.2743800602309,0.003348,690.308673,0.0,690.312021
2026-07-16_ttft_component_regression/phase1/input6000_rate2p5_reuse00_seed1,276,0.0,13.244289834462268,13.244289834462268,768.9778816891909,8.43769498715119e-15,782.2221715236532,12.906825,710.566593,0.0,723.473418
2026-07-16_ttft_component_regression/phase1/input6000_rate2p5_reuse00_seed1,296,0.0,13.240759601911307,13.240759601911307,768.9778816891909,8.43769498715119e-15,782.2186412911022,211.892685,716.51982,0.0,928.412505
2026-07-16_ttft_component_regression/phase1/input6000_rate2p5_reuse00_seed1,299,0.0,13.004031393176597,13.004031393176597,768.9778816891909,8.43769498715119e-15,781.9819130823674,10.452821,724.990636,0.0,735.443457
2026-07-16_ttft_component_regression/phase1/input6000_rate2p5_reuse00_seed1,295,0.019849261096083474,7.482866366044124,7.502715627140208,768.9778816891909,8.43769498715119e-15,776.4805973163311,5.617773,703.544146,0.0,709.161919
2026-07-16_ttft_component_regression/phase1/input6000_rate2p5_reuse00_seed1,0,0.0,0.2909712624110128,0.2909712624110128,768.9778816891909,8.43769498715119e-15,769.268852951602,0.0,676.342498,0.0,676.342498
2026-07-16_ttft_component_regression/phase1/input6000_rate2p5_reuse00_seed1,14,0.020038963538093462,7.473383066247489,7.493422029785583,768.9778816891909,8.43769498715119e-15,776.4713037189765,7.333256,695.013644,0.0,702.3469
2026-07-16_ttft_component_regression/phase1/input6000_rate2p5_reuse00_seed1,28,0.0,13.247819220619801,13.247819220619801,768.9778816891909,8.43769498715119e-15,782.2257009098107,12.641082,700.919354,0.0,713.560436
2026-07-16_ttft_component_regression/phase1/input6000_rate2p5_reuse00_seed1,38,0.019562743356939777,6.919746711627376,6.939309454984316,768.9778816891909,8.43769498715119e-15,775.9171911441753,17.31938,695.08606,0.0,712.40544
2026-07-16_ttft_component_regression/phase1/input6000_rate2p5_reuse00_seed1,50,0.0,13.166602871407102,13.166602871407102,768.9778816891909,8.43769498715119e-15,782.144484560598,14.349244,713.469606,0.0,727.81885
2026-07-16_ttft_component_regression/phase1/input6000_rate2p5_reuse00_seed1,45,0.0,13.177182557566324,13.177182557566324,768.9778816891909,8.43769498715119e-15,782.1550642467572,11.287516,700.486426,0.0,711.773942
2026-07-16_ttft_component_regression/phase1/input6000_rate2p5_reuse00_seed1,52,0.0,12.115885486844354,12.115885486844354,768.9778816891909,8.43769498715119e-15,781.0937671760353,103.046484,947.230884,0.0,1050.277368
2026-07-16_ttft_component_regression/phase1/input6000_rate2p5_reuse00_seed1,77,0.01597695743462191,12.3990956787509,12.415072636185522,768.9778816891909,8.43769498715119e-15,781.3929543253764,14.29549,724.801272,0.0,739.096762
2026-07-16_ttft_component_regression/phase1/input6000_rate2p5_reuse00_seed1,78,0.04657033591923846,14.80864116629835,14.855211502217589,768.9778816891909,8.43769498715119e-15,783.8330931914085,445.772555,963.373092,0.0,1409.145647
2026-07-16_ttft_component_regression/phase1/input6000_rate2p5_reuse00_seed1,111,0.0,12.30215374526131,12.30215374526131,768.9778816891909,8.43769498715119e-15,781.2800354344522,0.165002,701.119418,0.0,701.28442
2026-07-16_ttft_component_regression/phase1/input6000_rate2p5_reuse00_seed1,129,0.02058774456073893,7.443655263802336,7.464243008363075,768.9778816891909,8.43769498715119e-15,776.4421246975539,1.003383,694.950892,0.0,695.954275
2026-07-16_ttft_component_regression/phase1/input6000_rate2p5_reuse00_seed1,137,0.0,13.247819220619801,13.247819220619801,768.9778816891909,8.43769498715119e-15,782.2257009098107,3.241127,715.18605,0.0,718.427177
2026-07-16_ttft_component_regression/phase1/input6000_rate2p5_reuse00_seed1,153,0.014804380791466478,13.28887171850807,13.303676099299535,768.9778816891909,8.43769498715119e-15,782.2815577884904,461.288524,967.057029,0.0,1428.345553
2026-07-16_ttft_component_regression/phase1/input6000_rate2p5_reuse00_seed1,152,0.0,13.032506231295919,13.032506231295919,768.9778816891909,8.43769498715119e-15,782.0103879204868,3.082473,735.307498,0.0,738.389971
2026-07-16_ttft_component_regression/phase1/input6000_rate2p5_reuse00_seed1,145,0.0,13.021227689796985,13.021227689796985,768.9778816891909,8.43769498715119e-15,781.9991093789879,7.794962,725.394642,0.0,733.189604
2026-07-16_ttft_component_regression/phase1/input6000_rate2p5_reuse00_seed1,180,0.04674869843904961,15.908194257222137,15.954942955661187,768.9778816891909,8.43769498715119e-15,784.9328246448521,14.978874,728.784039,0.0,743.762913
2026-07-16_ttft_component_regression/phase1/input6000_rate2p5_reuse00_seed1,167,0.046750323110861344,15.900804405687326,15.947554728798188,768.9778816891909,8.43769498715119e-15,784.9254364179891,10.717188,728.867553,0.0,739.584741
2026-07-16_ttft_component_regression/phase1/input6000_rate2p5_reuse00_seed1,188,0.0,17.438618091064733,17.438618091064733,768.9778816891909,8.43769498715119e-15,786.4164997802557,15.984006,730.264052,0.0,746.248058
2026-07-16_ttft_component_regression/phase1/input6000_rate2p5_reuse00_seed1,193,0.0,18.11619386905894,18.11619386905894,768.9778816891909,8.43769498715119e-15,787.0940755582499,8.115703,739.595166,0.0,747.710869
2026-07-16_ttft_component_regression/phase1/input6000_rate2p5_reuse00_seed1,220,0.06806060973009317,20.54631407121124,20.61437468094133,768.9778816891909,8.43769498715119e-15,789.5922563701322,18.705198,753.596802,0.0,772.302
2026-07-16_ttft_component_regression/phase1/input6000_rate2p5_reuse00_seed1,198,0.0,19.538220867958476,19.538220867958476,768.9778816891909,8.43769498715119e-15,788.5161025571493,19.526009,768.125851,0.0,787.65186
2026-07-16_ttft_component_regression/phase1/input6000_rate2p5_reuse00_seed1,200,0.06530639931726422,20.52397288091798,20.589279280235246,768.9778816891909,8.43769498715119e-15,789.5671609694261,89.676429,1027.250319,0.0,1116.926748
2026-07-16_ttft_component_regression/phase1/input6000_rate2p5_reuse00_seed1,210,0.49551257082699385,22.611079805233295,23.106592376060288,768.9778816891909,8.43769498715119e-15,792.0844740652511,17.809779,763.935969,0.0,781.745748
2026-07-16_ttft_component_regression/phase1/input6000_rate2p5_reuse00_seed1,229,0.06615821704540842,22.077237214267356,22.143395431312765,768.9778816891909,8.43769498715119e-15,791.1212771205037,202.431032,756.21669,0.0,958.647722
2026-07-16_ttft_component_regression/phase1/input6000_rate2p5_reuse00_seed1,241,0.0,20.41995913125868,20.41995913125868,768.9778816891909,8.43769498715119e-15,789.3978408204496,22.207283,756.431609,0.0,778.638892
2026-07-16_ttft_component_regression/phase1/input6000_rate2p5_reuse00_seed1,227,0.0,21.049078527390915,21.049078527390915,768.9778816891909,8.43769498715119e-15,790.0269602165818,21.200589,745.394428,0.0,766.595017
2026-07-16_ttft_component_regression/phase1/input6000_rate2p5_reuse00_seed1,263,0.4847606349645869,24.25540920821207,24.740169843176655,768.9778816891909,8.43769498715119e-15,793.7180515323676,21.463527,761.614402,0.0,783.077929
2026-07-16_ttft_component_regression/phase1/input6000_rate2p5_reuse00_seed1,252,0.06822633675532225,22.09520689235606,22.163433229111384,768.9778816891909,8.43769498715119e-15,791.1413149183023,17.362334,760.562746,0.0,777.92508
2026-07-16_ttft_component_regression/phase1/input6000_rate2p5_reuse00_seed1,242,0.0,21.05144529077871,21.05144529077871,768.9778816891909,8.43769498715119e-15,790.0293269799696,282.600908,1003.134931,0.0,1285.735839
2026-07-16_ttft_component_regression/phase1/input6000_rate2p5_reuse00_seed1,269,0.06138251006619911,22.035525249765776,22.096907759831975,768.9778816891909,8.43769498715119e-15,791.0747894490229,7.144016,765.448582,0.0,772.592598
2026-07-16_ttft_component_regression/phase1/input6000_rate2p5_reuse00_seed1,253,0.5026702502469697,24.34142209360719,24.844092343854157,768.9778816891909,8.43769498715119e-15,793.8219740330451,478.871802,1021.858928,0.0,1500.73073
2026-07-16_ttft_component_regression/phase1/input6000_rate2p5_reuse00_seed1,267,0.5068480741830131,24.361195642368845,24.868043716551856,768.9778816891909,8.43769498715119e-15,793.8459254057427,27.293386,760.054133,0.0,787.347519
2026-07-16_ttft_component_regression/phase1/input6000_rate2p5_reuse00_seed1,297,0.06273987976639628,22.047411681562778,22.110151561329175,768.9778816891909,8.43769498715119e-15,791.0880332505201,24.149745,754.804594,0.0,778.954339
2026-07-16_ttft_component_regression/phase1/input6000_rate2p5_reuse00_seed1,286,0.06138251006619911,22.035525249765776,22.096907759831975,768.9778816891909,8.43769498715119e-15,791.0747894490229,4.396574,754.497474,0.0,758.894048
2026-07-16_ttft_component_regression/phase1/input6000_rate2p5_reuse00_seed1,2,0.0,0.26325201331421655,0.26325201331421655,768.9778816891909,8.43769498715119e-15,769.2411337025051,0.00978,689.692786,0.0,689.702566
2026-07-16_ttft_component_regression/phase1/input6000_rate2p5_reuse00_seed1,9,0.0,13.219565944214821,13.219565944214821,768.9778816891909,8.43769498715119e-15,782.1974476334058,15.557945,699.839386,0.0,715.397331
2026-07-16_ttft_component_regression/phase1/input6000_rate2p5_reuse00_seed1,4,0.019656237301291086,7.492138049562413,7.5117942868637035,768.9778816891909,8.43769498715119e-15,776.4896759760546,191.82647,927.033461,0.0,1118.859931
2026-07-16_ttft_component_regression/phase1/input6000_rate2p5_reuse00_seed1,15,0.0,13.027946025979793,13.027946025979793,768.9778816891909,8.43769498715119e-15,782.0058277151707,6.252497,705.774348,0.0,712.026845
2026-07-16_ttft_component_regression/phase1/input6000_rate2p5_reuse00_seed1,22,0.016375512527437443,13.375766181010311,13.392141693537749,768.9778816891909,8.43769498715119e-15,782.3700233827286,11.78602,709.94395,0.0,721.72997
2026-07-16_ttft_component_regression/phase1/input6000_rate2p5_reuse00_seed1,31,0.0,18.799835842674188,18.799835842674188,768.9778816891909,8.43769498715119e-15,787.777717531865,3.174508,724.079466,0.0,727.253974
2026-07-16_ttft_component_regression/phase1/input6000_rate2p5_reuse00_seed1,37,0.4820332462569736,24.242131632009066,24.72416487826604,768.9778816891909,8.43769498715119e-15,793.7020465674569,335.200056,996.459123,0.0,1331.659179
2026-07-16_ttft_component_regression/phase1/input6000_rate2p5_reuse00_seed1,27,0.04668821037282923,15.996491817710096,16.043180028082926,768.9778816891909,8.43769498715119e-15,785.0210617172738,12.83508,717.098322,0.0,729.933402
2026-07-16_ttft_component_regression/phase1/input6000_rate2p5_reuse00_seed1,35,0.0,21.03046711065698,21.03046711065698,768.9778816891909,8.43769498715119e-15,790.0083487998479,206.797532,744.42746,0.0,951.224992
2026-07-16_ttft_component_regression/phase1/input6000_rate2p5_reuse00_seed1,46,0.4820332462569736,24.242131632009066,24.72416487826604,768.9778816891909,8.43769498715119e-15,793.7020465674569,26.262423,756.89079,0.0,783.153213
2026-07-16_ttft_component_regression/phase1/input6000_rate2p5_reuse00_seed1,36,0.06822633675532225,22.09520689235606,22.163433229111384,768.9778816891909,8.43769498715119e-15,791.1413149183023,147.370685,1019.277635,0.0,1166.64832
2026-07-16_ttft_component_regression/phase1/input6000_rate2p5_reuse00_seed1,34,0.0,20.419181912447446,20.419181912447446,768.9778816891909,8.43769498715119e-15,789.3970636016384,20.347963,730.04797,0.0,750.395933
2026-07-16_ttft_component_regression/phase1/input6000_rate2p5_reuse00_seed1,51,0.4820332462569736,24.242131632009066,24.72416487826604,768.9778816891909,8.43769498715119e-15,793.7020465674569,13.888061,773.698284,0.0,787.586345
2026-07-16_ttft_component_regression/phase1/input6000_rate2p5_reuse00_seed1,64,0.46850756674791344,24.175577769533326,24.64408533628124,768.9778816891909,8.43769498715119e-15,793.6219670254721,12.181565,762.503114,0.0,774.684679
2026-07-16_ttft_component_regression/phase1/input6000_rate2p5_reuse00_seed1,68,0.465824628846882,24.16223528318249,24.62805991202937,768.9778816891909,8.43769498715119e-15,793.6059416012203,11.864954,759.74623,0.0,771.611184
2026-07-16_ttft_component_regression/phase1/input6000_rate2p5_reuse00_seed1,88,0.0,20.404133914820992,20.404133914820992,768.9778816891909,8.43769498715119e-15,789.3820156040119,18.926483,750.949359,0.0,769.875842
2026-07-16_ttft_component_regression/phase1/input6000_rate2p5_reuse00_seed1,100,0.04674917337867184,15.856368351476656,15.903117524855327,768.9778816891909,8.43769498715119e-15,784.8809992140463,15.472157,739.264542,0.0,754.736699
2026-07-16_ttft_component_regression/phase1/input6000_rate2p5_reuse00_seed1,114,0.0,13.268972232493299,13.268972232493299,768.9778816891909,8.43769498715119e-15,782.2468539216842,13.628805,709.446979,0.0,723.075784
2026-07-16_ttft_component_regression/phase1/input6000_rate2p5_reuse00_seed1,126,0.0,12.980216666532161,12.980216666532161,768.9778816891909,8.43769498715119e-15,781.9580983557231,10.527592,721.932899,0.0,732.460491
2026-07-16_ttft_component_regression/phase1/input6000_rate2p5_reuse00_seed1,130,0.01248908628861759,13.164300060251122,13.17678914653974,768.9778816891909,8.43769498715119e-15,782.1546708357306,0.793043,726.778763,0.0,727.571806
2026-07-16_ttft_component_regression/phase1/input6000_rate2p5_reuse00_seed1,134,0.014075419324326278,13.249217076298953,13.26329249562328,768.9778816891909,8.43769498715119e-15,782.2411741848142,10.757839,723.204848,0.0,733.962687
2026-07-16_ttft_component_regression/phase1/input6000_rate2p5_reuse00_seed1,158,0.0,20.41212390119087,20.41212390119087,768.9778816891909,8.43769498715119e-15,789.3900055903817,14.873055,753.0071,0.0,767.880155
2026-07-16_ttft_component_regression/phase1/input6000_rate2p5_reuse00_seed1,136,0.04674869843904961,15.908194257222137,15.954942955661187,768.9778816891909,8.43769498715119e-15,784.9328246448521,103.276815,723.193914,0.0,826.470729
2026-07-16_ttft_component_regression/phase1/input6000_rate2p5_reuse00_seed1,156,0.0,18.809370888855707,18.809370888855707,768.9778816891909,8.43769498715119e-15,787.7872525780466,11.731537,735.189268,0.0,746.920805
2026-07-16_ttft_component_regression/phase1/input6000_rate2p5_reuse00_seed1,174,0.0,21.03046711065698,21.03046711065698,768.9778816891909,8.43769498715119e-15,790.0083487998479,10.546072,756.768551,0.0,767.314623
2026-07-16_ttft_component_regression/phase1/input6000_rate2p5_reuse00_seed1,151,0.04668821037282923,15.996491817710096,16.043180028082926,768.9778816891909,8.43769498715119e-15,785.0210617172738,5.37631,726.303718,0.0,731.680028
2026-07-16_ttft_component_regression/phase1/input6000_rate2p5_reuse00_seed1,190,0.06668064922108262,20.535131968277977,20.60181261749906,768.9778816891909,8.43769498715119e-15,789.5796943066899,51.195475,1047.132622,0.0,1098.328097
2026-07-16_ttft_component_regression/phase1/input6000_rate2p5_reuse00_seed1,191,0.4858965561466245,22.5678307460172,23.053727302163825,768.9778816891909,8.43769498715119e-15,792.0316089913547,451.456397,1016.625129,0.0,1468.081526
2026-07-16_ttft_component_regression/phase1/input6000_rate2p5_reuse00_seed1,166,0.0,20.423825949482012,20.423825949482012,768.9778816891909,8.43769498715119e-15,789.4017076386729,1.65067,745.083779,0.0,746.734449
2026-07-16_ttft_component_regression/phase1/input6000_rate2p5_reuse00_seed1,186,0.0,19.574769399614116,19.574769399614116,768.9778816891909,8.43769498715119e-15,788.552651088805,22.673431,752.876994,0.0,775.550425
2026-07-16_ttft_component_regression/phase1/input6000_rate2p5_reuse00_seed1,211,0.49353730265866685,21.57524689445182,22.068784197110485,768.9778816891909,8.43769498715119e-15,791.0466658863014,0.96186,774.98183,0.0,775.94369
2026-07-16_ttft_component_regression/phase1/input6000_rate2p5_reuse00_seed1,225,0.0,21.01020271379919,21.01020271379919,768.9778816891909,8.43769498715119e-15,789.9880844029901,18.136979,747.560223,0.0,765.697202
2026-07-16_ttft_component_regression/phase1/input6000_rate2p5_reuse00_seed1,226,0.06003082460593264,22.023664043774307,22.08369486838024,768.9778816891909,8.43769498715119e-15,791.0615765575711,89.389919,756.922403,0.0,846.312322
2026-07-16_ttft_component_regression/phase1/input6000_rate2p5_reuse00_seed1,221,0.4888656624280227,24.275303828300814,24.764169490728836,768.9778816891909,8.43769498715119e-15,793.7420511799197,18.839525,767.523504,0.0,786.363029
2026-07-16_ttft_component_regression/phase1/input6000_rate2p5_reuse00_seed1,236,0.0,21.025902911181074,21.025902911181074,768.9778816891909,8.43769498715119e-15,790.003784600372,14.160135,742.287733,0.0,756.447868
2026-07-16_ttft_component_regression/phase1/input6000_rate2p5_reuse00_seed1,261,0.0,19.590523361993682,19.590523361993682,768.9778816891909,8.43769498715119e-15,788.5684050511845,11.470534,744.600538,0.0,756.071072
2026-07-16_ttft_component_regression/phase1/input6000_rate2p5_reuse00_seed1,264,0.0750463135419282,20.60256525109991,20.67761156464184,768.9778816891909,8.43769498715119e-15,789.6554932538328,20.564829,764.662552,0.0,785.227381
2026-07-16_ttft_component_regression/phase1/input6000_rate2p5_reuse00_seed1,246,0.0,18.84967175195681,18.84967175195681,768.9778816891909,8.43769498715119e-15,787.8275534411478,7.964468,738.375526,0.0,746.339994
2026-07-16_ttft_component_regression/phase1/input6000_rate2p5_reuse00_seed1,250,0.0,18.86772145229022,18.86772145229022,768.9778816891909,8.43769498715119e-15,787.8456031414811,10.132092,732.693636,0.0,742.825728
2026-07-16_ttft_component_regression/phase1/input6000_rate2p5_reuse00_seed1,256,0.0,18.99839443537699,18.99839443537699,768.9778816891909,8.43769498715119e-15,787.9762761245679,23.834098,739.9724,0.0,763.806498
2026-07-16_ttft_component_regression/phase1/input6000_rate2p5_reuse00_seed1,268,1.2602924659274342,25.616799829065517,26.877092294992952,768.9778816891909,0.6224729862840104,796.4774469704679,11.075213,768.24298,0.619393,779.937586
2026-07-16_ttft_component_regression/phase1/input6000_rate2p5_reuse00_seed1,280,0.08523646693870185,22.24091141542821,22.326147882366914,768.9778816891909,8.43769498715119e-15,791.3040295715579,12.65518,767.460756,0.0,780.115936
2026-07-16_ttft_component_regression/phase1/input6000_rate2p5_reuse00_seed1,291,0.08961909212642392,22.27786088341749,22.36747997554391,768.9778816891909,8.43769498715119e-15,791.3453616647348,21.936469,751.011072,0.0,772.947541
2026-07-16_ttft_component_regression/phase1/input6000_rate2p5_reuse00_seed1,11,0.0,0.26602978644191466,0.26602978644191466,768.9778816891909,8.43769498715119e-15,769.2439114756328,0.020948,676.342498,0.0,676.363446
2026-07-16_ttft_component_regression/phase1/input6000_rate2p5_reuse00_seed1,26,0.0,13.037131308561122,13.037131308561122,768.9778816891909,8.43769498715119e-15,782.015012997752,4.607397,705.66878,0.0,710.276177
2026-07-16_ttft_component_regression/phase1/input6000_rate2p5_reuse00_seed1,18,0.019656237301291086,7.492138049562413,7.5117942868637035,768.9778816891909,8.43769498715119e-15,776.4896759760546,14.563158,707.564911,0.0,722.128069
2026-07-16_ttft_component_regression/phase1/input6000_rate2p5_reuse00_seed1,20,0.0,13.177182557566324,13.177182557566324,768.9778816891909,8.43769498715119e-15,782.1550642467572,375.334939,939.454596,0.0,1314.789535
2026-07-16_ttft_component_regression/phase1/input6000_rate2p5_reuse00_seed1,43,0.0,13.03946812624102,13.03946812624102,768.9778816891909,8.43769498715119e-15,782.0173498154319,6.979914,707.366604,0.0,714.346518
2026-07-16_ttft_component_regression/phase1/input6000_rate2p5_reuse00_seed1,53,1.199104552894755,25.539568073382732,26.738672626277488,768.9778816891909,0.6224729862840104,796.3390273017524,19.810006,711.290286,0.619393,731.719685
2026-07-16_ttft_component_regression/phase1/input6000_rate2p5_reuse00_seed1,65,1.1797515431879646,25.512291415442856,26.69204295863082,768.9778816891909,0.6224729862840104,796.2923976341058,14.998407,709.940142,0.619393,725.557942
2026-07-16_ttft_component_regression/phase1/input6000_rate2p5_reuse00_seed1,56,1.214263224874913,25.559970062307197,26.77423328718211,768.9778816891909,0.6224729862840104,796.3745879626571,0.42421800000000004,717.828434,0.619393,718.872045
2026-07-16_ttft_component_regression/phase1/input6000_rate2p5_reuse00_seed1,49,0.0,13.071310461335825,13.071310461335825,768.9778816891909,8.43769498715119e-15,782.0491921505267,12.483394,707.352204,0.0,719.835598
2026-07-16_ttft_component_regression/phase1/input6000_rate2p5_reuse00_seed1,72,1.1840388783310738,25.518453576263376,26.70249245459445,768.9778816891909,0.6224729862840104,796.3028471300694,6.305956999999999,735.93491,0.619393,742.86026
2026-07-16_ttft_component_regression/phase1/input6000_rate2p5_reuse00_seed1,82,0.0,20.980053434544093,20.980053434544093,768.9778816891909,8.43769498715119e-15,789.957935123735,9.492205,758.147703,0.0,767.639908
2026-07-16_ttft_component_regression/phase1/input6000_rate2p5_reuse00_seed1,70,1.199104552894755,25.539568073382732,26.738672626277488,768.9778816891909,0.6224729862840104,796.3390273017524,189.518683,969.9887,0.619393,1160.126776
2026-07-16_ttft_component_regression/phase1/input6000_rate2p5_reuse00_seed1,91,0.0461796383328776,21.900679005199144,21.94685864353202,768.9778816891909,8.43769498715119e-15,790.9247403327229,1.325348,766.965626,0.0,768.290974
2026-07-16_ttft_component_regression/phase1/input6000_rate2p5_reuse00_seed1,69,1.2077552929236162,25.551314249277407,26.759069542201022,768.9778816891909,0.6224729862840104,796.359424217676,7.108741,730.016009,0.619393,737.744143
2026-07-16_ttft_component_regression/phase1/input6000_rate2p5_reuse00_seed1,120,0.04674717522187752,15.848946571167195,15.895693746389073,768.9778816891909,8.43769498715119e-15,784.8735754355799,13.614493,734.364349,0.0,747.978842
2026-07-16_ttft_component_regression/phase1/input6000_rate2p5_reuse00_seed1,123,0.0,18.764108989354412,18.764108989354412,768.9778816891909,8.43769498715119e-15,787.7419906785453,10.407287,754.641735,0.0,765.049022
2026-07-16_ttft_component_regression/phase1/input6000_rate2p5_reuse00_seed1,139,0.0,13.0302180100383,13.0302180100383,768.9778816891909,8.43769498715119e-15,782.0080996992292,6.732814,723.109257,0.0,729.842071
2026-07-16_ttft_component_regression/phase1/input6000_rate2p5_reuse00_seed1,124,0.0,20.41053902496111,20.41053902496111,768.9778816891909,8.43769498715119e-15,789.3884207141521,74.288244,997.426705,0.0,1071.714949
2026-07-16_ttft_component_regression/phase1/input6000_rate2p5_reuse00_seed1,144,0.016375512527437443,13.375766181010311,13.392141693537749,768.9778816891909,8.43769498715119e-15,782.3700233827286,4.778486,723.07659,0.0,727.855076
2026-07-16_ttft_component_regression/phase1/input6000_rate2p5_reuse00_seed1,162,0.0,18.83436589219235,18.83436589219235,768.9778816891909,8.43769498715119e-15,787.8122475813832,7.796951,735.257023,0.0,743.053974
2026-07-16_ttft_component_regression/phase1/input6000_rate2p5_reuse00_seed1,160,0.04665104239998247,16.025760561417478,16.07241160381746,768.9778816891909,8.43769498715119e-15,785.0502932930084,20.415959,735.872567,0.0,756.288526
2026-07-16_ttft_component_regression/phase1/input6000_rate2p5_reuse00_seed1,199,0.018132843346554156,12.513082955677044,12.531215799023599,768.9778816891909,8.43769498715119e-15,781.5090974882145,2.057212,725.048205,0.0,727.105417
2026-07-16_ttft_component_regression/phase1/input6000_rate2p5_reuse00_seed1,177,0.0,18.88834658571248,18.88834658571248,768.9778816891909,8.43769498715119e-15,787.8662282749034,21.76865,740.001373,0.0,761.770023
2026-07-16_ttft_component_regression/phase1/input6000_rate2p5_reuse00_seed1,205,1.1849167625121007,24.37572324649368,25.56064000900578,768.9778816891909,0.6224729862840104,795.1609946844807,20.095361,746.25634,0.619393,766.971094
2026-07-16_ttft_component_regression/phase1/input6000_rate2p5_reuse00_seed1,216,1.1784848781219766,24.366773861887605,25.545258740009583,768.9778816891909,0.6224729862840104,795.1456134154845,14.940569,761.072612,0.619393,776.632574
2026-07-16_ttft_component_regression/phase1/input6000_rate2p5_reuse00_seed1,207,0.0,18.993449981777164,18.993449981777164,768.9778816891909,8.43769498715119e-15,787.9713316709681,623.409991,1023.015845,0.0,1646.425836
2026-07-16_ttft_component_regression/phase1/input6000_rate2p5_reuse00_seed1,208,0.0,308.8840754862909,308.8840754862909,768.9778816891909,8.43769498715119e-15,1077.8619571754818,1273.372323,983.391252,0.0,2256.763575
2026-07-16_ttft_component_regression/phase1/input6000_rate2p5_reuse00_seed1,206,1.2457736197760227,24.453218893417194,25.698992513193218,768.9778816891909,0.6224729862840104,795.2993471886682,371.957865,1012.100962,0.619393,1384.67822
2026-07-16_ttft_component_regression/phase1/input6000_rate2p5_reuse00_seed1,259,0.0,12.167373097230112,12.167373097230112,768.9778816891909,8.43769498715119e-15,781.145254786421,11.882153,703.820429,0.0,715.702582
2026-07-16_ttft_component_regression/phase1/input6000_rate2p5_reuse00_seed1,274,0.0,13.166602871407102,13.166602871407102,768.9778816891909,8.43769498715119e-15,782.144484560598,13.673378,703.637974,0.0,717.311352
2026-07-16_ttft_component_regression/phase1/input6000_rate2p5_reuse00_seed1,257,0.017469214592312307,6.996214048484428,7.01368326307674,768.9778816891909,8.43769498715119e-15,775.9915649522676,16.436489,710.357611,0.0,726.7941
2026-07-16_ttft_component_regression/phase1/input6000_rate2p5_reuse00_seed1,279,0.0,13.081651141893426,13.081651141893426,768.9778816891909,8.43769498715119e-15,782.0595328310843,12.906933,719.818069,0.0,732.725002
2026-07-16_ttft_component_regression/phase1/input6000_rate2p5_reuse00_seed1,290,0.017694699001890267,13.450309598441752,13.468004297443642,768.9778816891909,8.43769498715119e-15,782.4458859866345,3.503799,738.984893,0.0,742.488692
2026-07-16_ttft_component_regression/phase1/input6000_rate2p5_reuse00_seed1,292,0.046341866098820086,14.958586274842785,15.004928140941605,768.9778816891909,8.43769498715119e-15,783.9828098301325,148.323177,985.402786,0.0,1133.725963
2026-07-16_ttft_component_regression/phase1/input6000_rate2p5_reuse00_seed1,19,0.0,13.170128262894881,13.170128262894881,768.9778816891909,8.43769498715119e-15,782.1480099520858,11.883049,699.555034,0.0,711.438083
2026-07-16_ttft_component_regression/phase1/input6000_rate2p5_reuse00_seed1,12,0.0,0.2992596639007519,0.2992596639007519,768.9778816891909,8.43769498715119e-15,769.2771413530917,0.007838,676.342498,0.0,676.350336
2026-07-16_ttft_component_regression/phase1/input6000_rate2p5_reuse00_seed1,16,0.01885172513542867,7.527126052480244,7.545977777615673,768.9778816891909,8.43769498715119e-15,776.5238594668066,15.734152,694.093484,0.0,709.827636
2026-07-16_ttft_component_regression/phase1/input6000_rate2p5_reuse00_seed1,24,0.0,13.071310461335825,13.071310461335825,768.9778816891909,8.43769498715119e-15,782.0491921505267,8.47162,705.630188,0.0,714.101808
2026-07-16_ttft_component_regression/phase1/input6000_rate2p5_reuse00_seed1,44,0.0,18.85270399024826,18.85270399024826,768.9778816891909,8.43769498715119e-15,787.8305856794392,18.72232,724.223882,0.0,742.946202
2026-07-16_ttft_component_regression/phase1/input6000_rate2p5_reuse00_seed1,41,0.01825176892880285,12.519481935601737,12.53773370453054,768.9778816891909,8.43769498715119e-15,781.5156153937214,18.762209,724.74316,0.0,743.505369
2026-07-16_ttft_component_regression/phase1/input6000_rate2p5_reuse00_seed1,42,0.04625324289922227,14.992310321824315,15.038563564723537,768.9778816891909,8.43769498715119e-15,784.0164452539144,213.140234,963.296868,0.0,1176.437102
2026-07-16_ttft_component_regression/phase1/input6000_rate2p5_reuse00_seed1,66,0.0,12.111300009077391,12.111300009077391,768.9778816891909,8.43769498715119e-15,781.0891816982682,14.209414,706.793804,0.0,721.003218
2026-07-16_ttft_component_regression/phase1/input6000_rate2p5_reuse00_seed1,84,0.01840976729992662,13.491352504574346,13.509762271874273,768.9778816891909,8.43769498715119e-15,782.4876439610651,3.703255,711.407182,0.0,715.110437
2026-07-16_ttft_component_regression/phase1/input6000_rate2p5_reuse00_seed1,80,0.0,13.092245283639214,13.092245283639214,768.9778816891909,8.43769498715119e-15,782.07012697283,18.89228,707.396524,0.0,726.288804
2026-07-16_ttft_component_regression/phase1/input6000_rate2p5_reuse00_seed1,89,0.04647042415748758,16.120273191621035,16.166743615778522,768.9778816891909,8.43769498715119e-15,785.1446253049694,17.465546,717.990258,0.0,735.455804
2026-07-16_ttft_component_regression/phase1/input6000_rate2p5_reuse00_seed1,113,0.0,13.073871804703561,13.073871804703561,768.9778816891909,8.43769498715119e-15,782.0517534938945,9.472919,710.323435,0.0,719.796354
2026-07-16_ttft_component_regression/phase1/input6000_rate2p5_reuse00_seed1,119,0.01852861527217699,13.498218836827231,13.516747452099407,768.9778816891909,8.43769498715119e-15,782.4946291412903,13.909938,726.709048,0.0,740.618986
2026-07-16_ttft_component_regression/phase1/input6000_rate2p5_reuse00_seed1,147,0.0,13.068765033458918,13.068765033458918,768.9778816891909,8.43769498715119e-15,782.0466467226498,1.241015,723.060158,0.0,724.301173
2026-07-16_ttft_component_regression/phase1/input6000_rate2p5_reuse00_seed1,157,0.04664040723058241,16.03306435445592,16.079704761686504,768.9778816891909,8.43769498715119e-15,785.0575864508774,5.246624,735.222367,0.0,740.468991
2026-07-16_ttft_component_regression/phase1/input6000_rate2p5_reuse00_seed1,142,0.0,13.13494436597712,13.13494436597712,768.9778816891909,8.43769498715119e-15,782.1128260551681,11.156673,706.558129,0.0,717.714802
2026-07-16_ttft_component_regression/phase1/input6000_rate2p5_reuse00_seed1,149,0.01840976729992662,13.491352504574346,13.509762271874273,768.9778816891909,8.43769498715119e-15,782.4876439610651,37.926422,729.25449,0.0,767.180912
2026-07-16_ttft_component_regression/phase1/input6000_rate2p5_reuse00_seed1,168,0.0,18.809370888855707,18.809370888855707,768.9778816891909,8.43769498715119e-15,787.7872525780466,19.91045,744.281912,0.0,764.192362
2026-07-16_ttft_component_regression/phase1/input6000_rate2p5_reuse00_seed1,182,0.0520397059936292,357.9731183507507,358.0251580567444,768.9778816891909,8.43769498715119e-15,1127.0030397459352,490.105676,1044.006233,0.0,1534.111909
2026-07-16_ttft_component_regression/phase1/input6000_rate2p5_reuse00_seed1,176,0.0,21.025902911181074,21.025902911181074,768.9778816891909,8.43769498715119e-15,790.003784600372,470.239754,998.952372,0.0,1469.192126
2026-07-16_ttft_component_regression/phase1/input6000_rate2p5_reuse00_seed1,181,0.0,21.00579449480526,21.00579449480526,768.9778816891909,8.43769498715119e-15,789.9836761839962,13.09792,760.284944,0.0,773.382864
2026-07-16_ttft_component_regression/phase1/input6000_rate2p5_reuse00_seed1,185,0.4618140587535362,24.142202721351815,24.60401678010535,768.9778816891909,8.43769498715119e-15,793.5818984692962,577.900461,1011.087261,0.0,1588.987722
2026-07-16_ttft_component_regression/phase1/input6000_rate2p5_reuse00_seed1,175,0.0,20.421509644155748,20.421509644155748,768.9778816891909,8.43769498715119e-15,789.3993913333467,9.405454,754.032052,0.0,763.437506
2026-07-16_ttft_component_regression/phase1/input6000_rate2p5_reuse00_seed1,201,0.46292207565143045,22.462258991888596,22.925181067540027,768.9778816891909,8.43769498715119e-15,791.903062756731,9.875389,759.432698,0.0,769.308087
2026-07-16_ttft_component_regression/phase1/input6000_rate2p5_reuse00_seed1,238,0.01840976729992662,13.491352504574346,13.509762271874273,768.9778816891909,8.43769498715119e-15,782.4876439610651,12.923825,703.679973,0.0,716.603798
2026-07-16_ttft_component_regression/phase1/input6000_rate2p5_reuse00_seed1,232,0.01840976729992662,13.491352504574346,13.509762271874273,768.9778816891909,8.43769498715119e-15,782.4876439610651,11.224835,729.248104,0.0,740.472939
2026-07-16_ttft_component_regression/phase1/input6000_rate2p5_reuse00_seed1,239,0.04639619886938102,16.149155882857407,16.195552081726788,768.9778816891909,8.43769498715119e-15,785.1734337709177,4.876031,732.987702,0.0,737.863733
2026-07-16_ttft_component_regression/phase1/input6000_rate2p5_reuse00_seed1,285,0.01871271416120955,7.532633586209445,7.551346300370654,768.9778816891909,8.43769498715119e-15,776.5292279895616,8.83033,702.212545,0.0,711.042875
2026-07-16_ttft_component_regression/phase1/input6000_rate2p5_reuse00_seed1,1,0.0,0.2771283176749792,0.2771283176749792,768.9778816891909,8.43769498715119e-15,769.2550100068659,1.243205,676.342498,0.0,677.585703
2026-07-16_ttft_component_regression/phase1/input6000_rate2p5_reuse00_seed1,23,0.0,13.20189929719559,13.20189929719559,768.9778816891909,8.43769498715119e-15,782.1797809863865,10.131705,700.374458,0.0,710.506163
2026-07-16_ttft_component_regression/phase1/input6000_rate2p5_reuse00_seed1,13,0.019393774527223812,7.504172594109175,7.5235663686363985,768.9778816891909,8.43769498715119e-15,776.5014480578272,6.419872,694.970732,0.0,701.390604
2026-07-16_ttft_component_regression/phase1/input6000_rate2p5_reuse00_seed1,32,0.0,13.170128262894881,13.170128262894881,768.9778816891909,8.43769498715119e-15,782.1480099520858,0.218229,700.680378,0.0,700.898607
2026-07-16_ttft_component_regression/phase1/input6000_rate2p5_reuse00_seed1,60,0.019656237301291086,7.492138049562413,7.5117942868637035,768.9778816891909,8.43769498715119e-15,776.4896759760546,3.495809,696.193004,0.0,699.688813
2026-07-16_ttft_component_regression/phase1/input6000_rate2p5_reuse00_seed1,90,0.0,0.2992596639007519,0.2992596639007519,768.9778816891909,8.43769498715119e-15,769.2771413530917,0.001302,676.342498,0.0,676.3438
2026-07-16_ttft_component_regression/phase1/input6000_rate2p5_reuse00_seed1,121,0.0,13.194834263823978,13.194834263823978,768.9778816891909,8.43769498715119e-15,782.1727159530149,11.016474,700.49593,0.0,711.512404
2026-07-16_ttft_component_regression/phase1/input6000_rate2p5_reuse00_seed1,128,0.0,13.02345084654018,13.02345084654018,768.9778816891909,8.43769498715119e-15,782.0013325357311,13.834366,706.417484,0.0,720.25185
2026-07-16_ttft_component_regression/phase1/input6000_rate2p5_reuse00_seed1,115,0.01898934846034082,7.521526464698785,7.540515813159126,768.9778816891909,8.43769498715119e-15,776.51839750235,4.401801,695.60206,0.0,700.003861
2026-07-16_ttft_component_regression/phase1/input6000_rate2p5_reuse00_seed1,143,0.0,12.991825406129982,12.991825406129982,768.9778816891909,8.43769498715119e-15,781.9697070953209,5.937127,706.462636,0.0,712.399763
2026-07-16_ttft_component_regression/phase1/input6000_rate2p5_reuse00_seed1,163,0.0,13.240759601911307,13.240759601911307,768.9778816891909,8.43769498715119e-15,782.2186412911022,18.303567,701.163258,0.0,719.466825
2026-07-16_ttft_component_regression/phase1/input6000_rate2p5_reuse00_seed1,187,0.0,12.089273680934337,12.089273680934337,768.9778816891909,8.43769498715119e-15,781.0671553701252,17.016873,720.77694,0.0,737.793813
2026-07-16_ttft_component_regression/phase1/input6000_rate2p5_reuse00_seed1,194,0.049066332851064154,14.098003514797098,14.147069847648162,768.9778816891909,8.43769498715119e-15,783.124951536839,16.315176,724.321352,0.0,740.636528
2026-07-16_ttft_component_regression/phase1/input6000_rate2p5_reuse00_seed1,173,0.0,13.0302180100383,13.0302180100383,768.9778816891909,8.43769498715119e-15,782.0080996992292,124.936245,973.008907,0.0,1097.945152
2026-07-16_ttft_component_regression/phase1/input6000_rate2p5_reuse00_seed1,170,0.0,13.230164810886105,13.230164810886105,768.9778816891909,8.43769498715119e-15,782.208046500077,10.609456,729.560199,0.0,740.169655
2026-07-16_ttft_component_regression/phase1/input6000_rate2p5_reuse00_seed1,192,0.018384453752180858,11.824683403231694,11.843067856983874,768.9778816891909,8.43769498715119e-15,780.8209495461748,1.760027,716.056249,0.0,717.816276
2026-07-16_ttft_component_regression/phase1/input6000_rate2p5_reuse00_seed1,222,0.0,17.477888487235294,17.477888487235294,768.9778816891909,8.43769498715119e-15,786.4557701764262,18.090238,737.129396,0.0,755.219634
2026-07-16_ttft_component_regression/phase1/input6000_rate2p5_reuse00_seed1,230,0.0,18.806202403629655,18.806202403629655,768.9778816891909,8.43769498715119e-15,787.7840840928205,2.350515,739.150075,0.0,741.50059
2026-07-16_ttft_component_regression/phase1/input6000_rate2p5_reuse00_seed1,219,0.0,17.47492330140177,17.47492330140177,768.9778816891909,8.43769498715119e-15,786.4528049905927,9.219599,737.9638,0.0,747.183399
2026-07-16_ttft_component_regression/phase1/input6000_rate2p5_reuse00_seed1,237,0.04672265913988527,15.9597885241422,16.006511183282086,768.9778816891909,8.43769498715119e-15,784.984392872473,18.728762,727.108967,0.0,745.837729
2026-07-16_ttft_component_regression/phase1/input6000_rate2p5_reuse00_seed1,243,0.014440176959105712,13.269008367328501,13.283448544287607,768.9778816891909,8.43769498715119e-15,782.2613302334785,15.811577,725.776171,0.0,741.587748
2026-07-16_ttft_component_regression/phase1/input6000_rate2p5_reuse00_seed1,265,0.0,19.53201602170717,19.53201602170717,768.9778816891909,8.43769498715119e-15,788.509897710898,21.676226,744.328127,0.0,766.004353
2026-07-16_ttft_component_regression/phase1/input6000_rate2p5_reuse00_seed1,260,0.0,17.45086887045349,17.45086887045349,768.9778816891909,8.43769498715119e-15,786.4287505596444,16.206872,735.55234,0.0,751.759212
2026-07-16_ttft_component_regression/phase1/input6000_rate2p5_reuse00_seed1,251,0.04674869843904961,15.908194257222137,15.954942955661187,768.9778816891909,8.43769498715119e-15,784.9328246448521,12.236215,730.435344,0.0,742.671559
2026-07-16_ttft_component_regression/phase1/input6000_rate2p5_reuse00_seed1,262,0.0,18.977580781956206,18.977580781956206,768.9778816891909,8.43769498715119e-15,787.9554624711471,22.945459,735.155654,0.0,758.101113
2026-07-16_ttft_component_regression/phase1/input6000_rate2p5_reuse00_seed1,283,0.0,330.0689916811869,330.0689916811869,768.9778816891909,8.43769498715119e-15,1099.0468733703779,956.581648,1009.389969,0.0,1965.971617
2026-07-16_ttft_component_regression/phase1/input6000_rate2p5_reuse00_seed1,282,0.0,20.416842128425394,20.416842128425394,768.9778816891909,8.43769498715119e-15,789.3947238176163,273.388183,1020.317028,0.0,1293.705211
2026-07-16_ttft_component_regression/phase1/input6000_rate2p5_reuse00_seed1,293,0.0,20.997080080818147,20.997080080818147,768.9778816891909,8.43769498715119e-15,789.974961770009,6.403058,758.305399,0.0,764.708457
2026-07-16_ttft_component_regression/phase1/input6000_rate2p5_reuse00_seed1,281,0.0,18.831275667655447,18.831275667655447,768.9778816891909,8.43769498715119e-15,787.8091573568463,6.251839,748.737923,0.0,754.989762
2026-07-16_ttft_component_regression/phase1/input6000_rate2p5_reuse00_seed1,17,0.0,0.29373556191048844,0.29373556191048844,768.9778816891909,8.43769498715119e-15,769.2716172511014,0.004981,676.342498,0.0,676.347479
2026-07-16_ttft_component_regression/phase1/input6000_rate2p5_reuse00_seed1,25,0.01892071099160751,7.524337782970762,7.5432584939623695,768.9778816891909,8.43769498715119e-15,776.5211401831533,13.914198,694.340172,0.0,708.25437
2026-07-16_ttft_component_regression/phase1/input6000_rate2p5_reuse00_seed1,47,0.01949804555002094,6.922608115388429,6.94210616093845,768.9778816891909,8.43769498715119e-15,775.9199878501294,4.993819,696.202348,0.0,701.196167
2026-07-16_ttft_component_regression/phase1/input6000_rate2p5_reuse00_seed1,54,0.02042940829334727,6.877376854464778,6.897806262758126,768.9778816891909,8.43769498715119e-15,775.875687951949,7.140544,694.251404,0.0,701.391948
2026-07-16_ttft_component_regression/phase1/input6000_rate2p5_reuse00_seed1,63,0.0,12.991825406129982,12.991825406129982,768.9778816891909,8.43769498715119e-15,781.9697070953209,25.0335,946.863652,0.0,971.897152
2026-07-16_ttft_component_regression/phase1/input6000_rate2p5_reuse00_seed1,61,0.0,13.265449999593905,13.265449999593905,768.9778816891909,8.43769498715119e-15,782.2433316887848,9.970733,713.13063,0.0,723.101363
2026-07-16_ttft_component_regression/phase1/input6000_rate2p5_reuse00_seed1,73,0.04655648253442795,14.670381721807559,14.716938204341986,768.9778816891909,8.43769498715119e-15,783.6948198935329,7.035482,716.950482,0.0,723.985964
2026-07-16_ttft_component_regression/phase1/input6000_rate2p5_reuse00_seed1,71,0.014039720202422116,12.299732613222265,12.313772333424687,768.9778816891909,8.43769498715119e-15,781.2916540226156,3.195574,710.275534,0.0,713.471108
2026-07-16_ttft_component_regression/phase1/input6000_rate2p5_reuse00_seed1,76,0.0,17.419959719404904,17.419959719404904,768.9778816891909,8.43769498715119e-15,786.3978414085958,173.593417,723.083722,0.0,896.677139
2026-07-16_ttft_component_regression/phase1/input6000_rate2p5_reuse00_seed1,98,0.0,20.99277346291714,20.99277346291714,768.9778816891909,8.43769498715119e-15,789.9706551521081,7.580659,742.575398,0.0,750.156057
2026-07-16_ttft_component_regression/phase1/input6000_rate2p5_reuse00_seed1,95,0.0,20.986376178900546,20.986376178900546,768.9778816891909,8.43769498715119e-15,789.9642578680914,5.992966,735.286357,0.0,741.279323
2026-07-16_ttft_component_regression/phase1/input6000_rate2p5_reuse00_seed1,81,0.0,20.40494053684457,20.40494053684457,768.9778816891909,8.43769498715119e-15,789.3828222260355,5.867518,729.124802,0.0,734.99232
2026-07-16_ttft_component_regression/phase1/input6000_rate2p5_reuse00_seed1,109,0.0,19.538220867958476,19.538220867958476,768.9778816891909,8.43769498715119e-15,788.5161025571493,18.541524,746.789285,0.0,765.330809
2026-07-16_ttft_component_regression/phase1/input6000_rate2p5_reuse00_seed1,122,0.0,21.035066558161706,21.035066558161706,768.9778816891909,8.43769498715119e-15,790.0129482473526,13.702886,744.211536,0.0,757.914422
2026-07-16_ttft_component_regression/phase1/input6000_rate2p5_reuse00_seed1,118,0.0,20.423825949482012,20.423825949482012,768.9778816891909,8.43769498715119e-15,789.4017076386729,7.539915,735.360526,0.0,742.900441
2026-07-16_ttft_component_regression/phase1/input6000_rate2p5_reuse00_seed1,140,0.0,21.037379566689413,21.037379566689413,768.9778816891909,8.43769498715119e-15,790.0152612558803,16.28905,753.069158,0.0,769.358208
2026-07-16_ttft_component_regression/phase1/input6000_rate2p5_reuse00_seed1,150,0.0,20.41840335448782,20.41840335448782,768.9778816891909,8.43769498715119e-15,789.3962850436787,23.378728,750.642322,0.0,774.02105
2026-07-16_ttft_component_regression/phase1/input6000_rate2p5_reuse00_seed1,165,0.04672265913988527,15.9597885241422,16.006511183282086,768.9778816891909,8.43769498715119e-15,784.984392872473,17.192891,735.016452,0.0,752.209343
2026-07-16_ttft_component_regression/phase1/input6000_rate2p5_reuse00_seed1,184,0.04669616434469619,15.98916145062943,16.035857614974127,768.9778816891909,8.43769498715119e-15,785.013739304165,0.397537,734.531964,0.0,734.929501
2026-07-16_ttft_component_regression/phase1/input6000_rate2p5_reuse00_seed1,178,0.01709633102077765,13.416312510026044,13.433408841046822,768.9778816891909,8.43769498715119e-15,782.4112905302377,14.95209,726.214606,0.0,741.166696
2026-07-16_ttft_component_regression/phase1/input6000_rate2p5_reuse00_seed1,197,0.019468423474706124,11.878960565637577,11.898428989112283,768.9778816891909,8.43769498715119e-15,780.8763106783032,10.66576,726.086523,0.0,736.752283
2026-07-16_ttft_component_regression/phase1/input6000_rate2p5_reuse00_seed1,215,0.0,16.697015403630466,16.697015403630466,768.9778816891909,8.43769498715119e-15,785.6748970928213,13.160416,736.751729,0.0,749.912145
2026-07-16_ttft_component_regression/phase1/input6000_rate2p5_reuse00_seed1,213,0.06817093256680334,14.56872509901165,14.636896031578452,768.9778816891909,8.43769498715119e-15,783.6147777207693,19.551664,735.738425,0.0,755.290089
2026-07-16_ttft_component_regression/phase1/input6000_rate2p5_reuse00_seed1,234,0.046670698866711643,16.011136819101807,16.05780751796852,768.9778816891909,8.43769498715119e-15,785.0356892071594,13.710063,738.569964,0.0,752.280027
2026-07-16_ttft_component_regression/phase1/input6000_rate2p5_reuse00_seed1,224,0.046629232731797726,16.04036270546147,16.08699193819327,768.9778816891909,8.43769498715119e-15,785.0648736273841,6.155905,738.363026,0.0,744.518931
2026-07-16_ttft_component_regression/phase1/input6000_rate2p5_reuse00_seed1,248,0.04674388287898735,15.922959737347115,15.969703620226102,768.9778816891909,8.43769498715119e-15,784.947585309417,109.638769,728.525816,0.0,838.164585
2026-07-16_ttft_component_regression/phase1/input6000_rate2p5_reuse00_seed1,255,0.04657457896976598,14.80176935849382,14.848343937463586,768.9778816891909,8.43769498715119e-15,783.8262256266545,16.3406,730.475116,0.0,746.815716
2026-07-16_ttft_component_regression/phase1/input6000_rate2p5_reuse00_seed1,245,0.046661139268801576,16.0184513688242,16.065112508093,768.9778816891909,8.43769498715119e-15,785.0429941972839,8.331817,732.275513,0.0,740.60733
2026-07-16_ttft_component_regression/phase1/input6000_rate2p5_reuse00_seed1,278,0.017335939052491086,13.4298887628492,13.447224701901693,768.9778816891909,8.43769498715119e-15,782.4251063910926,16.272515,726.996863,0.0,743.269378
2026-07-16_ttft_component_regression/phase1/input6000_rate2p5_reuse00_seed1,294,0.0,13.051394241968207,13.051394241968207,768.9778816891909,8.43769498715119e-15,782.0292759311591,17.385727,710.606033,0.0,727.99176
2026-07-16_ttft_component_regression/phase1/input6000_rate2p5_reuse00_seed1,8,0.0,0.26602978644191466,0.26602978644191466,768.9778816891909,8.43769498715119e-15,769.2439114756328,0.009858,676.342498,0.0,676.352356
2026-07-16_ttft_component_regression/phase1/input6000_rate2p5_reuse00_seed1,21,0.019656237301291086,7.492138049562413,7.5117942868637035,768.9778816891909,8.43769498715119e-15,776.4896759760546,7.074903,694.630988,0.0,701.705891
2026-07-16_ttft_component_regression/phase1/input6000_rate2p5_reuse00_seed1,59,0.01991286624920225,7.479728820593462,7.499641686842664,768.9778816891909,8.43769498715119e-15,776.4775233760336,301.513664,927.033461,0.0,1228.547125
2026-07-16_ttft_component_regression/phase1/input6000_rate2p5_reuse00_seed1,58,0.0,0.28543829603138116,0.28543829603138116,768.9778816891909,8.43769498715119e-15,769.2633199852223,0.010268,689.692786,0.0,689.703054
2026-07-16_ttft_component_regression/phase1/input6000_rate2p5_reuse00_seed1,74,0.0,12.275810939019113,12.275810939019113,768.9778816891909,8.43769498715119e-15,781.25369262821,5.751376,700.313914,0.0,706.06529
2026-07-16_ttft_component_regression/phase1/input6000_rate2p5_reuse00_seed1,79,0.0,13.006123488143933,13.006123488143933,768.9778816891909,8.43769498715119e-15,781.9840051773348,5.814549,706.136812,0.0,711.951361
2026-07-16_ttft_component_regression/phase1/input6000_rate2p5_reuse00_seed1,93,0.04666577653679251,15.744598701525623,15.791264478062416,768.9778816891909,8.43769498715119e-15,784.7691461672533,116.691536,962.092164,0.0,1078.7837
2026-07-16_ttft_component_regression/phase1/input6000_rate2p5_reuse00_seed1,92,0.01371013591173388,13.229498362445,13.243208498356733,768.9778816891909,8.43769498715119e-15,782.2210901875476,1.511303,723.788888,0.0,725.300191
2026-07-16_ttft_component_regression/phase1/input6000_rate2p5_reuse00_seed1,104,0.04668345581051784,15.759554039954892,15.80623749576541,768.9778816891909,8.43769498715119e-15,784.7841191849564,1.126253,717.714994,0.0,718.841247
2026-07-16_ttft_component_regression/phase1/input6000_rate2p5_reuse00_seed1,131,0.013831953740693874,13.236063171145464,13.249895124886157,768.9778816891909,8.43769498715119e-15,782.2277768140771,9.926077,711.068302,0.0,720.994379
2026-07-16_ttft_component_regression/phase1/input6000_rate2p5_reuse00_seed1,116,0.046712797221199524,15.78941751899367,15.836130316214868,768.9778816891909,8.43769498715119e-15,784.8140120054057,18.165714,717.720978,0.0,735.886692
2026-07-16_ttft_component_regression/phase1/input6000_rate2p5_reuse00_seed1,138,0.0,13.010357012178117,13.010357012178117,768.9778816891909,8.43769498715119e-15,781.988238701369,10.944413,716.603054,0.0,727.547467
2026-07-16_ttft_component_regression/phase1/input6000_rate2p5_reuse00_seed1,161,0.015651878347835088,13.33549684397213,13.351148722319966,768.9778816891909,8.43769498715119e-15,782.3290304115109,28.598227,725.836593,0.0,754.43482
2026-07-16_ttft_component_regression/phase1/input6000_rate2p5_reuse00_seed1,159,0.0,13.0302180100383,13.0302180100383,768.9778816891909,8.43769498715119e-15,782.0080996992292,3.063737,721.108009,0.0,724.171746
2026-07-16_ttft_component_regression/phase1/input6000_rate2p5_reuse00_seed1,204,0.0,11.671982089943562,11.671982089943562,768.9778816891909,8.43769498715119e-15,780.6498637791344,8.278361,717.691022,0.0,725.969383
2026-07-16_ttft_component_regression/phase1/input6000_rate2p5_reuse00_seed1,212,0.0,11.814405441580046,11.814405441580046,768.9778816891909,8.43769498715119e-15,780.7922871307709,14.926705,727.499333,0.0,742.426038
2026-07-16_ttft_component_regression/phase1/input6000_rate2p5_reuse00_seed1,218,0.013918093393650254,12.293585453716762,12.307503547110413,768.9778816891909,8.43769498715119e-15,781.2853852363013,12.312406,721.406504,0.0,733.71891
2026-07-16_ttft_component_regression/phase1/input6000_rate2p5_reuse00_seed1,214,0.01741571350372274,11.7769062265823,11.794321940086023,768.9778816891909,8.43769498715119e-15,780.7722036292769,1.470477,725.997007,0.0,727.467484
2026-07-16_ttft_component_regression/phase1/input6000_rate2p5_reuse00_seed1,249,0.019849261096083474,7.482866366044124,7.502715627140208,768.9778816891909,8.43769498715119e-15,776.4805973163311,7.541836,709.535978,0.0,717.077814
2026-07-16_ttft_component_regression/phase1/input6000_rate2p5_reuse00_seed1,240,0.0,13.223099189021218,13.223099189021218,768.9778816891909,8.43769498715119e-15,782.2009808782121,11.854904,707.897033,0.0,719.751937
2026-07-16_ttft_component_regression/phase1/input6000_rate2p5_reuse00_seed1,270,0.0,13.025690298380656,13.025690298380656,768.9778816891909,8.43769498715119e-15,782.0035719875716,5.238244,726.15488,0.0,731.393124
2026-07-16_ttft_component_regression/phase1/input6000_rate2p5_reuse00_seed1,258,0.0,12.239554936676676,12.239554936676676,768.9778816891909,8.43769498715119e-15,781.2174366258675,8.545524,718.868164,0.0,727.413688
2026-07-16_ttft_component_regression/phase1/input6000_rate2p5_reuse00_seed1,272,0.014804380791466478,13.28887171850807,13.303676099299535,768.9778816891909,8.43769498715119e-15,782.2815577884904,18.309573,737.03697,0.0,755.346543
2026-07-16_ttft_component_regression/phase1/input6000_rate2p5_reuse00_seed1,273,0.04675201145256692,15.886010687533224,15.93276269898579,768.9778816891909,8.43769498715119e-15,784.9106443881767,319.691842,972.60524,0.0,1292.297082
2026-07-16_ttft_component_regression/phase1/input6000_rate2p5_reuse00_seed1,289,0.0,20.41291400634345,20.41291400634345,768.9778816891909,8.43769498715119e-15,789.3907956955344,22.389447,739.594851,0.0,761.984298
2026-07-16_ttft_component_regression/phase1/input6000_rate2p5_reuse00_seed1,287,0.0,18.78698389346807,18.78698389346807,768.9778816891909,8.43769498715119e-15,787.764865582659,4.647352,731.517584,0.0,736.164936
2026-07-16_ttft_component_regression/phase1/input6000_rate2p5_reuse00_seed1,7,0.0,13.191302485180602,13.191302485180602,768.9778816891909,8.43769498715119e-15,782.1691841743715,167.57267,699.452954,0.0,867.025624
2026-07-16_ttft_component_regression/phase1/input6000_rate2p5_reuse00_seed1,5,0.0191931557903145,7.5129538694282685,7.532147025218583,768.9778816891909,8.43769498715119e-15,776.5100287144095,17.095302,694.00718,0.0,711.102482
2026-07-16_ttft_component_regression/phase1/input6000_rate2p5_reuse00_seed1,3,0.0,0.2992596639007519,0.2992596639007519,768.9778816891909,8.43769498715119e-15,769.2771413530917,0.034336,676.342498,0.0,676.376834
2026-07-16_ttft_component_regression/phase1/input6000_rate2p5_reuse00_seed1,48,0.0,0.18371313147071594,0.18371313147071594,768.9778816891909,8.43769498715119e-15,769.1615948206617,0.008406,676.342498,0.0,676.350904
2026-07-16_ttft_component_regression/phase1/input6000_rate2p5_reuse00_seed1,85,0.0,0.26880632957273204,0.26880632957273204,768.9778816891909,8.43769498715119e-15,769.2466880187636,0.012741,676.342498,0.0,676.355239
2026-07-16_ttft_component_regression/phase1/input6000_rate2p5_reuse00_seed1,94,0.020038963538093462,7.473383066247489,7.493422029785583,768.9778816891909,8.43769498715119e-15,776.4713037189765,6.644318,694.200076,0.0,700.844394
2026-07-16_ttft_component_regression/phase1/input6000_rate2p5_reuse00_seed1,101,0.0,13.014656184132706,13.014656184132706,768.9778816891909,8.43769498715119e-15,781.9925378733236,146.419092,705.58702,0.0,852.006112
2026-07-16_ttft_component_regression/phase1/input6000_rate2p5_reuse00_seed1,99,0.0,13.226632177266092,13.226632177266092,768.9778816891909,8.43769498715119e-15,782.204513866457,1.256817,699.927514,0.0,701.184331
2026-07-16_ttft_component_regression/phase1/input6000_rate2p5_reuse00_seed1,110,1.1415103556740676,25.454291159075087,26.595801514749155,768.9778816891909,0.6224729862840104,796.1961561902241,16.198394999999998,710.216878,0.619393,727.034666
2026-07-16_ttft_component_regression/phase1/input6000_rate2p5_reuse00_seed1,117,0.046712797221199524,15.78941751899367,15.836130316214868,768.9778816891909,8.43769498715119e-15,784.8140120054057,2.83583,717.172658,0.0,720.008488
2026-07-16_ttft_component_regression/phase1/input6000_rate2p5_reuse00_seed1,127,0.0,20.395138588353255,20.395138588353255,768.9778816891909,8.43769498715119e-15,789.3730202775441,234.668192,989.705278,0.0,1224.37347
2026-07-16_ttft_component_regression/phase1/input6000_rate2p5_reuse00_seed1,125,0.0,18.75081638790391,18.75081638790391,768.9778816891909,8.43769498715119e-15,787.7286980770948,11.339288,735.892542,0.0,747.23183
2026-07-16_ttft_component_regression/phase1/input6000_rate2p5_reuse00_seed1,179,0.0,0.26880632957273204,0.26880632957273204,768.9778816891909,8.43769498715119e-15,769.2466880187636,0.002141,681.221014,0.0,681.223155
2026-07-16_ttft_component_regression/phase1/input6000_rate2p5_reuse00_seed1,183,0.02022530480589977,7.463687318082852,7.483912622888751,768.9778816891909,8.43769498715119e-15,776.4617943120796,155.495758,708.218306,0.0,863.714064
2026-07-16_ttft_component_regression/phase1/input6000_rate2p5_reuse00_seed1,195,0.0,11.728748586094314,11.728748586094314,768.9778816891909,8.43769498715119e-15,780.7066302752852,11.070761,731.11777,0.0,742.188531
2026-07-16_ttft_component_regression/phase1/input6000_rate2p5_reuse00_seed1,196,0.0,184.00652129913846,184.00652129913846,768.9778816891909,8.43769498715119e-15,952.9844029883293,473.946754,963.526749,0.0,1437.473503
2026-07-16_ttft_component_regression/phase1/input6000_rate2p5_reuse00_seed1,202,0.018142705494122557,11.81269732190581,11.830840027399933,768.9778816891909,8.43769498715119e-15,780.8087217165909,14.289318,721.48526,0.0,735.774578
2026-07-16_ttft_component_regression/phase1/input6000_rate2p5_reuse00_seed1,217,0.04658792792246554,14.767342612616916,14.813930540539381,768.9778816891909,8.43769498715119e-15,783.7918122297302,0.852003,726.856921,0.0,727.708924
2026-07-16_ttft_component_regression/phase1/input6000_rate2p5_reuse00_seed1,231,0.0,18.78698389346807,18.78698389346807,768.9778816891909,8.43769498715119e-15,787.764865582659,4.925262,736.564256,0.0,741.489518
2026-07-16_ttft_component_regression/phase1/input6000_rate2p5_reuse00_seed1,223,0.0,18.799835842674188,18.799835842674188,768.9778816891909,8.43769498715119e-15,787.777717531865,1.224034,738.79968,0.0,740.023714
2026-07-16_ttft_component_regression/phase1/input6000_rate2p5_reuse00_seed1,254,0.0,12.232966931222819,12.232966931222819,768.9778816891909,8.43769498715119e-15,781.2108486204137,4.789085,710.79572,0.0,715.584805
2026-07-16_ttft_component_regression/phase1/input6000_rate2p5_reuse00_seed1,275,0.0,13.170128262894881,13.170128262894881,768.9778816891909,8.43769498715119e-15,782.1480099520858,5.725774,728.767576,0.0,734.49335
2026-07-16_ttft_component_regression/phase1/input6000_rate2p5_reuse00_seed1,271,0.0,13.127930482555717,13.127930482555717,768.9778816891909,8.43769498715119e-15,782.1058121717466,17.975356,705.693788,0.0,723.669144
2026-07-16_ttft_component_regression/phase1/input6000_rate2p5_reuse00_seed1,277,0.0,13.079042163534268,13.079042163534268,768.9778816891909,8.43769498715119e-15,782.0569238527252,427.16034,969.402834,0.0,1396.563174
2026-07-16_ttft_component_regression/phase1/input6000_rate2p5_reuse00_seed1,288,0.018052651218050778,13.470797695653705,13.488850346871756,768.9778816891909,8.43769498715119e-15,782.4667320360627,14.163149,726.921189,0.0,741.084338
2026-07-16_ttft_component_regression/phase1/input6000_rate2p5_reuse00_seed1,6,0.0,0.2992596639007519,0.2992596639007519,768.9778816891909,8.43769498715119e-15,769.2771413530917,0.00646,676.342498,0.0,676.348958
2026-07-16_ttft_component_regression/phase1/input6000_rate2p5_reuse00_seed1,40,0.0,0.175938715168265,0.175938715168265,768.9778816891909,8.43769498715119e-15,769.1538204043592,0.004123,676.342498,0.0,676.346621
2026-07-16_ttft_component_regression/phase1/input6000_rate2p5_reuse00_seed1,62,0.0,13.006123488143933,13.006123488143933,768.9778816891909,8.43769498715119e-15,781.9840051773348,9.513113,705.906636,0.0,715.419749
2026-07-16_ttft_component_regression/phase1/input6000_rate2p5_reuse00_seed1,57,0.0,13.226632177266092,13.226632177266092,768.9778816891909,8.43769498715119e-15,782.204513866457,12.465214,700.274554,0.0,712.739768
2026-07-16_ttft_component_regression/phase1/input6000_rate2p5_reuse00_seed1,67,0.013187142195675012,12.25686110810461,12.270048250300285,768.9778816891909,8.43769498715119e-15,781.2479299394912,13.184003,710.05499,0.0,723.238993
2026-07-16_ttft_component_regression/phase1/input6000_rate2p5_reuse00_seed1,55,0.019562743356939777,6.919746711627376,6.939309454984316,768.9778816891909,8.43769498715119e-15,775.9171911441753,11.111,695.347308,0.0,706.458308
2026-07-16_ttft_component_regression/phase1/input6000_rate2p5_reuse00_seed1,83,0.0467295050307418,15.811772550634018,15.85850205566476,768.9778816891909,8.43769498715119e-15,784.8363837448557,8.287978,717.287858,0.0,725.575836
2026-07-16_ttft_component_regression/phase1/input6000_rate2p5_reuse00_seed1,87,0.000627819168910622,18.709961310095068,18.71058912926398,768.9778816891909,8.43769498715119e-15,787.6884708184549,19.547761,723.510698,0.0,743.058459
2026-07-16_ttft_component_regression/phase1/input6000_rate2p5_reuse00_seed1,75,0.014525622580373463,12.32439612741972,12.338921750000093,768.9778816891909,8.43769498715119e-15,781.316803439191,16.152866,710.25211,0.0,726.404976
2026-07-16_ttft_component_regression/phase1/input6000_rate2p5_reuse00_seed1,96,0.0,20.387597214779433,20.387597214779433,768.9778816891909,8.43769498715119e-15,789.3654789039704,15.888086,729.834786,0.0,745.722872
2026-07-16_ttft_component_regression/phase1/input6000_rate2p5_reuse00_seed1,105,0.03917151757660662,21.837427448146904,21.87659896572351,768.9778816891909,8.43769498715119e-15,790.8544806549144,24.641046,752.458996,0.0,777.100042
2026-07-16_ttft_component_regression/phase1/input6000_rate2p5_reuse00_seed1,102,0.0,20.96355180931759,20.96355180931759,768.9778816891909,8.43769498715119e-15,789.9414334985084,24.893347,735.308117,0.0,760.201464
2026-07-16_ttft_component_regression/phase1/input6000_rate2p5_reuse00_seed1,108,0.44331685519090525,24.04843836791562,24.491755223106523,768.9778816891909,8.43769498715119e-15,793.4696369122975,202.739178,769.509571,0.0,972.248749
2026-07-16_ttft_component_regression/phase1/input6000_rate2p5_reuse00_seed1,133,0.0,20.965586259097897,20.965586259097897,768.9778816891909,8.43769498715119e-15,789.9434679482888,317.870776,1002.29764,0.0,1320.168416
2026-07-16_ttft_component_regression/phase1/input6000_rate2p5_reuse00_seed1,132,0.0,20.401703283296577,20.401703283296577,768.9778816891909,8.43769498715119e-15,789.3795849724875,13.098512,754.339574,0.0,767.438086
2026-07-16_ttft_component_regression/phase1/input6000_rate2p5_reuse00_seed1,146,0.0,20.407349960961533,20.407349960961533,768.9778816891909,8.43769498715119e-15,789.3852316501524,8.81559,743.585582,0.0,752.401172
2026-07-16_ttft_component_regression/phase1/input6000_rate2p5_reuse00_seed1,135,0.0494211721604324,21.929699057421203,21.979120229581635,768.9778816891909,8.43769498715119e-15,790.9570019187726,0.912242,753.5408,0.0,754.453042
2026-07-16_ttft_component_regression/phase1/input6000_rate2p5_reuse00_seed1,155,0.0,20.40494053684457,20.40494053684457,768.9778816891909,8.43769498715119e-15,789.3828222260355,15.384118,735.426026,0.0,750.810144
2026-07-16_ttft_component_regression/phase1/input6000_rate2p5_reuse00_seed1,164,0.0,20.407349960961533,20.407349960961533,768.9778816891909,8.43769498715119e-15,789.3852316501524,20.221848,738.564434,0.0,758.786282
2026-07-16_ttft_component_regression/phase1/input6000_rate2p5_reuse00_seed1,169,0.0,21.00579449480526,21.00579449480526,768.9778816891909,8.43769498715119e-15,789.9836761839962,24.141662,742.217819,0.0,766.359481
2026-07-16_ttft_component_regression/phase1/input6000_rate2p5_reuse00_seed1,209,0.0,18.977580781956206,18.977580781956206,768.9778816891909,8.43769498715119e-15,787.9554624711471,10.800097,738.31157,0.0,749.111667
2026-07-16_ttft_component_regression/phase1/input6000_rate2p5_reuse00_seed1,189,0.0,18.968653838023695,18.968653838023695,768.9778816891909,8.43769498715119e-15,787.9465355272146,4.163568,735.393757,0.0,739.557325
2026-07-16_ttft_component_regression/phase1/input6000_rate2p5_reuse00_seed1,203,0.0,16.697015403630466,16.697015403630466,768.9778816891909,8.43769498715119e-15,785.6748970928213,21.920971,738.738365,0.0,760.659336
2026-07-16_ttft_component_regression/phase1/input6000_rate2p5_reuse00_seed1,228,0.0,13.041821104464136,13.041821104464136,768.9778816891909,8.43769498715119e-15,782.019702793655,11.251742,723.613442,0.0,734.865184
2026-07-16_ttft_component_regression/phase1/input6000_rate2p5_reuse00_seed1,233,0.015531014758482774,13.328812517476287,13.34434353223477,768.9778816891909,8.43769498715119e-15,782.3222252214257,20.490482,733.415031,0.0,753.905513
2026-07-16_ttft_component_regression/phase1/input6000_rate2p5_reuse00_seed1,235,0.04675207721061517,15.87860690389499,15.925358981105605,768.9778816891909,8.43769498715119e-15,784.9032406702966,241.628625,733.995309,0.0,975.623934
2026-07-16_ttft_component_regression/phase1/input6000_rate2p5_reuse00_seed1,266,0.0,13.216032540813366,13.216032540813366,768.9778816891909,8.43769498715119e-15,782.1939142300042,18.282977,705.466176,0.0,723.749153
2026-07-16_ttft_component_regression/phase1/input6000_rate2p5_reuse00_seed1,284,0.01878239236692952,7.529891308411112,7.548673700778042,768.9778816891909,8.43769498715119e-15,776.526555389969,9.341604,712.418944,0.0,721.760548
2026-07-16_ttft_component_regression/phase1/input6000_rate2p5_reuse00_seed1,298,0.0,13.177182557566324,13.177182557566324,768.9778816891909,8.43769498715119e-15,782.1550642467572,14.213442,717.110769,0.0,731.324211
2026-07-16_ttft_component_regression/phase1/input6000_rate2p5_reuse00_seed1,10,0.0,0.26880632957273204,0.26880632957273204,768.9778816891909,8.43769498715119e-15,769.2466880187636,0.001792,676.342498,0.0,676.34429
2026-07-16_ttft_component_regression/phase1/input6000_rate2p5_reuse00_seed1,29,0.020408245083327912,7.45377831250381,7.474186557587138,768.9778816891909,8.43769498715119e-15,776.452068246778,13.978018,708.480975,0.0,722.458993
2026-07-16_ttft_component_regression/phase1/input6000_rate2p5_reuse00_seed1,33,0.0,13.01902084752928,13.01902084752928,768.9778816891909,8.43769498715119e-15,781.9969025367202,7.442011,706.332492,0.0,713.774503
2026-07-16_ttft_component_regression/phase1/input6000_rate2p5_reuse00_seed1,30,0.0,13.219565944214821,13.219565944214821,768.9778816891909,8.43769498715119e-15,782.1974476334058,63.336866,940.138596,0.0,1003.475462
2026-07-16_ttft_component_regression/phase1/input6000_rate2p5_reuse00_seed1,39,0.0,12.093558332111668,12.093558332111668,768.9778816891909,8.43769498715119e-15,781.0714400213026,7.269665,706.012684,0.0,713.282349
2026-07-16_ttft_component_regression/phase1/input6000_rate2p5_reuse00_seed1,86,0.0,0.2604730363524167,0.2604730363524167,768.9778816891909,8.43769498715119e-15,769.2383547255433,0.002745,676.342498,0.0,676.345243
2026-07-16_ttft_component_regression/phase1/input6000_rate2p5_reuse00_seed1,97,0.020163566971675803,7.4669428899304755,7.4871064569021515,768.9778816891909,8.43769498715119e-15,776.464988146093,10.472381,694.408172,0.0,704.880553
2026-07-16_ttft_component_regression/phase1/input6000_rate2p5_reuse00_seed1,112,0.046442888952029554,14.911143734024435,14.957586622976464,768.9778816891909,8.43769498715119e-15,783.9354683121674,19.459012,716.336114,0.0,735.795126
2026-07-16_ttft_component_regression/phase1/input6000_rate2p5_reuse00_seed1,103,0.0,13.205432357250173,13.205432357250173,768.9778816891909,8.43769498715119e-15,782.1833140464411,8.846104,699.96889,0.0,708.814994
2026-07-16_ttft_component_regression/phase1/input6000_rate2p5_reuse00_seed1,106,0.0,13.051394241968207,13.051394241968207,768.9778816891909,8.43769498715119e-15,782.0292759311591,16.797722,719.013295,0.0,735.811017
2026-07-16_ttft_component_regression/phase1/input6000_rate2p5_reuse00_seed1,107,0.017575200698764268,13.443495152674101,13.461070353372866,768.9778816891909,8.43769498715119e-15,782.4389520425638,383.195352,953.150612,0.0,1336.345964
2026-07-16_ttft_component_regression/phase1/input6000_rate2p5_reuse00_seed1,141,0.04661751787570577,16.04765557190387,16.094273089779577,768.9778816891909,8.43769498715119e-15,785.0721547789705,5.374211,731.06788,0.0,736.442091
2026-07-16_ttft_component_regression/phase1/input6000_rate2p5_reuse00_seed1,154,0.0,18.864737066675755,18.864737066675755,768.9778816891909,8.43769498715119e-15,787.8426187558666,16.864349,743.527318,0.0,760.391667
2026-07-16_ttft_component_regression/phase1/input6000_rate2p5_reuse00_seed1,148,0.04653582378381037,16.091295206490535,16.137831030274345,768.9778816891909,8.43769498715119e-15,785.1157127194653,2.511076,739.500565,0.0,742.011641
2026-07-16_ttft_component_regression/phase1/input6000_rate2p5_reuse00_seed1,171,0.0,13.046575466301348,13.046575466301348,768.9778816891909,8.43769498715119e-15,782.0244571554922,4.422642,736.849258,0.0,741.2719
2026-07-16_ttft_component_regression/phase1/input6000_rate2p5_reuse00_seed1,172,0.016976399734140092,13.409535735353067,13.426512135087208,768.9778816891909,8.43769498715119e-15,782.4043938242781,161.302238,980.870962,0.0,1142.1732
2026-07-16_ttft_component_regression/phase1/input6000_rate2p5_reuse00_seed1,247,0.01991286624920225,7.479728820593462,7.499641686842664,768.9778816891909,8.43769498715119e-15,776.4775233760336,3.508279,700.341618,0.0,703.849897
2026-07-16_ttft_component_regression/phase1/input6000_rate2p5_reuse00_seed1,244,0.0,0.2964983710399868,0.2964983710399868,768.9778816891909,8.43769498715119e-15,769.2743800602309,0.003348,690.308673,0.0,690.312021
2026-07-16_ttft_component_regression/phase1/input6000_rate2p5_reuse00_seed1,276,0.0,13.244289834462268,13.244289834462268,768.9778816891909,8.43769498715119e-15,782.2221715236532,12.906825,710.566593,0.0,723.473418
2026-07-16_ttft_component_regression/phase1/input6000_rate2p5_reuse00_seed1,296,0.0,13.240759601911307,13.240759601911307,768.9778816891909,8.43769498715119e-15,782.2186412911022,211.892685,716.51982,0.0,928.412505
2026-07-16_ttft_component_regression/phase1/input6000_rate2p5_reuse00_seed1,299,0.0,13.004031393176597,13.004031393176597,768.9778816891909,8.43769498715119e-15,781.9819130823674,10.452821,724.990636,0.0,735.443457
2026-07-16_ttft_component_regression/phase1/input6000_rate2p5_reuse00_seed1,295,0.019849261096083474,7.482866366044124,7.502715627140208,768.9778816891909,8.43769498715119e-15,776.4805973163311,5.617773,703.544146,0.0,709.161919
2026-07-16_ttft_component_regression/phase1/input6000_rate2p5_reuse00_seed1,0,0.0,0.2909712624110128,0.2909712624110128,768.9778816891909,8.43769498715119e-15,769.268852951602,0.0,676.342498,0.0,676.342498
2026-07-16_ttft_component_regression/phase1/input6000_rate2p5_reuse00_seed1,14,0.020038963538093462,7.473383066247489,7.493422029785583,768.9778816891909,8.43769498715119e-15,776.4713037189765,7.333256,695.013644,0.0,702.3469
2026-07-16_ttft_component_regression/phase1/input6000_rate2p5_reuse00_seed1,28,0.0,13.247819220619801,13.247819220619801,768.9778816891909,8.43769498715119e-15,782.2257009098107,12.641082,700.919354,0.0,713.560436
2026-07-16_ttft_component_regression/phase1/input6000_rate2p5_reuse00_seed1,38,0.019562743356939777,6.919746711627376,6.939309454984316,768.9778816891909,8.43769498715119e-15,775.9171911441753,17.31938,695.08606,0.0,712.40544
2026-07-16_ttft_component_regression/phase1/input6000_rate2p5_reuse00_seed1,50,0.0,13.166602871407102,13.166602871407102,768.9778816891909,8.43769498715119e-15,782.144484560598,14.349244,713.469606,0.0,727.81885
2026-07-16_ttft_component_regression/phase1/input6000_rate2p5_reuse00_seed1,45,0.0,13.177182557566324,13.177182557566324,768.9778816891909,8.43769498715119e-15,782.1550642467572,11.287516,700.486426,0.0,711.773942
2026-07-16_ttft_component_regression/phase1/input6000_rate2p5_reuse00_seed1,52,0.0,12.115885486844354,12.115885486844354,768.9778816891909,8.43769498715119e-15,781.0937671760353,103.046484,947.230884,0.0,1050.277368
2026-07-16_ttft_component_regression/phase1/input6000_rate2p5_reuse00_seed1,77,0.01597695743462191,12.3990956787509,12.415072636185522,768.9778816891909,8.43769498715119e-15,781.3929543253764,14.29549,724.801272,0.0,739.096762
2026-07-16_ttft_component_regression/phase1/input6000_rate2p5_reuse00_seed1,78,0.04657033591923846,14.80864116629835,14.855211502217589,768.9778816891909,8.43769498715119e-15,783.8330931914085,445.772555,963.373092,0.0,1409.145647
2026-07-16_ttft_component_regression/phase1/input6000_rate2p5_reuse00_seed1,111,0.0,12.30215374526131,12.30215374526131,768.9778816891909,8.43769498715119e-15,781.2800354344522,0.165002,701.119418,0.0,701.28442
2026-07-16_ttft_component_regression/phase1/input6000_rate2p5_reuse00_seed1,129,0.02058774456073893,7.443655263802336,7.464243008363075,768.9778816891909,8.43769498715119e-15,776.4421246975539,1.003383,694.950892,0.0,695.954275
2026-07-16_ttft_component_regression/phase1/input6000_rate2p5_reuse00_seed1,137,0.0,13.247819220619801,13.247819220619801,768.9778816891909,8.43769498715119e-15,782.2257009098107,3.241127,715.18605,0.0,718.427177
2026-07-16_ttft_component_regression/phase1/input6000_rate2p5_reuse00_seed1,153,0.014804380791466478,13.28887171850807,13.303676099299535,768.9778816891909,8.43769498715119e-15,782.2815577884904,461.288524,967.057029,0.0,1428.345553
2026-07-16_ttft_component_regression/phase1/input6000_rate2p5_reuse00_seed1,152,0.0,13.032506231295919,13.032506231295919,768.9778816891909,8.43769498715119e-15,782.0103879204868,3.082473,735.307498,0.0,738.389971
2026-07-16_ttft_component_regression/phase1/input6000_rate2p5_reuse00_seed1,145,0.0,13.021227689796985,13.021227689796985,768.9778816891909,8.43769498715119e-15,781.9991093789879,7.794962,725.394642,0.0,733.189604
2026-07-16_ttft_component_regression/phase1/input6000_rate2p5_reuse00_seed1,180,0.04674869843904961,15.908194257222137,15.954942955661187,768.9778816891909,8.43769498715119e-15,784.9328246448521,14.978874,728.784039,0.0,743.762913
2026-07-16_ttft_component_regression/phase1/input6000_rate2p5_reuse00_seed1,167,0.046750323110861344,15.900804405687326,15.947554728798188,768.9778816891909,8.43769498715119e-15,784.9254364179891,10.717188,728.867553,0.0,739.584741
2026-07-16_ttft_component_regression/phase1/input6000_rate2p5_reuse00_seed1,188,0.0,17.438618091064733,17.438618091064733,768.9778816891909,8.43769498715119e-15,786.4164997802557,15.984006,730.264052,0.0,746.248058
2026-07-16_ttft_component_regression/phase1/input6000_rate2p5_reuse00_seed1,193,0.0,18.11619386905894,18.11619386905894,768.9778816891909,8.43769498715119e-15,787.0940755582499,8.115703,739.595166,0.0,747.710869
2026-07-16_ttft_component_regression/phase1/input6000_rate2p5_reuse00_seed1,220,0.06806060973009317,20.54631407121124,20.61437468094133,768.9778816891909,8.43769498715119e-15,789.5922563701322,18.705198,753.596802,0.0,772.302
2026-07-16_ttft_component_regression/phase1/input6000_rate2p5_reuse00_seed1,198,0.0,19.538220867958476,19.538220867958476,768.9778816891909,8.43769498715119e-15,788.5161025571493,19.526009,768.125851,0.0,787.65186
2026-07-16_ttft_component_regression/phase1/input6000_rate2p5_reuse00_seed1,200,0.06530639931726422,20.52397288091798,20.589279280235246,768.9778816891909,8.43769498715119e-15,789.5671609694261,89.676429,1027.250319,0.0,1116.926748
2026-07-16_ttft_component_regression/phase1/input6000_rate2p5_reuse00_seed1,210,0.49551257082699385,22.611079805233295,23.106592376060288,768.9778816891909,8.43769498715119e-15,792.0844740652511,17.809779,763.935969,0.0,781.745748
2026-07-16_ttft_component_regression/phase1/input6000_rate2p5_reuse00_seed1,229,0.06615821704540842,22.077237214267356,22.143395431312765,768.9778816891909,8.43769498715119e-15,791.1212771205037,202.431032,756.21669,0.0,958.647722
2026-07-16_ttft_component_regression/phase1/input6000_rate2p5_reuse00_seed1,241,0.0,20.41995913125868,20.41995913125868,768.9778816891909,8.43769498715119e-15,789.3978408204496,22.207283,756.431609,0.0,778.638892
2026-07-16_ttft_component_regression/phase1/input6000_rate2p5_reuse00_seed1,227,0.0,21.049078527390915,21.049078527390915,768.9778816891909,8.43769498715119e-15,790.0269602165818,21.200589,745.394428,0.0,766.595017
2026-07-16_ttft_component_regression/phase1/input6000_rate2p5_reuse00_seed1,263,0.4847606349645869,24.25540920821207,24.740169843176655,768.9778816891909,8.43769498715119e-15,793.7180515323676,21.463527,761.614402,0.0,783.077929
2026-07-16_ttft_component_regression/phase1/input6000_rate2p5_reuse00_seed1,252,0.06822633675532225,22.09520689235606,22.163433229111384,768.9778816891909,8.43769498715119e-15,791.1413149183023,17.362334,760.562746,0.0,777.92508
2026-07-16_ttft_component_regression/phase1/input6000_rate2p5_reuse00_seed1,242,0.0,21.05144529077871,21.05144529077871,768.9778816891909,8.43769498715119e-15,790.0293269799696,282.600908,1003.134931,0.0,1285.735839
2026-07-16_ttft_component_regression/phase1/input6000_rate2p5_reuse00_seed1,269,0.06138251006619911,22.035525249765776,22.096907759831975,768.9778816891909,8.43769498715119e-15,791.0747894490229,7.144016,765.448582,0.0,772.592598
2026-07-16_ttft_component_regression/phase1/input6000_rate2p5_reuse00_seed1,253,0.5026702502469697,24.34142209360719,24.844092343854157,768.9778816891909,8.43769498715119e-15,793.8219740330451,478.871802,1021.858928,0.0,1500.73073
2026-07-16_ttft_component_regression/phase1/input6000_rate2p5_reuse00_seed1,267,0.5068480741830131,24.361195642368845,24.868043716551856,768.9778816891909,8.43769498715119e-15,793.8459254057427,27.293386,760.054133,0.0,787.347519
2026-07-16_ttft_component_regression/phase1/input6000_rate2p5_reuse00_seed1,297,0.06273987976639628,22.047411681562778,22.110151561329175,768.9778816891909,8.43769498715119e-15,791.0880332505201,24.149745,754.804594,0.0,778.954339
2026-07-16_ttft_component_regression/phase1/input6000_rate2p5_reuse00_seed1,286,0.06138251006619911,22.035525249765776,22.096907759831975,768.9778816891909,8.43769498715119e-15,791.0747894490229,4.396574,754.497474,0.0,758.894048
2026-07-16_ttft_component_regression/phase1/input6000_rate2p5_reuse00_seed1,2,0.0,0.26325201331421655,0.26325201331421655,768.9778816891909,8.43769498715119e-15,769.2411337025051,0.00978,689.692786,0.0,689.702566
2026-07-16_ttft_component_regression/phase1/input6000_rate2p5_reuse00_seed1,9,0.0,13.219565944214821,13.219565944214821,768.9778816891909,8.43769498715119e-15,782.1974476334058,15.557945,699.839386,0.0,715.397331
2026-07-16_ttft_component_regression/phase1/input6000_rate2p5_reuse00_seed1,4,0.019656237301291086,7.492138049562413,7.5117942868637035,768.9778816891909,8.43769498715119e-15,776.4896759760546,191.82647,927.033461,0.0,1118.859931
2026-07-16_ttft_component_regression/phase1/input6000_rate2p5_reuse00_seed1,15,0.0,13.027946025979793,13.027946025979793,768.9778816891909,8.43769498715119e-15,782.0058277151707,6.252497,705.774348,0.0,712.026845
2026-07-16_ttft_component_regression/phase1/input6000_rate2p5_reuse00_seed1,22,0.016375512527437443,13.375766181010311,13.392141693537749,768.9778816891909,8.43769498715119e-15,782.3700233827286,11.78602,709.94395,0.0,721.72997
2026-07-16_ttft_component_regression/phase1/input6000_rate2p5_reuse00_seed1,31,0.0,18.799835842674188,18.799835842674188,768.9778816891909,8.43769498715119e-15,787.777717531865,3.174508,724.079466,0.0,727.253974
2026-07-16_ttft_component_regression/phase1/input6000_rate2p5_reuse00_seed1,37,0.4820332462569736,24.242131632009066,24.72416487826604,768.9778816891909,8.43769498715119e-15,793.7020465674569,335.200056,996.459123,0.0,1331.659179
2026-07-16_ttft_component_regression/phase1/input6000_rate2p5_reuse00_seed1,27,0.04668821037282923,15.996491817710096,16.043180028082926,768.9778816891909,8.43769498715119e-15,785.0210617172738,12.83508,717.098322,0.0,729.933402
2026-07-16_ttft_component_regression/phase1/input6000_rate2p5_reuse00_seed1,35,0.0,21.03046711065698,21.03046711065698,768.9778816891909,8.43769498715119e-15,790.0083487998479,206.797532,744.42746,0.0,951.224992
2026-07-16_ttft_component_regression/phase1/input6000_rate2p5_reuse00_seed1,46,0.4820332462569736,24.242131632009066,24.72416487826604,768.9778816891909,8.43769498715119e-15,793.7020465674569,26.262423,756.89079,0.0,783.153213
2026-07-16_ttft_component_regression/phase1/input6000_rate2p5_reuse00_seed1,36,0.06822633675532225,22.09520689235606,22.163433229111384,768.9778816891909,8.43769498715119e-15,791.1413149183023,147.370685,1019.277635,0.0,1166.64832
2026-07-16_ttft_component_regression/phase1/input6000_rate2p5_reuse00_seed1,34,0.0,20.419181912447446,20.419181912447446,768.9778816891909,8.43769498715119e-15,789.3970636016384,20.347963,730.04797,0.0,750.395933
2026-07-16_ttft_component_regression/phase1/input6000_rate2p5_reuse00_seed1,51,0.4820332462569736,24.242131632009066,24.72416487826604,768.9778816891909,8.43769498715119e-15,793.7020465674569,13.888061,773.698284,0.0,787.586345
2026-07-16_ttft_component_regression/phase1/input6000_rate2p5_reuse00_seed1,64,0.46850756674791344,24.175577769533326,24.64408533628124,768.9778816891909,8.43769498715119e-15,793.6219670254721,12.181565,762.503114,0.0,774.684679
2026-07-16_ttft_component_regression/phase1/input6000_rate2p5_reuse00_seed1,68,0.465824628846882,24.16223528318249,24.62805991202937,768.9778816891909,8.43769498715119e-15,793.6059416012203,11.864954,759.74623,0.0,771.611184
2026-07-16_ttft_component_regression/phase1/input6000_rate2p5_reuse00_seed1,88,0.0,20.404133914820992,20.404133914820992,768.9778816891909,8.43769498715119e-15,789.3820156040119,18.926483,750.949359,0.0,769.875842
2026-07-16_ttft_component_regression/phase1/input6000_rate2p5_reuse00_seed1,100,0.04674917337867184,15.856368351476656,15.903117524855327,768.9778816891909,8.43769498715119e-15,784.8809992140463,15.472157,739.264542,0.0,754.736699
2026-07-16_ttft_component_regression/phase1/input6000_rate2p5_reuse00_seed1,114,0.0,13.268972232493299,13.268972232493299,768.9778816891909,8.43769498715119e-15,782.2468539216842,13.628805,709.446979,0.0,723.075784
2026-07-16_ttft_component_regression/phase1/input6000_rate2p5_reuse00_seed1,126,0.0,12.980216666532161,12.980216666532161,768.9778816891909,8.43769498715119e-15,781.9580983557231,10.527592,721.932899,0.0,732.460491
2026-07-16_ttft_component_regression/phase1/input6000_rate2p5_reuse00_seed1,130,0.01248908628861759,13.164300060251122,13.17678914653974,768.9778816891909,8.43769498715119e-15,782.1546708357306,0.793043,726.778763,0.0,727.571806
2026-07-16_ttft_component_regression/phase1/input6000_rate2p5_reuse00_seed1,134,0.014075419324326278,13.249217076298953,13.26329249562328,768.9778816891909,8.43769498715119e-15,782.2411741848142,10.757839,723.204848,0.0,733.962687
2026-07-16_ttft_component_regression/phase1/input6000_rate2p5_reuse00_seed1,158,0.0,20.41212390119087,20.41212390119087,768.9778816891909,8.43769498715119e-15,789.3900055903817,14.873055,753.0071,0.0,767.880155
2026-07-16_ttft_component_regression/phase1/input6000_rate2p5_reuse00_seed1,136,0.04674869843904961,15.908194257222137,15.954942955661187,768.9778816891909,8.43769498715119e-15,784.9328246448521,103.276815,723.193914,0.0,826.470729
2026-07-16_ttft_component_regression/phase1/input6000_rate2p5_reuse00_seed1,156,0.0,18.809370888855707,18.809370888855707,768.9778816891909,8.43769498715119e-15,787.7872525780466,11.731537,735.189268,0.0,746.920805
2026-07-16_ttft_component_regression/phase1/input6000_rate2p5_reuse00_seed1,174,0.0,21.03046711065698,21.03046711065698,768.9778816891909,8.43769498715119e-15,790.0083487998479,10.546072,756.768551,0.0,767.314623
2026-07-16_ttft_component_regression/phase1/input6000_rate2p5_reuse00_seed1,151,0.04668821037282923,15.996491817710096,16.043180028082926,768.9778816891909,8.43769498715119e-15,785.0210617172738,5.37631,726.303718,0.0,731.680028
2026-07-16_ttft_component_regression/phase1/input6000_rate2p5_reuse00_seed1,190,0.06668064922108262,20.535131968277977,20.60181261749906,768.9778816891909,8.43769498715119e-15,789.5796943066899,51.195475,1047.132622,0.0,1098.328097
2026-07-16_ttft_component_regression/phase1/input6000_rate2p5_reuse00_seed1,191,0.4858965561466245,22.5678307460172,23.053727302163825,768.9778816891909,8.43769498715119e-15,792.0316089913547,451.456397,1016.625129,0.0,1468.081526
2026-07-16_ttft_component_regression/phase1/input6000_rate2p5_reuse00_seed1,166,0.0,20.423825949482012,20.423825949482012,768.9778816891909,8.43769498715119e-15,789.4017076386729,1.65067,745.083779,0.0,746.734449
2026-07-16_ttft_component_regression/phase1/input6000_rate2p5_reuse00_seed1,186,0.0,19.574769399614116,19.574769399614116,768.9778816891909,8.43769498715119e-15,788.552651088805,22.673431,752.876994,0.0,775.550425
2026-07-16_ttft_component_regression/phase1/input6000_rate2p5_reuse00_seed1,211,0.49353730265866685,21.57524689445182,22.068784197110485,768.9778816891909,8.43769498715119e-15,791.0466658863014,0.96186,774.98183,0.0,775.94369
2026-07-16_ttft_component_regression/phase1/input6000_rate2p5_reuse00_seed1,225,0.0,21.01020271379919,21.01020271379919,768.9778816891909,8.43769498715119e-15,789.9880844029901,18.136979,747.560223,0.0,765.697202
2026-07-16_ttft_component_regression/phase1/input6000_rate2p5_reuse00_seed1,226,0.06003082460593264,22.023664043774307,22.08369486838024,768.9778816891909,8.43769498715119e-15,791.0615765575711,89.389919,756.922403,0.0,846.312322
2026-07-16_ttft_component_regression/phase1/input6000_rate2p5_reuse00_seed1,221,0.4888656624280227,24.275303828300814,24.764169490728836,768.9778816891909,8.43769498715119e-15,793.7420511799197,18.839525,767.523504,0.0,786.363029
2026-07-16_ttft_component_regression/phase1/input6000_rate2p5_reuse00_seed1,236,0.0,21.025902911181074,21.025902911181074,768.9778816891909,8.43769498715119e-15,790.003784600372,14.160135,742.287733,0.0,756.447868
2026-07-16_ttft_component_regression/phase1/input6000_rate2p5_reuse00_seed1,261,0.0,19.590523361993682,19.590523361993682,768.9778816891909,8.43769498715119e-15,788.5684050511845,11.470534,744.600538,0.0,756.071072
2026-07-16_ttft_component_regression/phase1/input6000_rate2p5_reuse00_seed1,264,0.0750463135419282,20.60256525109991,20.67761156464184,768.9778816891909,8.43769498715119e-15,789.6554932538328,20.564829,764.662552,0.0,785.227381
2026-07-16_ttft_component_regression/phase1/input6000_rate2p5_reuse00_seed1,246,0.0,18.84967175195681,18.84967175195681,768.9778816891909,8.43769498715119e-15,787.8275534411478,7.964468,738.375526,0.0,746.339994
2026-07-16_ttft_component_regression/phase1/input6000_rate2p5_reuse00_seed1,250,0.0,18.86772145229022,18.86772145229022,768.9778816891909,8.43769498715119e-15,787.8456031414811,10.132092,732.693636,0.0,742.825728
2026-07-16_ttft_component_regression/phase1/input6000_rate2p5_reuse00_seed1,256,0.0,18.99839443537699,18.99839443537699,768.9778816891909,8.43769498715119e-15,787.9762761245679,23.834098,739.9724,0.0,763.806498
2026-07-16_ttft_component_regression/phase1/input6000_rate2p5_reuse00_seed1,268,1.2602924659274342,25.616799829065517,26.877092294992952,768.9778816891909,0.6224729862840104,796.4774469704679,11.075213,768.24298,0.619393,779.937586
2026-07-16_ttft_component_regression/phase1/input6000_rate2p5_reuse00_seed1,280,0.08523646693870185,22.24091141542821,22.326147882366914,768.9778816891909,8.43769498715119e-15,791.3040295715579,12.65518,767.460756,0.0,780.115936
2026-07-16_ttft_component_regression/phase1/input6000_rate2p5_reuse00_seed1,291,0.08961909212642392,22.27786088341749,22.36747997554391,768.9778816891909,8.43769498715119e-15,791.3453616647348,21.936469,751.011072,0.0,772.947541
2026-07-16_ttft_component_regression/phase1/input6000_rate2p5_reuse00_seed1,11,0.0,0.26602978644191466,0.26602978644191466,768.9778816891909,8.43769498715119e-15,769.2439114756328,0.020948,676.342498,0.0,676.363446
2026-07-16_ttft_component_regression/phase1/input6000_rate2p5_reuse00_seed1,26,0.0,13.037131308561122,13.037131308561122,768.9778816891909,8.43769498715119e-15,782.015012997752,4.607397,705.66878,0.0,710.276177
2026-07-16_ttft_component_regression/phase1/input6000_rate2p5_reuse00_seed1,18,0.019656237301291086,7.492138049562413,7.5117942868637035,768.9778816891909,8.43769498715119e-15,776.4896759760546,14.563158,707.564911,0.0,722.128069
2026-07-16_ttft_component_regression/phase1/input6000_rate2p5_reuse00_seed1,20,0.0,13.177182557566324,13.177182557566324,768.9778816891909,8.43769498715119e-15,782.1550642467572,375.334939,939.454596,0.0,1314.789535
2026-07-16_ttft_component_regression/phase1/input6000_rate2p5_reuse00_seed1,43,0.0,13.03946812624102,13.03946812624102,768.9778816891909,8.43769498715119e-15,782.0173498154319,6.979914,707.366604,0.0,714.346518
2026-07-16_ttft_component_regression/phase1/input6000_rate2p5_reuse00_seed1,53,1.199104552894755,25.539568073382732,26.738672626277488,768.9778816891909,0.6224729862840104,796.3390273017524,19.810006,711.290286,0.619393,731.719685
2026-07-16_ttft_component_regression/phase1/input6000_rate2p5_reuse00_seed1,65,1.1797515431879646,25.512291415442856,26.69204295863082,768.9778816891909,0.6224729862840104,796.2923976341058,14.998407,709.940142,0.619393,725.557942
2026-07-16_ttft_component_regression/phase1/input6000_rate2p5_reuse00_seed1,56,1.214263224874913,25.559970062307197,26.77423328718211,768.9778816891909,0.6224729862840104,796.3745879626571,0.42421800000000004,717.828434,0.619393,718.872045
2026-07-16_ttft_component_regression/phase1/input6000_rate2p5_reuse00_seed1,49,0.0,13.071310461335825,13.071310461335825,768.9778816891909,8.43769498715119e-15,782.0491921505267,12.483394,707.352204,0.0,719.835598
2026-07-16_ttft_component_regression/phase1/input6000_rate2p5_reuse00_seed1,72,1.1840388783310738,25.518453576263376,26.70249245459445,768.9778816891909,0.6224729862840104,796.3028471300694,6.305956999999999,735.93491,0.619393,742.86026
2026-07-16_ttft_component_regression/phase1/input6000_rate2p5_reuse00_seed1,82,0.0,20.980053434544093,20.980053434544093,768.9778816891909,8.43769498715119e-15,789.957935123735,9.492205,758.147703,0.0,767.639908
2026-07-16_ttft_component_regression/phase1/input6000_rate2p5_reuse00_seed1,70,1.199104552894755,25.539568073382732,26.738672626277488,768.9778816891909,0.6224729862840104,796.3390273017524,189.518683,969.9887,0.619393,1160.126776
2026-07-16_ttft_component_regression/phase1/input6000_rate2p5_reuse00_seed1,91,0.0461796383328776,21.900679005199144,21.94685864353202,768.9778816891909,8.43769498715119e-15,790.9247403327229,1.325348,766.965626,0.0,768.290974
2026-07-16_ttft_component_regression/phase1/input6000_rate2p5_reuse00_seed1,69,1.2077552929236162,25.551314249277407,26.759069542201022,768.9778816891909,0.6224729862840104,796.359424217676,7.108741,730.016009,0.619393,737.744143
2026-07-16_ttft_component_regression/phase1/input6000_rate2p5_reuse00_seed1,120,0.04674717522187752,15.848946571167195,15.895693746389073,768.9778816891909,8.43769498715119e-15,784.8735754355799,13.614493,734.364349,0.0,747.978842
2026-07-16_ttft_component_regression/phase1/input6000_rate2p5_reuse00_seed1,123,0.0,18.764108989354412,18.764108989354412,768.9778816891909,8.43769498715119e-15,787.7419906785453,10.407287,754.641735,0.0,765.049022
2026-07-16_ttft_component_regression/phase1/input6000_rate2p5_reuse00_seed1,139,0.0,13.0302180100383,13.0302180100383,768.9778816891909,8.43769498715119e-15,782.0080996992292,6.732814,723.109257,0.0,729.842071
2026-07-16_ttft_component_regression/phase1/input6000_rate2p5_reuse00_seed1,124,0.0,20.41053902496111,20.41053902496111,768.9778816891909,8.43769498715119e-15,789.3884207141521,74.288244,997.426705,0.0,1071.714949
2026-07-16_ttft_component_regression/phase1/input6000_rate2p5_reuse00_seed1,144,0.016375512527437443,13.375766181010311,13.392141693537749,768.9778816891909,8.43769498715119e-15,782.3700233827286,4.778486,723.07659,0.0,727.855076
2026-07-16_ttft_component_regression/phase1/input6000_rate2p5_reuse00_seed1,162,0.0,18.83436589219235,18.83436589219235,768.9778816891909,8.43769498715119e-15,787.8122475813832,7.796951,735.257023,0.0,743.053974
2026-07-16_ttft_component_regression/phase1/input6000_rate2p5_reuse00_seed1,160,0.04665104239998247,16.025760561417478,16.07241160381746,768.9778816891909,8.43769498715119e-15,785.0502932930084,20.415959,735.872567,0.0,756.288526
2026-07-16_ttft_component_regression/phase1/input6000_rate2p5_reuse00_seed1,199,0.018132843346554156,12.513082955677044,12.531215799023599,768.9778816891909,8.43769498715119e-15,781.5090974882145,2.057212,725.048205,0.0,727.105417
2026-07-16_ttft_component_regression/phase1/input6000_rate2p5_reuse00_seed1,177,0.0,18.88834658571248,18.88834658571248,768.9778816891909,8.43769498715119e-15,787.8662282749034,21.76865,740.001373,0.0,761.770023
2026-07-16_ttft_component_regression/phase1/input6000_rate2p5_reuse00_seed1,205,1.1849167625121007,24.37572324649368,25.56064000900578,768.9778816891909,0.6224729862840104,795.1609946844807,20.095361,746.25634,0.619393,766.971094
2026-07-16_ttft_component_regression/phase1/input6000_rate2p5_reuse00_seed1,216,1.1784848781219766,24.366773861887605,25.545258740009583,768.9778816891909,0.6224729862840104,795.1456134154845,14.940569,761.072612,0.619393,776.632574
2026-07-16_ttft_component_regression/phase1/input6000_rate2p5_reuse00_seed1,207,0.0,18.993449981777164,18.993449981777164,768.9778816891909,8.43769498715119e-15,787.9713316709681,623.409991,1023.015845,0.0,1646.425836
2026-07-16_ttft_component_regression/phase1/input6000_rate2p5_reuse00_seed1,208,0.0,308.8840754862909,308.8840754862909,768.9778816891909,8.43769498715119e-15,1077.8619571754818,1273.372323,983.391252,0.0,2256.763575
2026-07-16_ttft_component_regression/phase1/input6000_rate2p5_reuse00_seed1,206,1.2457736197760227,24.453218893417194,25.698992513193218,768.9778816891909,0.6224729862840104,795.2993471886682,371.957865,1012.100962,0.619393,1384.67822
2026-07-16_ttft_component_regression/phase1/input6000_rate2p5_reuse00_seed1,259,0.0,12.167373097230112,12.167373097230112,768.9778816891909,8.43769498715119e-15,781.145254786421,11.882153,703.820429,0.0,715.702582
2026-07-16_ttft_component_regression/phase1/input6000_rate2p5_reuse00_seed1,274,0.0,13.166602871407102,13.166602871407102,768.9778816891909,8.43769498715119e-15,782.144484560598,13.673378,703.637974,0.0,717.311352
2026-07-16_ttft_component_regression/phase1/input6000_rate2p5_reuse00_seed1,257,0.017469214592312307,6.996214048484428,7.01368326307674,768.9778816891909,8.43769498715119e-15,775.9915649522676,16.436489,710.357611,0.0,726.7941
2026-07-16_ttft_component_regression/phase1/input6000_rate2p5_reuse00_seed1,279,0.0,13.081651141893426,13.081651141893426,768.9778816891909,8.43769498715119e-15,782.0595328310843,12.906933,719.818069,0.0,732.725002
2026-07-16_ttft_component_regression/phase1/input6000_rate2p5_reuse00_seed1,290,0.017694699001890267,13.450309598441752,13.468004297443642,768.9778816891909,8.43769498715119e-15,782.4458859866345,3.503799,738.984893,0.0,742.488692
2026-07-16_ttft_component_regression/phase1/input6000_rate2p5_reuse00_seed1,292,0.046341866098820086,14.958586274842785,15.004928140941605,768.9778816891909,8.43769498715119e-15,783.9828098301325,148.323177,985.402786,0.0,1133.725963
2026-07-16_ttft_component_regression/phase1/input6000_rate2p5_reuse00_seed1,19,0.0,13.170128262894881,13.170128262894881,768.9778816891909,8.43769498715119e-15,782.1480099520858,11.883049,699.555034,0.0,711.438083
2026-07-16_ttft_component_regression/phase1/input6000_rate2p5_reuse00_seed1,12,0.0,0.2992596639007519,0.2992596639007519,768.9778816891909,8.43769498715119e-15,769.2771413530917,0.007838,676.342498,0.0,676.350336
2026-07-16_ttft_component_regression/phase1/input6000_rate2p5_reuse00_seed1,16,0.01885172513542867,7.527126052480244,7.545977777615673,768.9778816891909,8.43769498715119e-15,776.5238594668066,15.734152,694.093484,0.0,709.827636
2026-07-16_ttft_component_regression/phase1/input6000_rate2p5_reuse00_seed1,24,0.0,13.071310461335825,13.071310461335825,768.9778816891909,8.43769498715119e-15,782.0491921505267,8.47162,705.630188,0.0,714.101808
2026-07-16_ttft_component_regression/phase1/input6000_rate2p5_reuse00_seed1,44,0.0,18.85270399024826,18.85270399024826,768.9778816891909,8.43769498715119e-15,787.8305856794392,18.72232,724.223882,0.0,742.946202
2026-07-16_ttft_component_regression/phase1/input6000_rate2p5_reuse00_seed1,41,0.01825176892880285,12.519481935601737,12.53773370453054,768.9778816891909,8.43769498715119e-15,781.5156153937214,18.762209,724.74316,0.0,743.505369
2026-07-16_ttft_component_regression/phase1/input6000_rate2p5_reuse00_seed1,42,0.04625324289922227,14.992310321824315,15.038563564723537,768.9778816891909,8.43769498715119e-15,784.0164452539144,213.140234,963.296868,0.0,1176.437102
2026-07-16_ttft_component_regression/phase1/input6000_rate2p5_reuse00_seed1,66,0.0,12.111300009077391,12.111300009077391,768.9778816891909,8.43769498715119e-15,781.0891816982682,14.209414,706.793804,0.0,721.003218
2026-07-16_ttft_component_regression/phase1/input6000_rate2p5_reuse00_seed1,84,0.01840976729992662,13.491352504574346,13.509762271874273,768.9778816891909,8.43769498715119e-15,782.4876439610651,3.703255,711.407182,0.0,715.110437
2026-07-16_ttft_component_regression/phase1/input6000_rate2p5_reuse00_seed1,80,0.0,13.092245283639214,13.092245283639214,768.9778816891909,8.43769498715119e-15,782.07012697283,18.89228,707.396524,0.0,726.288804
2026-07-16_ttft_component_regression/phase1/input6000_rate2p5_reuse00_seed1,89,0.04647042415748758,16.120273191621035,16.166743615778522,768.9778816891909,8.43769498715119e-15,785.1446253049694,17.465546,717.990258,0.0,735.455804
2026-07-16_ttft_component_regression/phase1/input6000_rate2p5_reuse00_seed1,113,0.0,13.073871804703561,13.073871804703561,768.9778816891909,8.43769498715119e-15,782.0517534938945,9.472919,710.323435,0.0,719.796354
2026-07-16_ttft_component_regression/phase1/input6000_rate2p5_reuse00_seed1,119,0.01852861527217699,13.498218836827231,13.516747452099407,768.9778816891909,8.43769498715119e-15,782.4946291412903,13.909938,726.709048,0.0,740.618986
2026-07-16_ttft_component_regression/phase1/input6000_rate2p5_reuse00_seed1,147,0.0,13.068765033458918,13.068765033458918,768.9778816891909,8.43769498715119e-15,782.0466467226498,1.241015,723.060158,0.0,724.301173
2026-07-16_ttft_component_regression/phase1/input6000_rate2p5_reuse00_seed1,157,0.04664040723058241,16.03306435445592,16.079704761686504,768.9778816891909,8.43769498715119e-15,785.0575864508774,5.246624,735.222367,0.0,740.468991
2026-07-16_ttft_component_regression/phase1/input6000_rate2p5_reuse00_seed1,142,0.0,13.13494436597712,13.13494436597712,768.9778816891909,8.43769498715119e-15,782.1128260551681,11.156673,706.558129,0.0,717.714802
2026-07-16_ttft_component_regression/phase1/input6000_rate2p5_reuse00_seed1,149,0.01840976729992662,13.491352504574346,13.509762271874273,768.9778816891909,8.43769498715119e-15,782.4876439610651,37.926422,729.25449,0.0,767.180912
2026-07-16_ttft_component_regression/phase1/input6000_rate2p5_reuse00_seed1,168,0.0,18.809370888855707,18.809370888855707,768.9778816891909,8.43769498715119e-15,787.7872525780466,19.91045,744.281912,0.0,764.192362
2026-07-16_ttft_component_regression/phase1/input6000_rate2p5_reuse00_seed1,182,0.0520397059936292,357.9731183507507,358.0251580567444,768.9778816891909,8.43769498715119e-15,1127.0030397459352,490.105676,1044.006233,0.0,1534.111909
2026-07-16_ttft_component_regression/phase1/input6000_rate2p5_reuse00_seed1,176,0.0,21.025902911181074,21.025902911181074,768.9778816891909,8.43769498715119e-15,790.003784600372,470.239754,998.952372,0.0,1469.192126
2026-07-16_ttft_component_regression/phase1/input6000_rate2p5_reuse00_seed1,181,0.0,21.00579449480526,21.00579449480526,768.9778816891909,8.43769498715119e-15,789.9836761839962,13.09792,760.284944,0.0,773.382864
2026-07-16_ttft_component_regression/phase1/input6000_rate2p5_reuse00_seed1,185,0.4618140587535362,24.142202721351815,24.60401678010535,768.9778816891909,8.43769498715119e-15,793.5818984692962,577.900461,1011.087261,0.0,1588.987722
2026-07-16_ttft_component_regression/phase1/input6000_rate2p5_reuse00_seed1,175,0.0,20.421509644155748,20.421509644155748,768.9778816891909,8.43769498715119e-15,789.3993913333467,9.405454,754.032052,0.0,763.437506
2026-07-16_ttft_component_regression/phase1/input6000_rate2p5_reuse00_seed1,201,0.46292207565143045,22.462258991888596,22.925181067540027,768.9778816891909,8.43769498715119e-15,791.903062756731,9.875389,759.432698,0.0,769.308087
2026-07-16_ttft_component_regression/phase1/input6000_rate2p5_reuse00_seed1,238,0.01840976729992662,13.491352504574346,13.509762271874273,768.9778816891909,8.43769498715119e-15,782.4876439610651,12.923825,703.679973,0.0,716.603798
2026-07-16_ttft_component_regression/phase1/input6000_rate2p5_reuse00_seed1,232,0.01840976729992662,13.491352504574346,13.509762271874273,768.9778816891909,8.43769498715119e-15,782.4876439610651,11.224835,729.248104,0.0,740.472939
2026-07-16_ttft_component_regression/phase1/input6000_rate2p5_reuse00_seed1,239,0.04639619886938102,16.149155882857407,16.195552081726788,768.9778816891909,8.43769498715119e-15,785.1734337709177,4.876031,732.987702,0.0,737.863733
2026-07-16_ttft_component_regression/phase1/input6000_rate2p5_reuse00_seed1,285,0.01871271416120955,7.532633586209445,7.551346300370654,768.9778816891909,8.43769498715119e-15,776.5292279895616,8.83033,702.212545,0.0,711.042875
2026-07-16_ttft_component_regression/phase1/input6000_rate2p5_reuse00_seed1,1,0.0,0.2771283176749792,0.2771283176749792,768.9778816891909,8.43769498715119e-15,769.2550100068659,1.243205,676.342498,0.0,677.585703
2026-07-16_ttft_component_regression/phase1/input6000_rate2p5_reuse00_seed1,23,0.0,13.20189929719559,13.20189929719559,768.9778816891909,8.43769498715119e-15,782.1797809863865,10.131705,700.374458,0.0,710.506163
2026-07-16_ttft_component_regression/phase1/input6000_rate2p5_reuse00_seed1,13,0.019393774527223812,7.504172594109175,7.5235663686363985,768.9778816891909,8.43769498715119e-15,776.5014480578272,6.419872,694.970732,0.0,701.390604
2026-07-16_ttft_component_regression/phase1/input6000_rate2p5_reuse00_seed1,32,0.0,13.170128262894881,13.170128262894881,768.9778816891909,8.43769498715119e-15,782.1480099520858,0.218229,700.680378,0.0,700.898607
2026-07-16_ttft_component_regression/phase1/input6000_rate2p5_reuse00_seed1,60,0.019656237301291086,7.492138049562413,7.5117942868637035,768.9778816891909,8.43769498715119e-15,776.4896759760546,3.495809,696.193004,0.0,699.688813
2026-07-16_ttft_component_regression/phase1/input6000_rate2p5_reuse00_seed1,90,0.0,0.2992596639007519,0.2992596639007519,768.9778816891909,8.43769498715119e-15,769.2771413530917,0.001302,676.342498,0.0,676.3438
2026-07-16_ttft_component_regression/phase1/input6000_rate2p5_reuse00_seed1,121,0.0,13.194834263823978,13.194834263823978,768.9778816891909,8.43769498715119e-15,782.1727159530149,11.016474,700.49593,0.0,711.512404
2026-07-16_ttft_component_regression/phase1/input6000_rate2p5_reuse00_seed1,128,0.0,13.02345084654018,13.02345084654018,768.9778816891909,8.43769498715119e-15,782.0013325357311,13.834366,706.417484,0.0,720.25185
2026-07-16_ttft_component_regression/phase1/input6000_rate2p5_reuse00_seed1,115,0.01898934846034082,7.521526464698785,7.540515813159126,768.9778816891909,8.43769498715119e-15,776.51839750235,4.401801,695.60206,0.0,700.003861
2026-07-16_ttft_component_regression/phase1/input6000_rate2p5_reuse00_seed1,143,0.0,12.991825406129982,12.991825406129982,768.9778816891909,8.43769498715119e-15,781.9697070953209,5.937127,706.462636,0.0,712.399763
2026-07-16_ttft_component_regression/phase1/input6000_rate2p5_reuse00_seed1,163,0.0,13.240759601911307,13.240759601911307,768.9778816891909,8.43769498715119e-15,782.2186412911022,18.303567,701.163258,0.0,719.466825
2026-07-16_ttft_component_regression/phase1/input6000_rate2p5_reuse00_seed1,187,0.0,12.089273680934337,12.089273680934337,768.9778816891909,8.43769498715119e-15,781.0671553701252,17.016873,720.77694,0.0,737.793813
2026-07-16_ttft_component_regression/phase1/input6000_rate2p5_reuse00_seed1,194,0.049066332851064154,14.098003514797098,14.147069847648162,768.9778816891909,8.43769498715119e-15,783.124951536839,16.315176,724.321352,0.0,740.636528
2026-07-16_ttft_component_regression/phase1/input6000_rate2p5_reuse00_seed1,173,0.0,13.0302180100383,13.0302180100383,768.9778816891909,8.43769498715119e-15,782.0080996992292,124.936245,973.008907,0.0,1097.945152
2026-07-16_ttft_component_regression/phase1/input6000_rate2p5_reuse00_seed1,170,0.0,13.230164810886105,13.230164810886105,768.9778816891909,8.43769498715119e-15,782.208046500077,10.609456,729.560199,0.0,740.169655
2026-07-16_ttft_component_regression/phase1/input6000_rate2p5_reuse00_seed1,192,0.018384453752180858,11.824683403231694,11.843067856983874,768.9778816891909,8.43769498715119e-15,780.8209495461748,1.760027,716.056249,0.0,717.816276
2026-07-16_ttft_component_regression/phase1/input6000_rate2p5_reuse00_seed1,222,0.0,17.477888487235294,17.477888487235294,768.9778816891909,8.43769498715119e-15,786.4557701764262,18.090238,737.129396,0.0,755.219634
2026-07-16_ttft_component_regression/phase1/input6000_rate2p5_reuse00_seed1,230,0.0,18.806202403629655,18.806202403629655,768.9778816891909,8.43769498715119e-15,787.7840840928205,2.350515,739.150075,0.0,741.50059
2026-07-16_ttft_component_regression/phase1/input6000_rate2p5_reuse00_seed1,219,0.0,17.47492330140177,17.47492330140177,768.9778816891909,8.43769498715119e-15,786.4528049905927,9.219599,737.9638,0.0,747.183399
2026-07-16_ttft_component_regression/phase1/input6000_rate2p5_reuse00_seed1,237,0.04672265913988527,15.9597885241422,16.006511183282086,768.9778816891909,8.43769498715119e-15,784.984392872473,18.728762,727.108967,0.0,745.837729
2026-07-16_ttft_component_regression/phase1/input6000_rate2p5_reuse00_seed1,243,0.014440176959105712,13.269008367328501,13.283448544287607,768.9778816891909,8.43769498715119e-15,782.2613302334785,15.811577,725.776171,0.0,741.587748
2026-07-16_ttft_component_regression/phase1/input6000_rate2p5_reuse00_seed1,265,0.0,19.53201602170717,19.53201602170717,768.9778816891909,8.43769498715119e-15,788.509897710898,21.676226,744.328127,0.0,766.004353
2026-07-16_ttft_component_regression/phase1/input6000_rate2p5_reuse00_seed1,260,0.0,17.45086887045349,17.45086887045349,768.9778816891909,8.43769498715119e-15,786.4287505596444,16.206872,735.55234,0.0,751.759212
2026-07-16_ttft_component_regression/phase1/input6000_rate2p5_reuse00_seed1,251,0.04674869843904961,15.908194257222137,15.954942955661187,768.9778816891909,8.43769498715119e-15,784.9328246448521,12.236215,730.435344,0.0,742.671559
2026-07-16_ttft_component_regression/phase1/input6000_rate2p5_reuse00_seed1,262,0.0,18.977580781956206,18.977580781956206,768.9778816891909,8.43769498715119e-15,787.9554624711471,22.945459,735.155654,0.0,758.101113
2026-07-16_ttft_component_regression/phase1/input6000_rate2p5_reuse00_seed1,283,0.0,330.0689916811869,330.0689916811869,768.9778816891909,8.43769498715119e-15,1099.0468733703779,956.581648,1009.389969,0.0,1965.971617
2026-07-16_ttft_component_regression/phase1/input6000_rate2p5_reuse00_seed1,282,0.0,20.416842128425394,20.416842128425394,768.9778816891909,8.43769498715119e-15,789.3947238176163,273.388183,1020.317028,0.0,1293.705211
2026-07-16_ttft_component_regression/phase1/input6000_rate2p5_reuse00_seed1,293,0.0,20.997080080818147,20.997080080818147,768.9778816891909,8.43769498715119e-15,789.974961770009,6.403058,758.305399,0.0,764.708457
2026-07-16_ttft_component_regression/phase1/input6000_rate2p5_reuse00_seed1,281,0.0,18.831275667655447,18.831275667655447,768.9778816891909,8.43769498715119e-15,787.8091573568463,6.251839,748.737923,0.0,754.989762
2026-07-16_ttft_component_regression/phase1/input6000_rate2p5_reuse00_seed1,17,0.0,0.29373556191048844,0.29373556191048844,768.9778816891909,8.43769498715119e-15,769.2716172511014,0.004981,676.342498,0.0,676.347479
2026-07-16_ttft_component_regression/phase1/input6000_rate2p5_reuse00_seed1,25,0.01892071099160751,7.524337782970762,7.5432584939623695,768.9778816891909,8.43769498715119e-15,776.5211401831533,13.914198,694.340172,0.0,708.25437
2026-07-16_ttft_component_regression/phase1/input6000_rate2p5_reuse00_seed1,47,0.01949804555002094,6.922608115388429,6.94210616093845,768.9778816891909,8.43769498715119e-15,775.9199878501294,4.993819,696.202348,0.0,701.196167
2026-07-16_ttft_component_regression/phase1/input6000_rate2p5_reuse00_seed1,54,0.02042940829334727,6.877376854464778,6.897806262758126,768.9778816891909,8.43769498715119e-15,775.875687951949,7.140544,694.251404,0.0,701.391948
2026-07-16_ttft_component_regression/phase1/input6000_rate2p5_reuse00_seed1,63,0.0,12.991825406129982,12.991825406129982,768.9778816891909,8.43769498715119e-15,781.9697070953209,25.0335,946.863652,0.0,971.897152
2026-07-16_ttft_component_regression/phase1/input6000_rate2p5_reuse00_seed1,61,0.0,13.265449999593905,13.265449999593905,768.9778816891909,8.43769498715119e-15,782.2433316887848,9.970733,713.13063,0.0,723.101363
2026-07-16_ttft_component_regression/phase1/input6000_rate2p5_reuse00_seed1,73,0.04655648253442795,14.670381721807559,14.716938204341986,768.9778816891909,8.43769498715119e-15,783.6948198935329,7.035482,716.950482,0.0,723.985964
2026-07-16_ttft_component_regression/phase1/input6000_rate2p5_reuse00_seed1,71,0.014039720202422116,12.299732613222265,12.313772333424687,768.9778816891909,8.43769498715119e-15,781.2916540226156,3.195574,710.275534,0.0,713.471108
2026-07-16_ttft_component_regression/phase1/input6000_rate2p5_reuse00_seed1,76,0.0,17.419959719404904,17.419959719404904,768.9778816891909,8.43769498715119e-15,786.3978414085958,173.593417,723.083722,0.0,896.677139
2026-07-16_ttft_component_regression/phase1/input6000_rate2p5_reuse00_seed1,98,0.0,20.99277346291714,20.99277346291714,768.9778816891909,8.43769498715119e-15,789.9706551521081,7.580659,742.575398,0.0,750.156057
2026-07-16_ttft_component_regression/phase1/input6000_rate2p5_reuse00_seed1,95,0.0,20.986376178900546,20.986376178900546,768.9778816891909,8.43769498715119e-15,789.9642578680914,5.992966,735.286357,0.0,741.279323
2026-07-16_ttft_component_regression/phase1/input6000_rate2p5_reuse00_seed1,81,0.0,20.40494053684457,20.40494053684457,768.9778816891909,8.43769498715119e-15,789.3828222260355,5.867518,729.124802,0.0,734.99232
2026-07-16_ttft_component_regression/phase1/input6000_rate2p5_reuse00_seed1,109,0.0,19.538220867958476,19.538220867958476,768.9778816891909,8.43769498715119e-15,788.5161025571493,18.541524,746.789285,0.0,765.330809
2026-07-16_ttft_component_regression/phase1/input6000_rate2p5_reuse00_seed1,122,0.0,21.035066558161706,21.035066558161706,768.9778816891909,8.43769498715119e-15,790.0129482473526,13.702886,744.211536,0.0,757.914422
2026-07-16_ttft_component_regression/phase1/input6000_rate2p5_reuse00_seed1,118,0.0,20.423825949482012,20.423825949482012,768.9778816891909,8.43769498715119e-15,789.4017076386729,7.539915,735.360526,0.0,742.900441
2026-07-16_ttft_component_regression/phase1/input6000_rate2p5_reuse00_seed1,140,0.0,21.037379566689413,21.037379566689413,768.9778816891909,8.43769498715119e-15,790.0152612558803,16.28905,753.069158,0.0,769.358208
2026-07-16_ttft_component_regression/phase1/input6000_rate2p5_reuse00_seed1,150,0.0,20.41840335448782,20.41840335448782,768.9778816891909,8.43769498715119e-15,789.3962850436787,23.378728,750.642322,0.0,774.02105
2026-07-16_ttft_component_regression/phase1/input6000_rate2p5_reuse00_seed1,165,0.04672265913988527,15.9597885241422,16.006511183282086,768.9778816891909,8.43769498715119e-15,784.984392872473,17.192891,735.016452,0.0,752.209343
2026-07-16_ttft_component_regression/phase1/input6000_rate2p5_reuse00_seed1,184,0.04669616434469619,15.98916145062943,16.035857614974127,768.9778816891909,8.43769498715119e-15,785.013739304165,0.397537,734.531964,0.0,734.929501
2026-07-16_ttft_component_regression/phase1/input6000_rate2p5_reuse00_seed1,178,0.01709633102077765,13.416312510026044,13.433408841046822,768.9778816891909,8.43769498715119e-15,782.4112905302377,14.95209,726.214606,0.0,741.166696
2026-07-16_ttft_component_regression/phase1/input6000_rate2p5_reuse00_seed1,197,0.019468423474706124,11.878960565637577,11.898428989112283,768.9778816891909,8.43769498715119e-15,780.8763106783032,10.66576,726.086523,0.0,736.752283
2026-07-16_ttft_component_regression/phase1/input6000_rate2p5_reuse00_seed1,215,0.0,16.697015403630466,16.697015403630466,768.9778816891909,8.43769498715119e-15,785.6748970928213,13.160416,736.751729,0.0,749.912145
2026-07-16_ttft_component_regression/phase1/input6000_rate2p5_reuse00_seed1,213,0.06817093256680334,14.56872509901165,14.636896031578452,768.9778816891909,8.43769498715119e-15,783.6147777207693,19.551664,735.738425,0.0,755.290089
2026-07-16_ttft_component_regression/phase1/input6000_rate2p5_reuse00_seed1,234,0.046670698866711643,16.011136819101807,16.05780751796852,768.9778816891909,8.43769498715119e-15,785.0356892071594,13.710063,738.569964,0.0,752.280027
2026-07-16_ttft_component_regression/phase1/input6000_rate2p5_reuse00_seed1,224,0.046629232731797726,16.04036270546147,16.08699193819327,768.9778816891909,8.43769498715119e-15,785.0648736273841,6.155905,738.363026,0.0,744.518931
2026-07-16_ttft_component_regression/phase1/input6000_rate2p5_reuse00_seed1,248,0.04674388287898735,15.922959737347115,15.969703620226102,768.9778816891909,8.43769498715119e-15,784.947585309417,109.638769,728.525816,0.0,838.164585
2026-07-16_ttft_component_regression/phase1/input6000_rate2p5_reuse00_seed1,255,0.04657457896976598,14.80176935849382,14.848343937463586,768.9778816891909,8.43769498715119e-15,783.8262256266545,16.3406,730.475116,0.0,746.815716
2026-07-16_ttft_component_regression/phase1/input6000_rate2p5_reuse00_seed1,245,0.046661139268801576,16.0184513688242,16.065112508093,768.9778816891909,8.43769498715119e-15,785.0429941972839,8.331817,732.275513,0.0,740.60733
2026-07-16_ttft_component_regression/phase1/input6000_rate2p5_reuse00_seed1,278,0.017335939052491086,13.4298887628492,13.447224701901693,768.9778816891909,8.43769498715119e-15,782.4251063910926,16.272515,726.996863,0.0,743.269378
2026-07-16_ttft_component_regression/phase1/input6000_rate2p5_reuse00_seed1,294,0.0,13.051394241968207,13.051394241968207,768.9778816891909,8.43769498715119e-15,782.0292759311591,17.385727,710.606033,0.0,727.99176
2026-07-16_ttft_component_regression/phase1/input6000_rate2p5_reuse00_seed1,8,0.0,0.26602978644191466,0.26602978644191466,768.9778816891909,8.43769498715119e-15,769.2439114756328,0.009858,676.342498,0.0,676.352356
2026-07-16_ttft_component_regression/phase1/input6000_rate2p5_reuse00_seed1,21,0.019656237301291086,7.492138049562413,7.5117942868637035,768.9778816891909,8.43769498715119e-15,776.4896759760546,7.074903,694.630988,0.0,701.705891
2026-07-16_ttft_component_regression/phase1/input6000_rate2p5_reuse00_seed1,59,0.01991286624920225,7.479728820593462,7.499641686842664,768.9778816891909,8.43769498715119e-15,776.4775233760336,301.513664,927.033461,0.0,1228.547125
2026-07-16_ttft_component_regression/phase1/input6000_rate2p5_reuse00_seed1,58,0.0,0.28543829603138116,0.28543829603138116,768.9778816891909,8.43769498715119e-15,769.2633199852223,0.010268,689.692786,0.0,689.703054
2026-07-16_ttft_component_regression/phase1/input6000_rate2p5_reuse00_seed1,74,0.0,12.275810939019113,12.275810939019113,768.9778816891909,8.43769498715119e-15,781.25369262821,5.751376,700.313914,0.0,706.06529
2026-07-16_ttft_component_regression/phase1/input6000_rate2p5_reuse00_seed1,79,0.0,13.006123488143933,13.006123488143933,768.9778816891909,8.43769498715119e-15,781.9840051773348,5.814549,706.136812,0.0,711.951361
2026-07-16_ttft_component_regression/phase1/input6000_rate2p5_reuse00_seed1,93,0.04666577653679251,15.744598701525623,15.791264478062416,768.9778816891909,8.43769498715119e-15,784.7691461672533,116.691536,962.092164,0.0,1078.7837
2026-07-16_ttft_component_regression/phase1/input6000_rate2p5_reuse00_seed1,92,0.01371013591173388,13.229498362445,13.243208498356733,768.9778816891909,8.43769498715119e-15,782.2210901875476,1.511303,723.788888,0.0,725.300191
2026-07-16_ttft_component_regression/phase1/input6000_rate2p5_reuse00_seed1,104,0.04668345581051784,15.759554039954892,15.80623749576541,768.9778816891909,8.43769498715119e-15,784.7841191849564,1.126253,717.714994,0.0,718.841247
2026-07-16_ttft_component_regression/phase1/input6000_rate2p5_reuse00_seed1,131,0.013831953740693874,13.236063171145464,13.249895124886157,768.9778816891909,8.43769498715119e-15,782.2277768140771,9.926077,711.068302,0.0,720.994379
2026-07-16_ttft_component_regression/phase1/input6000_rate2p5_reuse00_seed1,116,0.046712797221199524,15.78941751899367,15.836130316214868,768.9778816891909,8.43769498715119e-15,784.8140120054057,18.165714,717.720978,0.0,735.886692
2026-07-16_ttft_component_regression/phase1/input6000_rate2p5_reuse00_seed1,138,0.0,13.010357012178117,13.010357012178117,768.9778816891909,8.43769498715119e-15,781.988238701369,10.944413,716.603054,0.0,727.547467
2026-07-16_ttft_component_regression/phase1/input6000_rate2p5_reuse00_seed1,161,0.015651878347835088,13.33549684397213,13.351148722319966,768.9778816891909,8.43769498715119e-15,782.3290304115109,28.598227,725.836593,0.0,754.43482
2026-07-16_ttft_component_regression/phase1/input6000_rate2p5_reuse00_seed1,159,0.0,13.0302180100383,13.0302180100383,768.9778816891909,8.43769498715119e-15,782.0080996992292,3.063737,721.108009,0.0,724.171746
2026-07-16_ttft_component_regression/phase1/input6000_rate2p5_reuse00_seed1,204,0.0,11.671982089943562,11.671982089943562,768.9778816891909,8.43769498715119e-15,780.6498637791344,8.278361,717.691022,0.0,725.969383
2026-07-16_ttft_component_regression/phase1/input6000_rate2p5_reuse00_seed1,212,0.0,11.814405441580046,11.814405441580046,768.9778816891909,8.43769498715119e-15,780.7922871307709,14.926705,727.499333,0.0,742.426038
2026-07-16_ttft_component_regression/phase1/input6000_rate2p5_reuse00_seed1,218,0.013918093393650254,12.293585453716762,12.307503547110413,768.9778816891909,8.43769498715119e-15,781.2853852363013,12.312406,721.406504,0.0,733.71891
2026-07-16_ttft_component_regression/phase1/input6000_rate2p5_reuse00_seed1,214,0.01741571350372274,11.7769062265823,11.794321940086023,768.9778816891909,8.43769498715119e-15,780.7722036292769,1.470477,725.997007,0.0,727.467484
2026-07-16_ttft_component_regression/phase1/input6000_rate2p5_reuse00_seed1,249,0.019849261096083474,7.482866366044124,7.502715627140208,768.9778816891909,8.43769498715119e-15,776.4805973163311,7.541836,709.535978,0.0,717.077814
2026-07-16_ttft_component_regression/phase1/input6000_rate2p5_reuse00_seed1,240,0.0,13.223099189021218,13.223099189021218,768.9778816891909,8.43769498715119e-15,782.2009808782121,11.854904,707.897033,0.0,719.751937
2026-07-16_ttft_component_regression/phase1/input6000_rate2p5_reuse00_seed1,270,0.0,13.025690298380656,13.025690298380656,768.9778816891909,8.43769498715119e-15,782.0035719875716,5.238244,726.15488,0.0,731.393124
2026-07-16_ttft_component_regression/phase1/input6000_rate2p5_reuse00_seed1,258,0.0,12.239554936676676,12.239554936676676,768.9778816891909,8.43769498715119e-15,781.2174366258675,8.545524,718.868164,0.0,727.413688
2026-07-16_ttft_component_regression/phase1/input6000_rate2p5_reuse00_seed1,272,0.014804380791466478,13.28887171850807,13.303676099299535,768.9778816891909,8.43769498715119e-15,782.2815577884904,18.309573,737.03697,0.0,755.346543
2026-07-16_ttft_component_regression/phase1/input6000_rate2p5_reuse00_seed1,273,0.04675201145256692,15.886010687533224,15.93276269898579,768.9778816891909,8.43769498715119e-15,784.9106443881767,319.691842,972.60524,0.0,1292.297082
2026-07-16_ttft_component_regression/phase1/input6000_rate2p5_reuse00_seed1,289,0.0,20.41291400634345,20.41291400634345,768.9778816891909,8.43769498715119e-15,789.3907956955344,22.389447,739.594851,0.0,761.984298
2026-07-16_ttft_component_regression/phase1/input6000_rate2p5_reuse00_seed1,287,0.0,18.78698389346807,18.78698389346807,768.9778816891909,8.43769498715119e-15,787.764865582659,4.647352,731.517584,0.0,736.164936
2026-07-16_ttft_component_regression/phase1/input6000_rate3p33_reuse00_seed1,24,0.0,0.14797139029773884,0.14797139029773884,765.6667788935905,5.329070518200751e-15,765.8147502838882,0.013245,676.342498,0.0,676.355743
2026-07-16_ttft_component_regression/phase1/input6000_rate3p33_reuse00_seed1,54,0.0,0.18465148879841933,0.18465148879841933,765.6667788935905,5.329070518200751e-15,765.8514303823889,0.009401,676.342498,0.0,676.351899
2026-07-16_ttft_component_regression/phase1/input6000_rate3p33_reuse00_seed1,72,0.018265164839062,6.40257303785902,6.420838202698082,765.6667788935905,5.329070518200751e-15,772.0876170962886,7.675104,694.664524,0.0,702.339628
2026-07-16_ttft_component_regression/phase1/input6000_rate3p33_reuse00_seed1,96,0.0,11.288651123895505,11.288651123895505,765.6667788935905,5.329070518200751e-15,776.955430017486,15.168251,701.053626,0.0,716.221877
2026-07-16_ttft_component_regression/phase1/input6000_rate3p33_reuse00_seed1,102,0.0,11.044070946321453,11.044070946321453,765.6667788935905,5.329070518200751e-15,776.7108498399119,2.286077,706.671148,0.0,708.957225
2026-07-16_ttft_component_regression/phase1/input6000_rate3p33_reuse00_seed1,116,0.0,10.484213201600618,10.484213201600618,765.6667788935905,5.329070518200751e-15,776.1509920951911,13.72958,700.200122,0.0,713.929702
2026-07-16_ttft_component_regression/phase1/input6000_rate3p33_reuse00_seed1,128,0.0,11.023905979259217,11.023905979259217,765.6667788935905,5.329070518200751e-15,776.6906848728497,10.746681,719.864655,0.0,730.611336
2026-07-16_ttft_component_regression/phase1/input6000_rate3p33_reuse00_seed1,153,0.0,249.60933637457651,249.60933637457651,765.6667788935905,5.329070518200751e-15,1015.276115268167,821.612051,983.872905,0.0,1805.484956
2026-07-16_ttft_component_regression/phase1/input6000_rate3p33_reuse00_seed1,138,0.048064410700630306,12.493890094790762,12.541954505491393,765.6667788935905,5.329070518200751e-15,778.2087333990819,3.962464,717.296498,0.0,721.258962
2026-07-16_ttft_component_regression/phase1/input6000_rate3p33_reuse00_seed1,150,0.0,14.752161376484825,14.752161376484825,765.6667788935905,5.329070518200751e-15,780.4189402700754,1.633644,735.784158,0.0,737.417802
2026-07-16_ttft_component_regression/phase1/input6000_rate3p33_reuse00_seed1,151,0.0,16.08809646293085,16.08809646293085,765.6667788935905,5.329070518200751e-15,781.7548753565213,206.843315,1005.311502,0.0,1212.154817
2026-07-16_ttft_component_regression/phase1/input6000_rate3p33_reuse00_seed1,130,0.016154480349929088,11.265634061424189,11.281788541774118,765.6667788935905,5.329070518200751e-15,776.9485674353646,277.340986,954.12786,0.0,1231.468846
2026-07-16_ttft_component_regression/phase1/input6000_rate3p33_reuse00_seed1,184,0.08259256074208292,17.777226156081277,17.85981871682336,765.6667788935905,5.329070518200751e-15,783.5265976104139,7.314134,750.623593,0.0,757.937727
2026-07-16_ttft_component_regression/phase1/input6000_rate3p33_reuse00_seed1,200,0.0,16.609273745624296,16.609273745624296,765.6667788935905,5.329070518200751e-15,782.2760526392148,6.495362,748.388723,0.0,754.884085
2026-07-16_ttft_component_regression/phase1/input6000_rate3p33_reuse00_seed1,213,0.45796699395087387,19.14163474578029,19.599601739731163,765.6667788935905,5.329070518200751e-15,785.2663806333217,4.773952,761.771522,0.0,766.545474
2026-07-16_ttft_component_regression/phase1/input6000_rate3p33_reuse00_seed1,190,0.0,16.078768686905416,16.078768686905416,765.6667788935905,5.329070518200751e-15,781.7455475804959,12.786671,735.460032,0.0,748.246703
2026-07-16_ttft_component_regression/phase1/input6000_rate3p33_reuse00_seed1,207,0.06214299910050258,17.467365281122053,17.529508280222554,765.6667788935905,5.329070518200751e-15,783.1962871738131,25.547516,754.742433,0.0,780.289949
2026-07-16_ttft_component_regression/phase1/input6000_rate3p33_reuse00_seed1,228,0.0,16.095367012182027,16.095367012182027,765.6667788935905,5.329070518200751e-15,781.7621459057725,11.113825,738.868556,0.0,749.982381
2026-07-16_ttft_component_regression/phase1/input6000_rate3p33_reuse00_seed1,259,0.0,11.262307856612086,11.262307856612086,765.6667788935905,5.329070518200751e-15,776.9290867502026,9.818742,706.821307,0.0,716.640049
2026-07-16_ttft_component_regression/phase1/input6000_rate3p33_reuse00_seed1,269,0.01717028661221526,11.317947442851716,11.335117729463931,765.6667788935905,5.329070518200751e-15,777.0018966230544,82.51515,729.166376,0.0,811.681526
2026-07-16_ttft_component_regression/phase1/input6000_rate3p33_reuse00_seed1,281,0.043237098881117604,13.422701622333019,13.465938721214137,765.6667788935905,5.329070518200751e-15,779.1327176148046,122.253999,725.14806,0.0,847.402059
2026-07-16_ttft_component_regression/phase1/input6000_rate3p33_reuse00_seed1,278,0.015927746736204253,11.254080661629825,11.27000840836603,765.6667788935905,5.329070518200751e-15,776.9367873019565,11.127178,725.724449,0.0,736.851627
2026-07-16_ttft_component_regression/phase1/input6000_rate3p33_reuse00_seed1,267,0.0,11.06120770747183,11.06120770747183,765.6667788935905,5.329070518200751e-15,776.7279866010623,0.422923,723.914448,0.0,724.337371
2026-07-16_ttft_component_regression/phase1/input6000_rate3p33_reuse00_seed1,297,0.0,15.856428936216613,15.856428936216613,765.6667788935905,5.329070518200751e-15,781.5232078298071,14.093605,735.060833,0.0,749.154438
2026-07-16_ttft_component_regression/phase1/input6000_rate3p33_reuse00_seed1,3,0.0,0.15322388756973096,0.15322388756973096,765.6667788935905,5.329070518200751e-15,765.8200027811603,0.327114,689.692786,0.0,690.0199
2026-07-16_ttft_component_regression/phase1/input6000_rate3p33_reuse00_seed1,6,0.01910035783094448,6.9041346869702584,6.923235044801203,765.6667788935905,5.329070518200751e-15,772.5900139383917,32.862248,927.033461,0.0,959.895709
2026-07-16_ttft_component_regression/phase1/input6000_rate3p33_reuse00_seed1,12,0.0,12.263806079263023,12.263806079263023,765.6667788935905,5.329070518200751e-15,777.9305849728536,9.168882,699.77529,0.0,708.944172
2026-07-16_ttft_component_regression/phase1/input6000_rate3p33_reuse00_seed1,17,0.0,11.850966686064591,11.850966686064591,765.6667788935905,5.329070518200751e-15,777.5177455796551,0.958041,705.955564,0.0,706.913605
2026-07-16_ttft_component_regression/phase1/input6000_rate3p33_reuse00_seed1,22,0.013298485412331485,11.998825197102354,12.012123682514686,765.6667788935905,5.329070518200751e-15,777.6789025761052,16.643434,710.228142,0.0,726.871576
2026-07-16_ttft_component_regression/phase1/input6000_rate3p33_reuse00_seed1,41,0.0,11.894237147207582,11.894237147207582,765.6667788935905,5.329070518200751e-15,777.5610160407981,6.048069,706.835724,0.0,712.883793
2026-07-16_ttft_component_regression/phase1/input6000_rate3p33_reuse00_seed1,60,0.0,12.185919692450925,12.185919692450925,765.6667788935905,5.329070518200751e-15,777.8526985860415,9.351936,700.779962,0.0,710.131898
2026-07-16_ttft_component_regression/phase1/input6000_rate3p33_reuse00_seed1,76,0.0,11.014351628552475,11.014351628552475,765.6667788935905,5.329070518200751e-15,776.681130522143,17.66706,706.932204,0.0,724.599264
2026-07-16_ttft_component_regression/phase1/input6000_rate3p33_reuse00_seed1,87,0.0,15.85911313056358,15.85911313056358,765.6667788935905,5.329070518200751e-15,781.5258920241541,220.357404,970.578556,0.0,1190.93596
2026-07-16_ttft_component_regression/phase1/input6000_rate3p33_reuse00_seed1,93,0.0,15.820760646373113,15.820760646373113,765.6667788935905,5.329070518200751e-15,781.4875395399636,17.186317,731.341006,0.0,748.527323
2026-07-16_ttft_component_regression/phase1/input6000_rate3p33_reuse00_seed1,97,0.0,17.26815162380351,17.26815162380351,765.6667788935905,5.329070518200751e-15,782.934930517394,10.678376,749.000651,0.0,759.679027
2026-07-16_ttft_component_regression/phase1/input6000_rate3p33_reuse00_seed1,84,0.0431362220578779,13.472692602970772,13.51582882502865,765.6667788935905,5.329070518200751e-15,779.1826077186191,156.241286,730.477193,0.0,886.718479
2026-07-16_ttft_component_regression/phase1/input6000_rate3p33_reuse00_seed1,83,0.0155870005852272,11.23680012399868,11.252387124583908,765.6667788935905,5.329070518200751e-15,776.9191660181745,6.830604,711.033742,0.0,717.864346
2026-07-16_ttft_component_regression/phase1/input6000_rate3p33_reuse00_seed1,125,0.0,16.065815209165045,16.065815209165045,765.6667788935905,5.329070518200751e-15,781.7325941027556,204.547174,741.040897,0.0,945.588071
2026-07-16_ttft_component_regression/phase1/input6000_rate3p33_reuse00_seed1,123,0.0016685302639028634,14.683693160199596,14.685361690463498,765.6667788935905,5.329070518200751e-15,780.352140584054,16.115245,743.194939,0.0,759.310184
2026-07-16_ttft_component_regression/phase1/input6000_rate3p33_reuse00_seed1,142,0.0018751870628876137,14.68094968292431,14.682824869987197,765.6667788935905,5.329070518200751e-15,780.3496037635776,2.151394,741.186268,0.0,743.337662
2026-07-16_ttft_component_regression/phase1/input6000_rate3p33_reuse00_seed1,152,0.0014616416675296254,14.686428375274737,14.687890016942266,765.6667788935905,5.329070518200751e-15,780.3546689105327,8.25569,733.960396,0.0,742.216086
2026-07-16_ttft_component_regression/phase1/input6000_rate3p33_reuse00_seed1,162,0.0016685302639028634,14.683693160199596,14.685361690463498,765.6667788935905,5.329070518200751e-15,780.352140584054,20.439333,733.285125,0.0,753.724458
2026-07-16_ttft_component_regression/phase1/input6000_rate3p33_reuse00_seed1,167,0.0,16.067140805223264,16.067140805223264,765.6667788935905,5.329070518200751e-15,781.7339196988138,6.81491,740.77559,0.0,747.5905
2026-07-16_ttft_component_regression/phase1/input6000_rate3p33_reuse00_seed1,209,0.0,10.533581002837053,10.533581002837053,765.6667788935905,5.329070518200751e-15,776.2003598964276,12.946556,717.273239,0.0,730.219795
2026-07-16_ttft_component_regression/phase1/input6000_rate3p33_reuse00_seed1,220,0.022358701215772908,5.944389040850174,5.966747742065947,765.6667788935905,5.329070518200751e-15,771.6335266356565,8.11846,707.886299,0.0,716.004759
2026-07-16_ttft_component_regression/phase1/input6000_rate3p33_reuse00_seed1,225,0.0,10.459597501845883,10.459597501845883,765.6667788935905,5.329070518200751e-15,776.1263763954364,18.230008,715.590723,0.0,733.820731
2026-07-16_ttft_component_regression/phase1/input6000_rate3p33_reuse00_seed1,239,0.02155930849216728,10.498325892793947,10.519885201286113,765.6667788935905,5.329070518200751e-15,776.1866640948766,260.951904,965.023284,0.0,1225.975188
2026-07-16_ttft_component_regression/phase1/input6000_rate3p33_reuse00_seed1,237,0.0,10.278817839950012,10.278817839950012,765.6667788935905,5.329070518200751e-15,775.9455967335405,10.504363,735.428084,0.0,745.932447
2026-07-16_ttft_component_regression/phase1/input6000_rate3p33_reuse00_seed1,249,0.042922025209345106,13.547110439780136,13.59003246498948,765.6667788935905,5.329070518200751e-15,779.25681135858,18.316325,728.92748,0.0,747.243805
2026-07-16_ttft_component_regression/phase1/input6000_rate3p33_reuse00_seed1,273,0.0,14.786796048432938,14.786796048432938,765.6667788935905,5.329070518200751e-15,780.4535749420235,7.413942,753.373461,0.0,760.787403
2026-07-16_ttft_component_regression/phase1/input6000_rate3p33_reuse00_seed1,279,0.0,17.903087041314595,17.903087041314595,765.6667788935905,5.329070518200751e-15,783.5698659349051,166.286992,747.473687,0.0,913.760679
2026-07-16_ttft_component_regression/phase1/input6000_rate3p33_reuse00_seed1,285,0.07067602927402956,18.857981924799887,18.928657954073916,765.6667788935905,5.329070518200751e-15,784.5954368476645,14.386254,762.095369,0.0,776.481623
2026-07-16_ttft_component_regression/phase1/input6000_rate3p33_reuse00_seed1,282,0.07760713133712772,18.909923287657282,18.98753041899441,765.6667788935905,5.329070518200751e-15,784.6543093125849,24.769978,767.286334,0.0,792.056312
2026-07-16_ttft_component_regression/phase1/input6000_rate3p33_reuse00_seed1,274,0.0,16.100729327457554,16.100729327457554,765.6667788935905,5.329070518200751e-15,781.767508221048,453.773141,997.821454,0.0,1451.594595
2026-07-16_ttft_component_regression/phase1/input6000_rate3p33_reuse00_seed1,0,0.0,0.16895763613015174,0.16895763613015174,765.6667788935905,5.329070518200751e-15,765.8357365297206,0.0,676.342498,0.0,676.342498
2026-07-16_ttft_component_regression/phase1/input6000_rate3p33_reuse00_seed1,8,0.018003827285961307,6.95812069611473,6.976124523400692,765.6667788935905,5.329070518200751e-15,772.6429034169912,5.068858,693.993324,0.0,699.062182
2026-07-16_ttft_component_regression/phase1/input6000_rate3p33_reuse00_seed1,32,0.0,12.203619742567039,12.203619742567039,765.6667788935905,5.329070518200751e-15,777.8703986361576,19.070525,701.455802,0.0,720.526327
2026-07-16_ttft_component_regression/phase1/input6000_rate3p33_reuse00_seed1,57,0.0433346408525378,14.485073741294265,14.528408382146802,765.6667788935905,5.329070518200751e-15,780.1951872757373,3.307164,716.41285,0.0,719.720014
2026-07-16_ttft_component_regression/phase1/input6000_rate3p33_reuse00_seed1,39,0.0,12.196537834585357,12.196537834585357,765.6667788935905,5.329070518200751e-15,777.8633167281758,11.020187,700.742394,0.0,711.762581
2026-07-16_ttft_component_regression/phase1/input6000_rate3p33_reuse00_seed1,43,0.0,11.909010044546948,11.909010044546948,765.6667788935905,5.329070518200751e-15,777.5757889381374,19.468382,719.646671,0.0,739.115053
2026-07-16_ttft_component_regression/phase1/input6000_rate3p33_reuse00_seed1,44,0.01672347866334897,12.182562603285904,12.199286081949253,765.6667788935905,5.329070518200751e-15,777.8660649755398,388.560098,953.885108,0.0,1342.445206
2026-07-16_ttft_component_regression/phase1/input6000_rate3p33_reuse00_seed1,50,0.043102349186552986,14.585208953102148,14.6283113022887,765.6667788935905,5.329070518200751e-15,780.2950901958792,10.513498,717.071602,0.0,727.5851
2026-07-16_ttft_component_regression/phase1/input6000_rate3p33_reuse00_seed1,78,0.0,15.845607558510215,15.845607558510215,765.6667788935905,5.329070518200751e-15,781.5123864521007,14.852187,723.70897,0.0,738.561157
2026-07-16_ttft_component_regression/phase1/input6000_rate3p33_reuse00_seed1,137,0.00038800568831019304,0.0,0.00038800568831019304,765.6667788935905,5.329070518200751e-15,765.6671668992789,0.006359,676.342498,0.0,676.348857
2026-07-16_ttft_component_regression/phase1/input6000_rate3p33_reuse00_seed1,140,0.024061472910199846,5.870636789663656,5.894698262573856,765.6667788935905,5.329070518200751e-15,771.5614771561644,7.161939,694.00718,0.0,701.169119
2026-07-16_ttft_component_regression/phase1/input6000_rate3p33_reuse00_seed1,171,0.0,10.54283672845792,10.54283672845792,765.6667788935905,5.329070518200751e-15,776.2096156220484,17.408096,710.807004,0.0,728.2151
2026-07-16_ttft_component_regression/phase1/input6000_rate3p33_reuse00_seed1,202,0.0,10.252871776636404,10.252871776636404,765.6667788935905,5.329070518200751e-15,775.9196506702269,9.538254,722.343809,0.0,731.882063
2026-07-16_ttft_component_regression/phase1/input6000_rate3p33_reuse00_seed1,186,0.0,10.41988453369098,10.41988453369098,765.6667788935905,5.329070518200751e-15,776.0866634272815,16.751172,721.747014,0.0,738.498186
2026-07-16_ttft_component_regression/phase1/input6000_rate3p33_reuse00_seed1,194,0.0,10.4626697978625,10.4626697978625,765.6667788935905,5.329070518200751e-15,776.129448691453,4.731152,720.168954,0.0,724.900106
2026-07-16_ttft_component_regression/phase1/input6000_rate3p33_reuse00_seed1,234,0.0,10.439872605393552,10.439872605393552,765.6667788935905,5.329070518200751e-15,776.1066514989841,19.312661,713.813976,0.0,733.126637
2026-07-16_ttft_component_regression/phase1/input6000_rate3p33_reuse00_seed1,240,0.020878110871405762,10.465779097342415,10.48665720821382,765.6667788935905,5.329070518200751e-15,776.1534361018043,20.629118,728.626736,0.0,749.255854
2026-07-16_ttft_component_regression/phase1/input6000_rate3p33_reuse00_seed1,296,0.0,15.831889412243026,15.831889412243026,765.6667788935905,5.329070518200751e-15,781.4986683058336,73.262602,976.004424,0.0,1049.267026
2026-07-16_ttft_component_regression/phase1/input6000_rate3p33_reuse00_seed1,294,0.04809695418966631,12.476321775131114,12.52441872932078,765.6667788935905,5.329070518200751e-15,778.1911976229113,2.738889,1013.938016,0.0,1016.676905
2026-07-16_ttft_component_regression/phase1/input6000_rate3p33_reuse00_seed1,272,0.0,10.468818793624974,10.468818793624974,765.6667788935905,5.329070518200751e-15,776.1355976872155,2.371623,712.069777,0.0,714.4414
2026-07-16_ttft_component_regression/phase1/input6000_rate3p33_reuse00_seed1,288,0.0,11.035836696872853,11.035836696872853,765.6667788935905,5.329070518200751e-15,776.7026155904633,9.957142,725.690341,0.0,735.647483
2026-07-16_ttft_component_regression/phase1/input6000_rate3p33_reuse00_seed1,291,0.020878110871405762,10.465779097342415,10.48665720821382,765.6667788935905,5.329070518200751e-15,776.1534361018043,243.514887,745.002375,0.0,988.517262
2026-07-16_ttft_component_regression/phase1/input6000_rate3p33_reuse00_seed1,9,0.0,0.1505981037920055,0.1505981037920055,765.6667788935905,5.329070518200751e-15,765.8173769973826,0.023654,676.342498,0.0,676.366152
2026-07-16_ttft_component_regression/phase1/input6000_rate3p33_reuse00_seed1,15,0.01910035783094448,6.9041346869702584,6.923235044801203,765.6667788935905,5.329070518200751e-15,772.5900139383917,13.457007,694.523244,0.0,707.980251
2026-07-16_ttft_component_regression/phase1/input6000_rate3p33_reuse00_seed1,36,0.0,11.857905513408078,11.857905513408078,765.6667788935905,5.329070518200751e-15,777.5246844069986,266.825877,977.907775,0.0,1244.733652
2026-07-16_ttft_component_regression/phase1/input6000_rate3p33_reuse00_seed1,37,0.012027161009018137,11.933124443447548,11.945151604456566,765.6667788935905,5.329070518200751e-15,777.6119304980471,339.602328,945.375169,0.0,1284.977497
2026-07-16_ttft_component_regression/phase1/input6000_rate3p33_reuse00_seed1,51,0.04346373040489482,14.309026448329584,14.35249017873448,765.6667788935905,5.329070518200751e-15,780.019269072325,21.711471,716.96469,0.0,738.676161
2026-07-16_ttft_component_regression/phase1/input6000_rate3p33_reuse00_seed1,34,0.0,12.239038846501336,12.239038846501336,765.6667788935905,5.329070518200751e-15,777.9058177400918,6.994626,714.242406,0.0,721.237032
2026-07-16_ttft_component_regression/phase1/input6000_rate3p33_reuse00_seed1,45,0.013643956523715724,12.016902457074664,12.03054641359838,765.6667788935905,5.329070518200751e-15,777.6973253071889,13.82837,710.181038,0.0,724.009408
2026-07-16_ttft_component_regression/phase1/input6000_rate3p33_reuse00_seed1,75,0.0,17.26815162380351,17.26815162380351,765.6667788935905,5.329070518200751e-15,782.934930517394,4.924085,729.269698,0.0,734.193783
2026-07-16_ttft_component_regression/phase1/input6000_rate3p33_reuse00_seed1,56,0.0,17.035052628924138,17.035052628924138,765.6667788935905,5.329070518200751e-15,782.7018315225147,10.350455,723.31217,0.0,733.662625
2026-07-16_ttft_component_regression/phase1/input6000_rate3p33_reuse00_seed1,73,0.0,15.820760646373113,15.820760646373113,765.6667788935905,5.329070518200751e-15,781.4875395399636,12.588865,723.542378,0.0,736.131243
2026-07-16_ttft_component_regression/phase1/input6000_rate3p33_reuse00_seed1,92,0.04686537513299922,18.675349286733237,18.722214661866236,765.6667788935905,5.329070518200751e-15,784.3889935554568,1.629143,751.147306,0.0,752.776449
2026-07-16_ttft_component_regression/phase1/input6000_rate3p33_reuse00_seed1,91,0.0,17.8359059529568,17.8359059529568,765.6667788935905,5.329070518200751e-15,783.5026848465473,16.938114,735.565301,0.0,752.503415
2026-07-16_ttft_component_regression/phase1/input6000_rate3p33_reuse00_seed1,112,0.0,16.084400324852062,16.084400324852062,765.6667788935905,5.329070518200751e-15,781.7511792184425,336.62289,993.990934,0.0,1330.613824
2026-07-16_ttft_component_regression/phase1/input6000_rate3p33_reuse00_seed1,121,0.061872451167264496,18.791226540698943,18.853098991866208,765.6667788935905,5.329070518200751e-15,784.5198778854567,20.484783,751.61826,0.0,772.103043
2026-07-16_ttft_component_regression/phase1/input6000_rate3p33_reuse00_seed1,145,0.06480078168482946,17.48633763400604,17.551138415690872,765.6667788935905,5.329070518200751e-15,783.2179173092813,23.370905,752.907189,0.0,776.278094
2026-07-16_ttft_component_regression/phase1/input6000_rate3p33_reuse00_seed1,111,0.0,14.757203385070591,14.757203385070591,765.6667788935905,5.329070518200751e-15,780.4239822786611,15.366271,750.59987,0.0,765.966141
2026-07-16_ttft_component_regression/phase1/input6000_rate3p33_reuse00_seed1,119,0.0,17.87316747472645,17.87316747472645,765.6667788935905,5.329070518200751e-15,783.5399463683169,14.510975,746.143768,0.0,760.654743
2026-07-16_ttft_component_regression/phase1/input6000_rate3p33_reuse00_seed1,156,0.0,16.080658229033812,16.080658229033812,765.6667788935905,5.329070518200751e-15,781.7474371226243,2.665819,752.513941,0.0,755.17976
2026-07-16_ttft_component_regression/phase1/input6000_rate3p33_reuse00_seed1,133,0.48412705532395134,19.246087899233245,19.730214954557198,765.6667788935905,5.329070518200751e-15,785.3969938481478,0.52241,757.592251,0.0,758.114661
2026-07-16_ttft_component_regression/phase1/input6000_rate3p33_reuse00_seed1,183,0.4814805727455893,19.23569150076521,19.7171720735108,765.6667788935905,5.329070518200751e-15,785.3839509671013,218.573055,760.586653,0.0,979.159708
2026-07-16_ttft_component_regression/phase1/input6000_rate3p33_reuse00_seed1,165,0.06882886079195051,17.51494668265011,17.58377554344206,765.6667788935905,5.329070518200751e-15,783.2505544370325,133.997953,757.645292,0.0,891.643245
2026-07-16_ttft_component_regression/phase1/input6000_rate3p33_reuse00_seed1,158,0.0,16.631689943753045,16.631689943753045,765.6667788935905,5.329070518200751e-15,782.2984688373435,203.571931,1006.040601,0.0,1209.612532
2026-07-16_ttft_component_regression/phase1/input6000_rate3p33_reuse00_seed1,178,0.07496443383290723,17.558192605234463,17.63315703906737,765.6667788935905,5.329070518200751e-15,783.2999359326578,2.412678,758.990788,0.0,761.403466
2026-07-16_ttft_component_regression/phase1/input6000_rate3p33_reuse00_seed1,192,5630.407633119513,21.508146556632582,5651.915779676146,765.6667788935905,5.329070518200751e-15,6417.582558569736,3815.400766,775.061218,0.0,4590.461984
2026-07-16_ttft_component_regression/phase1/input6000_rate3p33_reuse00_seed1,188,5048.929907378244,21.91504726887397,5070.844954647118,765.6667788935905,5.329070518200751e-15,5836.5117335407085,3072.407351,771.717669,0.0,3844.12502
2026-07-16_ttft_component_regression/phase1/input6000_rate3p33_reuse00_seed1,201,7273.775304129894,21.53085720947823,7295.306161339372,765.6667788935905,5.329070518200751e-15,8060.972940232962,7851.075129,765.290462,0.0,8616.365591
2026-07-16_ttft_component_regression/phase1/input6000_rate3p33_reuse00_seed1,235,588.8896989677629,21.92788705627288,610.8175860240358,765.6667788935905,5.329070518200751e-15,1376.4843649176264,438.988907,760.695459,0.0,1199.684366
2026-07-16_ttft_component_regression/phase1/input6000_rate3p33_reuse00_seed1,193,7381.841601277101,21.521634353573617,7403.363235630675,765.6667788935905,5.329070518200751e-15,8169.030014524265,8435.927142,760.429468,0.0,9196.35661
2026-07-16_ttft_component_regression/phase1/input6000_rate3p33_reuse00_seed1,204,7201.025544179198,21.551573064677886,7222.577117243875,765.6667788935905,5.329070518200751e-15,7988.2438961374655,7483.261885999999,774.672428,0.0,8257.934314
2026-07-16_ttft_component_regression/phase1/input6000_rate3p33_reuse00_seed1,265,0.06930644322888811,18.847654625697896,18.916961068926785,765.6667788935905,5.329070518200751e-15,784.5837399625173,3.033424,757.611119,0.0,760.644543
2026-07-16_ttft_component_regression/phase1/input6000_rate3p33_reuse00_seed1,248,0.0811248149118445,18.93608109098953,19.017205905901374,765.6667788935905,5.329070518200751e-15,784.6839847994919,0.713237,751.649868,0.0,752.363105
2026-07-16_ttft_component_regression/phase1/input6000_rate3p33_reuse00_seed1,260,0.0,17.90103794528676,17.90103794528676,765.6667788935905,5.329070518200751e-15,783.5678168388772,17.106403,746.3024,0.0,763.408803
2026-07-16_ttft_component_regression/phase1/input6000_rate3p33_reuse00_seed1,290,0.4838751186718148,20.686208648249753,21.170083766921568,765.6667788935905,5.329070518200751e-15,786.8368626605121,5.053282,761.108437,0.0,766.161719
2026-07-16_ttft_component_regression/phase1/input6000_rate3p33_reuse00_seed1,271,0.49320739424639676,20.724923018814085,21.218130413060482,765.6667788935905,5.329070518200751e-15,786.884909306651,6.24046,760.725949,0.0,766.966409
2026-07-16_ttft_component_regression/phase1/input6000_rate3p33_reuse00_seed1,284,0.07274079252910694,18.873511262665037,18.946252055194144,765.6667788935905,5.329070518200751e-15,784.6130309487846,19.260887,756.596969,0.0,775.857856
2026-07-16_ttft_component_regression/phase1/input6000_rate3p33_reuse00_seed1,5,0.0,0.18726286671349643,0.18726286671349643,765.6667788935905,5.329070518200751e-15,765.854041760304,0.554672,676.342498,0.0,676.89717
2026-07-16_ttft_component_regression/phase1/input6000_rate3p33_reuse00_seed1,14,0.01806770503384312,6.9553153868332585,6.973383091867102,765.6667788935905,5.329070518200751e-15,772.6401619854576,11.013597,694.681324,0.0,705.694921
2026-07-16_ttft_component_regression/phase1/input6000_rate3p33_reuse00_seed1,25,0.0,11.906854343735041,11.906854343735041,765.6667788935905,5.329070518200751e-15,777.5736332373256,18.496072,706.127852,0.0,724.623924
2026-07-16_ttft_component_regression/phase1/input6000_rate3p33_reuse00_seed1,20,0.0,12.15412278039306,12.15412278039306,765.6667788935905,5.329070518200751e-15,777.8209016739836,16.672456,700.081274,0.0,716.75373
2026-07-16_ttft_component_regression/phase1/input6000_rate3p33_reuse00_seed1,28,0.01672347866334897,12.182562603285904,12.199286081949253,765.6667788935905,5.329070518200751e-15,777.8660649755398,18.217087,710.219534,0.0,728.436621
2026-07-16_ttft_component_regression/phase1/input6000_rate3p33_reuse00_seed1,52,0.0,17.110754741051274,17.110754741051274,765.6667788935905,5.329070518200751e-15,782.7775336346418,7.259283,736.60867,0.0,743.867953
2026-07-16_ttft_component_regression/phase1/input6000_rate3p33_reuse00_seed1,53,0.0,18.612448605004335,18.612448605004335,765.6667788935905,5.329070518200751e-15,784.2792274985949,337.532106,1006.346862,0.0,1343.878968
2026-07-16_ttft_component_regression/phase1/input6000_rate3p33_reuse00_seed1,55,0.0,286.79213487660985,286.79213487660985,765.6667788935905,5.329070518200751e-15,1052.4589137702003,907.177378,1016.518646,0.0,1923.696024
2026-07-16_ttft_component_regression/phase1/input6000_rate3p33_reuse00_seed1,59,0.06467851819008803,20.2525385352867,20.31721705347679,765.6667788935905,5.329070518200751e-15,785.9839959470673,456.230145,1029.671939,0.0,1485.902084
2026-07-16_ttft_component_regression/phase1/input6000_rate3p33_reuse00_seed1,49,0.04308264699451269,14.59184301676516,14.634925663759674,765.6667788935905,5.329070518200751e-15,780.3017045573501,9.16488,718.389554,0.0,727.554434
2026-07-16_ttft_component_regression/phase1/input6000_rate3p33_reuse00_seed1,65,0.48404531296888104,22.263406410603153,22.747451723572034,765.6667788935905,5.329070518200751e-15,788.4142306171625,314.080691,975.752159,0.0,1289.83285
2026-07-16_ttft_component_regression/phase1/input6000_rate3p33_reuse00_seed1,68,6867.385707487067,23.11024056891499,6890.495948055982,765.6667788935905,5.329070518200751e-15,7656.162726949572,1073.841007,752.436719,0.0,1826.277726
2026-07-16_ttft_component_regression/phase1/input6000_rate3p33_reuse00_seed1,70,7420.947147209241,23.11024056891499,7444.057387778156,765.6667788935905,5.329070518200751e-15,8209.724166671747,2620.5820519999997,758.901357,0.0,3379.483409
2026-07-16_ttft_component_regression/phase1/input6000_rate3p33_reuse00_seed1,88,2074.624813745494,23.119437515072363,2097.744251260566,765.6667788935905,5.329070518200751e-15,2863.411030154157,1226.695625,761.815166,0.0,1988.510791
2026-07-16_ttft_component_regression/phase1/input6000_rate3p33_reuse00_seed1,106,0.5053280714883562,20.774454464915777,21.279782536404134,765.6667788935905,5.329070518200751e-15,786.9465614299946,9.919616,764.545872,0.0,774.465488
2026-07-16_ttft_component_regression/phase1/input6000_rate3p33_reuse00_seed1,136,4821.31321638153,19.476613135254723,4840.789829516784,765.6667788935905,5.329070518200751e-15,5606.456608410374,2418.864431,766.38488,0.0,3185.249311
2026-07-16_ttft_component_regression/phase1/input6000_rate3p33_reuse00_seed1,107,2418.5907115826917,23.136698430849936,2441.7274100135414,765.6667788935905,5.329070518200751e-15,3207.394188907132,1548.26945,763.827012,0.0,2312.096462
2026-07-16_ttft_component_regression/phase1/input6000_rate3p33_reuse00_seed1,114,11399.880070585625,21.564253940318935,11421.444324525944,765.6667788935905,5.329070518200751e-15,12187.111103419535,3253.5441720000003,756.6942,0.0,4010.238372
2026-07-16_ttft_component_regression/phase1/input6000_rate3p33_reuse00_seed1,131,0.10446769145572761,19.106293862613352,19.21076155406908,765.6667788935905,5.329070518200751e-15,784.8775404476596,12.707345,749.098454,0.0,761.805799
2026-07-16_ttft_component_regression/phase1/input6000_rate3p33_reuse00_seed1,141,926.0247983080437,19.50679660266716,945.5315949107109,765.6667788935905,5.329070518200751e-15,1711.1983738043014,1417.541182,1023.495912,0.0,2441.037094
2026-07-16_ttft_component_regression/phase1/input6000_rate3p33_reuse00_seed1,146,4262.344276259143,19.511813113572423,4281.856089372715,765.6667788935905,5.329070518200751e-15,5047.5228682663055,5029.628544,761.193646,0.0,5790.82219
2026-07-16_ttft_component_regression/phase1/input6000_rate3p33_reuse00_seed1,159,3960.964248938885,21.578811669437354,3982.5430606083223,765.6667788935905,5.329070518200751e-15,4748.209839501913,2801.876252,775.073172,0.0,3576.949424
2026-07-16_ttft_component_regression/phase1/input6000_rate3p33_reuse00_seed1,163,6726.687071652583,21.57171378354034,6748.258785436123,765.6667788935905,5.329070518200751e-15,7513.925564329713,6276.267935,764.142391,0.0,7040.410326
2026-07-16_ttft_component_regression/phase1/input6000_rate3p33_reuse00_seed1,160,6319.678436337059,21.57601614783991,6341.254452484899,765.6667788935905,5.329070518200751e-15,7106.921231378489,5594.236733,770.452227,0.0,6364.68896
2026-07-16_ttft_component_regression/phase1/input6000_rate3p33_reuse00_seed1,144,3745.1301481273536,19.556775202278683,3764.686923329632,765.6667788935905,5.329070518200751e-15,4530.353702223222,3781.1174859999996,767.501849,0.0,4548.619335
2026-07-16_ttft_component_regression/phase1/input6000_rate3p33_reuse00_seed1,164,7958.596680832356,21.578811669437354,7980.175492501793,765.6667788935905,5.329070518200751e-15,8745.842271395384,14168.936792999999,764.114033,0.0,14933.050826
2026-07-16_ttft_component_regression/phase1/input6000_rate3p33_reuse00_seed1,168,7938.378848402841,21.57316241629155,7959.952010819133,765.6667788935905,5.329070518200751e-15,8725.618789712724,15648.707153,761.256279,0.0,16409.963432
2026-07-16_ttft_component_regression/phase1/input6000_rate3p33_reuse00_seed1,180,7786.432874807116,21.541467211818375,7807.974342018934,765.6667788935905,5.329070518200751e-15,8573.641120912525,17026.168472999998,768.171375,0.0,17794.339848
2026-07-16_ttft_component_regression/phase1/input6000_rate3p33_reuse00_seed1,185,7995.673221842658,21.943372072545326,8017.616593915203,765.6667788935905,5.329070518200751e-15,8783.283372808794,17404.875054,1021.712211,0.0,18426.587265
2026-07-16_ttft_component_regression/phase1/input6000_rate3p33_reuse00_seed1,170,7974.7242377961575,21.580187539834856,7996.304425335992,765.6667788935905,5.329070518200751e-15,8761.971204229583,15918.460883000002,764.859915,0.0,16683.320798
2026-07-16_ttft_component_regression/phase1/input6000_rate3p33_reuse00_seed1,205,7608.01767611836,21.500140616488107,7629.517816734849,765.6667788935905,5.329070518200751e-15,8395.18459562844,18665.823208,758.389375,0.0,19424.212583
2026-07-16_ttft_component_regression/phase1/input6000_rate3p33_reuse00_seed1,217,7557.4813814673425,21.477019868057216,7578.9584013354,765.6667788935905,5.329070518200751e-15,8344.62518022899,16528.835506,758.788876,0.0,17287.624382
2026-07-16_ttft_component_regression/phase1/input6000_rate3p33_reuse00_seed1,182,7885.011099658153,21.564253940318935,7906.575353598472,765.6667788935905,5.329070518200751e-15,8672.242132492063,17410.629259,1039.066968,0.0,18449.696227
2026-07-16_ttft_component_regression/phase1/input6000_rate3p33_reuse00_seed1,196,7651.6568129924535,21.510114233991253,7673.166927226444,765.6667788935905,5.329070518200751e-15,8438.833706120035,18250.344530000002,1034.500334,0.0,19284.844864
2026-07-16_ttft_component_regression/phase1/input6000_rate3p33_reuse00_seed1,195,7654.1239284247,21.514008841187742,7675.6379372658885,765.6667788935905,5.329070518200751e-15,8441.304716159479,18445.761548,759.869014,0.0,19205.630562
2026-07-16_ttft_component_regression/phase1/input6000_rate3p33_reuse00_seed1,197,7684.385061128685,21.525364852574423,7705.910425981259,765.6667788935905,5.329070518200751e-15,8471.57720487485,19383.949711999998,760.589536,0.0,20144.539248
2026-07-16_ttft_component_regression/phase1/input6000_rate3p33_reuse00_seed1,233,9146.397219024835,21.87889852428062,9168.276117549116,765.6667788935905,5.329070518200751e-15,9933.942896442706,20043.917301,759.816184,0.0,20803.733485
2026-07-16_ttft_component_regression/phase1/input6000_rate3p33_reuse00_seed1,238,13144.144050695066,21.46598179827792,13165.610032493343,765.6667788935905,5.329070518200751e-15,13931.276811386933,20303.210855,761.11615,0.0,21064.327005
2026-07-16_ttft_component_regression/phase1/input6000_rate3p33_reuse00_seed1,219,7233.574762338643,21.498105451303807,7255.072867789947,765.6667788935905,5.329070518200751e-15,8020.739646683537,23887.258634,764.819598,0.0,24652.078232
2026-07-16_ttft_component_regression/phase1/input6000_rate3p33_reuse00_seed1,245,15767.259694231245,23.033213027116823,15790.292907258361,765.6667788935905,5.329070518200751e-15,16555.959686151953,25190.474051,761.880353,0.0,25952.354404
2026-07-16_ttft_component_regression/phase1/input6000_rate3p33_reuse00_seed1,264,15748.608646517863,334.58409300796035,16083.192739525824,765.6667788935905,5.329070518200751e-15,16848.859518419416,23658.992234999998,762.233037,0.0,24421.225272
2026-07-16_ttft_component_regression/phase1/input6000_rate3p33_reuse00_seed1,246,15711.722384604,23.033213027116823,15734.755597631116,765.6667788935905,5.329070518200751e-15,16500.422376524708,26270.992443000003,773.275597,0.0,27044.26804
2026-07-16_ttft_component_regression/phase1/input6000_rate3p33_reuse00_seed1,258,15930.948621465493,23.074065867461787,15954.022687332956,765.6667788935905,5.329070518200751e-15,16719.689466226548,24348.111548999997,770.195497,0.0,25118.307046
2026-07-16_ttft_component_regression/phase1/input6000_rate3p33_reuse00_seed1,270,15678.06908241033,23.074065867461787,15701.143148277792,765.6667788935905,5.329070518200751e-15,16466.809927171384,23315.656069,758.302779,0.0,24073.958848
2026-07-16_ttft_component_regression/phase1/input6000_rate3p33_reuse00_seed1,244,15855.4336442838,23.054214255821574,15878.487858539622,765.6667788935905,5.329070518200751e-15,16644.154637433214,25098.974342999998,761.117345,0.0,25860.091688
2026-07-16_ttft_component_regression/phase1/input6000_rate3p33_reuse00_seed1,241,15681.40849547037,21.493994883527378,15702.902490353898,765.6667788935905,5.329070518200751e-15,16468.569269247488,23779.82174,762.816213,0.0,24542.637953
2026-07-16_ttft_component_regression/phase1/input6000_rate3p33_reuse00_seed1,275,15457.150959288037,21.479188090934283,15478.630147378972,765.6667788935905,5.329070518200751e-15,16244.296926272562,25354.247009,762.516803,0.0,26116.763812
2026-07-16_ttft_component_regression/phase1/input6000_rate3p33_reuse00_seed1,287,15263.252691727037,23.03560264554404,15286.288294372582,765.6667788935905,5.329070518200751e-15,16051.955073266172,27104.248969,773.621902,0.0,27877.870871
2026-07-16_ttft_component_regression/phase1/input6000_rate3p33_reuse00_seed1,295,15468.365281954038,21.491919532076814,15489.857201486115,765.6667788935905,5.329070518200751e-15,16255.523980379705,27628.24969,760.006803,0.0,28388.256493
2026-07-16_ttft_component_regression/phase1/input6000_rate3p33_reuse00_seed1,7,0.0,0.1715761972026882,0.1715761972026882,765.6667788935905,5.329070518200751e-15,765.8383550907932,0.13911,676.342498,0.0,676.481608
2026-07-16_ttft_component_regression/phase1/input6000_rate3p33_reuse00_seed1,31,0.0,11.90471370848054,11.90471370848054,765.6667788935905,5.329070518200751e-15,777.5714926020711,11.8747,706.07198,0.0,717.94668
2026-07-16_ttft_component_regression/phase1/input6000_rate3p33_reuse00_seed1,26,0.017939610272016376,6.960903386707577,6.978842996979593,765.6667788935905,5.329070518200751e-15,772.64562189057,9.832922,695.666028,0.0,705.49895
2026-07-16_ttft_component_regression/phase1/input6000_rate3p33_reuse00_seed1,29,0.0,12.157650145521258,12.157650145521258,765.6667788935905,5.329070518200751e-15,777.8244290391118,4.008867,700.41721,0.0,704.426077
2026-07-16_ttft_component_regression/phase1/input6000_rate3p33_reuse00_seed1,47,0.016044269418302073,12.1452972367678,12.161341506186101,765.6667788935905,5.329070518200751e-15,777.8281203997766,14.038515,710.150702,0.0,724.189217
2026-07-16_ttft_component_regression/phase1/input6000_rate3p33_reuse00_seed1,38,0.01672347866334897,12.182562603285904,12.199286081949253,765.6667788935905,5.329070518200751e-15,777.8660649755398,12.982509,710.393646,0.0,723.376155
2026-07-16_ttft_component_regression/phase1/input6000_rate3p33_reuse00_seed1,62,0.0,17.10795617121409,17.10795617121409,765.6667788935905,5.329070518200751e-15,782.7747350648046,433.627317,970.50966,0.0,1404.136977
2026-07-16_ttft_component_regression/phase1/input6000_rate3p33_reuse00_seed1,79,0.0,17.284074506985316,17.284074506985316,765.6667788935905,5.329070518200751e-15,782.9508534005759,1.191885,730.084866,0.0,731.276751
2026-07-16_ttft_component_regression/phase1/input6000_rate3p33_reuse00_seed1,61,0.04319290613753905,14.55195861630274,14.595151522440279,765.6667788935905,5.329070518200751e-15,780.2619304160307,11.624593,730.424873,0.0,742.049466
2026-07-16_ttft_component_regression/phase1/input6000_rate3p33_reuse00_seed1,101,0.08826489444030186,18.988760811424488,19.077025705864788,765.6667788935905,5.329070518200751e-15,784.7438045994553,94.156278,754.23873,0.0,848.395008
2026-07-16_ttft_component_regression/phase1/input6000_rate3p33_reuse00_seed1,86,0.0,16.66657317348662,16.66657317348662,765.6667788935905,5.329070518200751e-15,782.3333520670772,0.558865,735.428725,0.0,735.98759
2026-07-16_ttft_component_regression/phase1/input6000_rate3p33_reuse00_seed1,108,0.50397454081126,20.768965025078916,21.272939565890177,765.6667788935905,5.329070518200751e-15,786.9397184594807,26.339913,761.50983,0.0,787.849743
2026-07-16_ttft_component_regression/phase1/input6000_rate3p33_reuse00_seed1,104,0.5203291099772631,20.834595592380072,21.354924702357337,765.6667788935905,5.329070518200751e-15,787.0217035959479,14.521771,761.991165,0.0,776.512936
2026-07-16_ttft_component_regression/phase1/input6000_rate3p33_reuse00_seed1,99,0.0,17.963756507061355,17.963756507061355,765.6667788935905,5.329070518200751e-15,783.6305354006519,10.439211,736.136501,0.0,746.575712
2026-07-16_ttft_component_regression/phase1/input6000_rate3p33_reuse00_seed1,149,0.048027194262568684,12.511420817354892,12.55944801161746,765.6667788935905,5.329070518200751e-15,778.2262269052079,3.478653,734.675694,0.0,738.154347
2026-07-16_ttft_component_regression/phase1/input6000_rate3p33_reuse00_seed1,181,0.0,16.69597820620911,16.69597820620911,765.6667788935905,5.329070518200751e-15,782.3627570997996,21.153919,743.233123,0.0,764.387042
2026-07-16_ttft_component_regression/phase1/input6000_rate3p33_reuse00_seed1,161,0.0,14.824525165838212,14.824525165838212,765.6667788935905,5.329070518200751e-15,780.4913040594287,78.315764,994.79055,0.0,1073.106314
2026-07-16_ttft_component_regression/phase1/input6000_rate3p33_reuse00_seed1,157,0.04772674915571433,12.61000658121032,12.657733330366034,765.6667788935905,5.329070518200751e-15,778.3245122239565,10.975691,746.421322,0.0,757.397013
2026-07-16_ttft_component_regression/phase1/input6000_rate3p33_reuse00_seed1,169,0.0,16.108951557736162,16.108951557736162,765.6667788935905,5.329070518200751e-15,781.7757304513267,13.101341,740.558645,0.0,753.659986
2026-07-16_ttft_component_regression/phase1/input6000_rate3p33_reuse00_seed1,175,0.0,16.10836817154069,16.10836817154069,765.6667788935905,5.329070518200751e-15,781.7751470651313,4.322325,742.452744,0.0,746.775069
2026-07-16_ttft_component_regression/phase1/input6000_rate3p33_reuse00_seed1,208,0.0,16.110116823241096,16.110116823241096,765.6667788935905,5.329070518200751e-15,781.7768957168316,17.441811,748.861996,0.0,766.303807
2026-07-16_ttft_component_regression/phase1/input6000_rate3p33_reuse00_seed1,224,0.0,14.781941894002928,14.781941894002928,765.6667788935905,5.329070518200751e-15,780.4487207875934,17.828562,741.228422,0.0,759.056984
2026-07-16_ttft_component_regression/phase1/input6000_rate3p33_reuse00_seed1,243,0.0,11.010629144480745,11.010629144480745,765.6667788935905,5.329070518200751e-15,776.6774080380712,0.796619,714.474295,0.0,715.270914
2026-07-16_ttft_component_regression/phase1/input6000_rate3p33_reuse00_seed1,250,0.0,10.989494455856445,10.989494455856445,765.6667788935905,5.329070518200751e-15,776.6562733494469,15.951953,717.184513,0.0,733.136466
2026-07-16_ttft_component_regression/phase1/input6000_rate3p33_reuse00_seed1,262,0.013872552459590359,11.151305010181082,11.165177562640672,765.6667788935905,5.329070518200751e-15,776.8319564562312,11.018303,726.847571,0.0,737.865874
2026-07-16_ttft_component_regression/phase1/input6000_rate3p33_reuse00_seed1,1,0.0,0.17419362456319054,0.17419362456319054,765.6667788935905,5.329070518200751e-15,765.8409725181536,0.184905,676.342498,0.0,676.527403
2026-07-16_ttft_component_regression/phase1/input6000_rate3p33_reuse00_seed1,19,0.0,110.17958441521908,110.17958441521908,765.6667788935905,5.329070518200751e-15,875.8463633088096,456.288155,970.085905,0.0,1426.37406
2026-07-16_ttft_component_regression/phase1/input6000_rate3p33_reuse00_seed1,18,0.01787505539684774,6.963663490726934,6.981538546123782,765.6667788935905,5.329070518200751e-15,772.6483174397143,10.557183,708.393135,0.0,718.950318
2026-07-16_ttft_component_regression/phase1/input6000_rate3p33_reuse00_seed1,21,0.0,11.93371196460117,11.93371196460117,765.6667788935905,5.329070518200751e-15,777.6004908581916,185.320024,938.730666,0.0,1124.05069
2026-07-16_ttft_component_regression/phase1/input6000_rate3p33_reuse00_seed1,48,0.04320943355234586,14.545292824099352,14.588502257651697,765.6667788935905,5.329070518200751e-15,780.2552811512422,15.890562,717.194674,0.0,733.085236
2026-07-16_ttft_component_regression/phase1/input6000_rate3p33_reuse00_seed1,42,0.04306241226381105,14.598471652688016,14.641534064951827,765.6667788935905,5.329070518200751e-15,780.3083129585423,8.659554,717.76997,0.0,726.429524
2026-07-16_ttft_component_regression/phase1/input6000_rate3p33_reuse00_seed1,33,0.01795988886668073,12.25153120838322,12.269491097249901,765.6667788935905,5.329070518200751e-15,777.9362699908404,1.482419,710.625774,0.0,712.108193
2026-07-16_ttft_component_regression/phase1/input6000_rate3p33_reuse00_seed1,58,0.0,17.13282406789361,17.13282406789361,765.6667788935905,5.329070518200751e-15,782.7996029614841,3.739867,723.97201,0.0,727.711877
2026-07-16_ttft_component_regression/phase1/input6000_rate3p33_reuse00_seed1,66,0.0,17.296836576022546,17.296836576022546,765.6667788935905,5.329070518200751e-15,782.963615469613,13.484297,729.742914,0.0,743.227211
2026-07-16_ttft_component_regression/phase1/input6000_rate3p33_reuse00_seed1,81,0.0,17.939150084165416,17.939150084165416,765.6667788935905,5.329070518200751e-15,783.6059289777559,23.022,736.020149,0.0,759.042149
2026-07-16_ttft_component_regression/phase1/input6000_rate3p33_reuse00_seed1,85,0.09188747174912551,19.01527864457338,19.107166116322507,765.6667788935905,5.329070518200751e-15,784.7739450099131,15.857904,744.400536,0.0,760.25844
2026-07-16_ttft_component_regression/phase1/input6000_rate3p33_reuse00_seed1,109,0.02144600701266529,10.492886228098213,10.514332235110878,765.6667788935905,5.329070518200751e-15,776.1811111287013,2.006743,729.076922,0.0,731.083665
2026-07-16_ttft_component_regression/phase1/input6000_rate3p33_reuse00_seed1,120,0.0,15.864456239865525,15.864456239865525,765.6667788935905,5.329070518200751e-15,781.531235133456,6.615262,738.141797,0.0,744.757059
2026-07-16_ttft_component_regression/phase1/input6000_rate3p33_reuse00_seed1,117,0.04795471003906865,12.54055262615089,12.588507336189958,765.6667788935905,5.329070518200751e-15,778.2552862297805,13.521394,739.281615,0.0,752.803009
2026-07-16_ttft_component_regression/phase1/input6000_rate3p33_reuse00_seed1,177,0.0,16.609273745624296,16.609273745624296,765.6667788935905,5.329070518200751e-15,782.2760526392148,61.159832,994.103322,0.0,1055.263154
2026-07-16_ttft_component_regression/phase1/input6000_rate3p33_reuse00_seed1,155,0.017428503107231562,10.306429632007493,10.323858135114724,765.6667788935905,5.329070518200751e-15,775.9906370287052,11.995948,726.435257,0.0,738.431205
2026-07-16_ttft_component_regression/phase1/input6000_rate3p33_reuse00_seed1,174,0.0,16.081910949675073,16.081910949675073,765.6667788935905,5.329070518200751e-15,781.7486898432655,151.145668,1022.042117,0.0,1173.187785
2026-07-16_ttft_component_regression/phase1/input6000_rate3p33_reuse00_seed1,154,0.0,10.20764684738196,10.20764684738196,765.6667788935905,5.329070518200751e-15,775.8744257409725,2.018067,713.849793,0.0,715.86786
2026-07-16_ttft_component_regression/phase1/input6000_rate3p33_reuse00_seed1,166,0.04819051655781444,12.387948338381495,12.43613885493931,765.6667788935905,5.329070518200751e-15,778.1029177485298,13.570686,735.742732,0.0,749.313418
2026-07-16_ttft_component_regression/phase1/input6000_rate3p33_reuse00_seed1,172,0.0,14.736844800644016,14.736844800644016,765.6667788935905,5.329070518200751e-15,780.4036236942345,5.584325,749.07592,0.0,754.660245
2026-07-16_ttft_component_regression/phase1/input6000_rate3p33_reuse00_seed1,191,0.0,16.090537015650092,16.090537015650092,765.6667788935905,5.329070518200751e-15,781.7573159092406,19.028883,737.155933,0.0,756.184816
2026-07-16_ttft_component_regression/phase1/input6000_rate3p33_reuse00_seed1,211,0.0,16.089928558801343,16.089928558801343,765.6667788935905,5.329070518200751e-15,781.7567074523919,22.616964,743.38559,0.0,766.002554
2026-07-16_ttft_component_regression/phase1/input6000_rate3p33_reuse00_seed1,223,0.0,16.635241421176868,16.635241421176868,765.6667788935905,5.329070518200751e-15,782.3020203147673,16.809261,747.185614,0.0,763.994875
2026-07-16_ttft_component_regression/phase1/input6000_rate3p33_reuse00_seed1,232,0.0,16.393545225117993,16.393545225117993,765.6667788935905,5.329070518200751e-15,782.0603241187085,24.170537,744.89747,0.0,769.068007
2026-07-16_ttft_component_regression/phase1/input6000_rate3p33_reuse00_seed1,236,0.0,16.104268650712964,16.104268650712964,765.6667788935905,5.329070518200751e-15,781.7710475443034,20.774037,742.78342,0.0,763.557457
2026-07-16_ttft_component_regression/phase1/input6000_rate3p33_reuse00_seed1,263,0.0,15.869765739586173,15.869765739586173,765.6667788935905,5.329070518200751e-15,781.5365446331767,7.065096,744.950916,0.0,752.016012
2026-07-16_ttft_component_regression/phase1/input6000_rate3p33_reuse00_seed1,268,0.0,15.834650133008827,15.834650133008827,765.6667788935905,5.329070518200751e-15,781.5014290265993,13.791106,738.699315,0.0,752.490421
2026-07-16_ttft_component_regression/phase1/input6000_rate3p33_reuse00_seed1,251,0.0,15.911045777062943,15.911045777062943,765.6667788935905,5.329070518200751e-15,781.5778246706534,2.423438,741.893634,0.0,744.317072
2026-07-16_ttft_component_regression/phase1/input6000_rate3p33_reuse00_seed1,283,0.0432149884374444,13.435226473719775,13.47844146215722,765.6667788935905,5.329070518200751e-15,779.1452203557477,1.772227,735.007109,0.0,736.779336
2026-07-16_ttft_component_regression/phase1/input6000_rate3p33_reuse00_seed1,289,0.0,15.880284374145921,15.880284374145921,765.6667788935905,5.329070518200751e-15,781.5470632677365,9.734324,736.094721,0.0,745.829045
2026-07-16_ttft_component_regression/phase1/input6000_rate3p33_reuse00_seed1,4,0.0,0.17942497649047714,0.17942497649047714,765.6667788935905,5.329070518200751e-15,765.846203870081,0.158929,676.342498,0.0,676.501427
2026-07-16_ttft_component_regression/phase1/input6000_rate3p33_reuse00_seed1,11,0.017679377652332715,6.971808608548466,6.989487986200799,765.6667788935905,5.329070518200751e-15,772.6562668797912,0.47118,694.323116,0.0,694.794296
2026-07-16_ttft_component_regression/phase1/input6000_rate3p33_reuse00_seed1,23,0.0,11.915567360757313,11.915567360757313,765.6667788935905,5.329070518200751e-15,777.5823462543478,7.743663,706.083532,0.0,713.827195
2026-07-16_ttft_component_regression/phase1/input6000_rate3p33_reuse00_seed1,16,0.0,12.15412278039306,12.15412278039306,765.6667788935905,5.329070518200751e-15,777.8209016739836,11.071715,700.00313,0.0,711.074845
2026-07-16_ttft_component_regression/phase1/input6000_rate3p33_reuse00_seed1,27,0.01570348418516041,12.126759917662017,12.142463401847177,765.6667788935905,5.329070518200751e-15,777.8092422954377,14.131229,710.441006,0.0,724.572235
2026-07-16_ttft_component_regression/phase1/input6000_rate3p33_reuse00_seed1,80,0.0,11.298547187738174,11.298547187738174,765.6667788935905,5.329070518200751e-15,776.9653260813287,0.311492,699.473818,0.0,699.78531
2026-07-16_ttft_component_regression/phase1/input6000_rate3p33_reuse00_seed1,90,0.015700667388818992,11.24255367184563,11.25825433923445,765.6667788935905,5.329070518200751e-15,776.925033232825,210.354804,952.769172,0.0,1163.123976
2026-07-16_ttft_component_regression/phase1/input6000_rate3p33_reuse00_seed1,100,0.0,15.840145908834105,15.840145908834105,765.6667788935905,5.329070518200751e-15,781.5069248024246,2.465646,730.795314,0.0,733.26096
2026-07-16_ttft_component_regression/phase1/input6000_rate3p33_reuse00_seed1,74,0.0,0.10433523397643042,0.10433523397643042,765.6667788935905,5.329070518200751e-15,765.771114127567,0.000354,676.342498,0.0,676.342852
2026-07-16_ttft_component_regression/phase1/input6000_rate3p33_reuse00_seed1,77,0.01743056722225988,6.436298171361507,6.4537287385837665,765.6667788935905,5.329070518200751e-15,772.1205076321743,5.561507,693.93438,0.0,699.495887
2026-07-16_ttft_component_regression/phase1/input6000_rate3p33_reuse00_seed1,105,0.0,16.635241421176868,16.635241421176868,765.6667788935905,5.329070518200751e-15,782.3020203147673,13.359231,745.824568,0.0,759.183799
2026-07-16_ttft_component_regression/phase1/input6000_rate3p33_reuse00_seed1,95,0.0432149884374444,13.435226473719775,13.47844146215722,765.6667788935905,5.329070518200751e-15,779.1452203557477,13.191575,716.584562,0.0,729.776137
2026-07-16_ttft_component_regression/phase1/input6000_rate3p33_reuse00_seed1,89,0.0,10.252871776636404,10.252871776636404,765.6667788935905,5.329070518200751e-15,775.9196506702269,10.750698,718.684879,0.0,729.435577
2026-07-16_ttft_component_regression/phase1/input6000_rate3p33_reuse00_seed1,122,0.4706870252737298,20.630632063347477,21.101319088621207,765.6667788935905,5.329070518200751e-15,786.7680979822117,7.169865,760.835895,0.0,768.00576
2026-07-16_ttft_component_regression/phase1/input6000_rate3p33_reuse00_seed1,103,0.0,17.28212527544037,17.28212527544037,765.6667788935905,5.329070518200751e-15,782.9489041690309,221.485179,745.723488,0.0,967.208667
2026-07-16_ttft_component_regression/phase1/input6000_rate3p33_reuse00_seed1,126,11907.588587390523,21.487728822023595,11929.076316212546,765.6667788935905,5.329070518200751e-15,12694.743095106136,4092.8162429999998,761.465324,0.0,4854.281567
2026-07-16_ttft_component_regression/phase1/input6000_rate3p33_reuse00_seed1,113,0.07222364208373579,17.538923502217596,17.61114714430133,765.6667788935905,5.329070518200751e-15,783.2779260378918,20.616539,755.59952,0.0,776.216059
2026-07-16_ttft_component_regression/phase1/input6000_rate3p33_reuse00_seed1,148,5853.170693031429,21.48983083637216,5874.660523867801,765.6667788935905,5.329070518200751e-15,6640.327302761391,4902.071741,764.062453,0.0,5666.134194
2026-07-16_ttft_component_regression/phase1/input6000_rate3p33_reuse00_seed1,173,1464.6362914448798,21.51974850172788,1486.1560399466077,765.6667788935905,5.329070518200751e-15,2251.822818840198,1052.456598,761.172324,0.0,1813.628922
2026-07-16_ttft_component_regression/phase1/input6000_rate3p33_reuse00_seed1,139,5834.499123124156,21.51974850172788,5856.018871625884,765.6667788935905,5.329070518200751e-15,6621.685650519474,4607.195339,766.366642,0.0,5373.561981
2026-07-16_ttft_component_regression/phase1/input6000_rate3p33_reuse00_seed1,176,1818.6801688233825,21.539733741757036,1840.2199025651396,765.6667788935905,5.329070518200751e-15,2605.88668145873,1320.51743,761.89369,0.0,2082.41112
2026-07-16_ttft_component_regression/phase1/input6000_rate3p33_reuse00_seed1,210,0.04813312275314473,12.452840456215242,12.500973578968386,765.6667788935905,5.329070518200751e-15,778.1677524725588,13.401461,738.149978,0.0,751.551439
2026-07-16_ttft_component_regression/phase1/input6000_rate3p33_reuse00_seed1,214,0.02180226027185312,14.960573273698547,14.9823755339704,765.6667788935905,5.329070518200751e-15,780.6491544275609,21.974952,730.855191,0.0,752.830143
2026-07-16_ttft_component_regression/phase1/input6000_rate3p33_reuse00_seed1,212,0.04819439626354672,12.376102064558092,12.424296460821639,765.6667788935905,5.329070518200751e-15,778.0910753544122,8.848182,731.579788,0.0,740.42797
2026-07-16_ttft_component_regression/phase1/input6000_rate3p33_reuse00_seed1,218,0.0,16.071725307840246,16.071725307840246,765.6667788935905,5.329070518200751e-15,781.7385042014307,130.956278,738.03837,0.0,868.994648
2026-07-16_ttft_component_regression/phase1/input6000_rate3p33_reuse00_seed1,231,0.43878985489634037,19.062645915361504,19.501435770257846,765.6667788935905,5.329070518200751e-15,785.1682146638484,474.049118,985.635255,0.0,1459.684373
2026-07-16_ttft_component_regression/phase1/input6000_rate3p33_reuse00_seed1,230,0.05365714559044609,17.406271970448422,17.459929116038868,765.6667788935905,5.329070518200751e-15,783.1267080096294,12.025016,775.354658,0.0,787.379674
2026-07-16_ttft_component_regression/phase1/input6000_rate3p33_reuse00_seed1,227,0.0,16.604262230966917,16.604262230966917,765.6667788935905,5.329070518200751e-15,782.2710411245574,23.06641,744.246053,0.0,767.312463
2026-07-16_ttft_component_regression/phase1/input6000_rate3p33_reuse00_seed1,247,0.04686537513299922,18.675349286733237,18.722214661866236,765.6667788935905,5.329070518200751e-15,784.3889935554568,4.872338,763.599313,0.0,768.471651
2026-07-16_ttft_component_regression/phase1/input6000_rate3p33_reuse00_seed1,35,0.018194437112068952,6.949636785104939,6.967831222217008,765.6667788935905,5.329070518200751e-15,772.6346101158075,13.648895,693.948268,0.0,707.597163
2026-07-16_ttft_component_regression/phase1/input6000_rate3p33_reuse00_seed1,40,0.0,12.224872308414724,12.224872308414724,765.6667788935905,5.329070518200751e-15,777.8916512020053,7.29089,699.696954,0.0,706.987844
2026-07-16_ttft_component_regression/phase1/input6000_rate3p33_reuse00_seed1,46,0.0,11.874424381203543,11.874424381203543,765.6667788935905,5.329070518200751e-15,777.541203274794,7.954116,705.677452,0.0,713.631568
2026-07-16_ttft_component_regression/phase1/input6000_rate3p33_reuse00_seed1,30,0.0,0.18726286671349643,0.18726286671349643,765.6667788935905,5.329070518200751e-15,765.854041760304,0.021093,676.342498,0.0,676.363591
2026-07-16_ttft_component_regression/phase1/input6000_rate3p33_reuse00_seed1,64,0.04345749850769835,14.370290062649547,14.413747561157246,765.6667788935905,5.329070518200751e-15,780.0805264547478,410.91791,991.367235,0.0,1402.285145
2026-07-16_ttft_component_regression/phase1/input6000_rate3p33_reuse00_seed1,63,0.014562263729997965,12.065435634399835,12.079997898129832,765.6667788935905,5.329070518200751e-15,777.7467767917203,11.684401,723.674968,0.0,735.359369
2026-07-16_ttft_component_regression/phase1/input6000_rate3p33_reuse00_seed1,82,0.0,17.27421623338061,17.27421623338061,765.6667788935905,5.329070518200751e-15,782.9409951269711,17.553934,729.678946,0.0,747.23288
2026-07-16_ttft_component_regression/phase1/input6000_rate3p33_reuse00_seed1,67,0.0,232.86295205473513,232.86295205473513,765.6667788935905,5.329070518200751e-15,998.5297309483257,961.527046,960.89569,0.0,1922.422736
2026-07-16_ttft_component_regression/phase1/input6000_rate3p33_reuse00_seed1,94,0.0,17.281473186779255,17.281473186779255,765.6667788935905,5.329070518200751e-15,782.9482520803698,9.400152,730.33741,0.0,739.737562
2026-07-16_ttft_component_regression/phase1/input6000_rate3p33_reuse00_seed1,110,0.048106768211066776,12.470457472986213,12.51856424119728,765.6667788935905,5.329070518200751e-15,778.1853431347878,0.801893,718.101394,0.0,718.903287
2026-07-16_ttft_component_regression/phase1/input6000_rate3p33_reuse00_seed1,115,0.0,14.744538916916955,14.744538916916955,765.6667788935905,5.329070518200751e-15,780.4113178105075,15.852517,724.186954,0.0,740.039471
2026-07-16_ttft_component_regression/phase1/input6000_rate3p33_reuse00_seed1,129,0.0,17.282776178356396,17.282776178356396,765.6667788935905,5.329070518200751e-15,782.9495550719469,69.966,750.646269,0.0,820.612269
2026-07-16_ttft_component_regression/phase1/input6000_rate3p33_reuse00_seed1,132,0.0,16.65714238266723,16.65714238266723,765.6667788935905,5.329070518200751e-15,782.3239212762577,165.026476,1004.872333,0.0,1169.898809
2026-07-16_ttft_component_regression/phase1/input6000_rate3p33_reuse00_seed1,127,0.0,14.777056702376239,14.777056702376239,765.6667788935905,5.329070518200751e-15,780.4438355959668,8.154463,734.359358,0.0,742.513821
2026-07-16_ttft_component_regression/phase1/input6000_rate3p33_reuse00_seed1,143,0.08051278524293891,17.5969604785649,17.677473263807837,765.6667788935905,5.329070518200751e-15,783.3442521573984,24.105584,749.497141,0.0,773.602725
2026-07-16_ttft_component_regression/phase1/input6000_rate3p33_reuse00_seed1,179,0.0,16.09596633519808,16.09596633519808,765.6667788935905,5.329070518200751e-15,781.7627452287886,22.494753,750.311036,0.0,772.805789
2026-07-16_ttft_component_regression/phase1/input6000_rate3p33_reuse00_seed1,187,0.0127369644495793,15.06968512135987,15.08242208580945,765.6667788935905,5.329070518200751e-15,780.7492009793999,8.480426,740.676576,0.0,749.157002
2026-07-16_ttft_component_regression/phase1/input6000_rate3p33_reuse00_seed1,203,0.047748686328265,12.60424470245996,12.651993388788226,765.6667788935905,5.329070518200751e-15,778.3187722823787,6.463969,739.870953,0.0,746.334922
2026-07-16_ttft_component_regression/phase1/input6000_rate3p33_reuse00_seed1,216,0.0,14.789211520924288,14.789211520924288,765.6667788935905,5.329070518200751e-15,780.4559904145148,444.335778,996.934034,0.0,1441.269812
2026-07-16_ttft_component_regression/phase1/input6000_rate3p33_reuse00_seed1,215,0.06929370534460513,12.827856438870542,12.897150144215148,765.6667788935905,5.329070518200751e-15,778.5639290378057,20.732134,747.803454,0.0,768.535588
2026-07-16_ttft_component_regression/phase1/input6000_rate3p33_reuse00_seed1,226,0.0,14.791619275230701,14.791619275230701,765.6667788935905,5.329070518200751e-15,780.4583981688212,4.808201,735.782674,0.0,740.590875
2026-07-16_ttft_component_regression/phase1/input6000_rate3p33_reuse00_seed1,252,0.04327514957417444,13.397599461228245,13.44087461080242,765.6667788935905,5.329070518200751e-15,779.1076535043929,7.07634,728.472606,0.0,735.548946
2026-07-16_ttft_component_regression/phase1/input6000_rate3p33_reuse00_seed1,254,0.0,15.834650133008827,15.834650133008827,765.6667788935905,5.329070518200751e-15,781.5014290265993,88.410501,745.730478,0.0,834.140979
2026-07-16_ttft_component_regression/phase1/input6000_rate3p33_reuse00_seed1,261,0.043340510799430056,13.321894199924106,13.365234710723536,765.6667788935905,5.329070518200751e-15,779.032013604314,9.579442,736.058756,0.0,745.638198
2026-07-16_ttft_component_regression/phase1/input6000_rate3p33_reuse00_seed1,277,0.0,15.82912011733353,15.82912011733353,765.6667788935905,5.329070518200751e-15,781.4958990109241,4.431528,733.691302,0.0,738.12283
2026-07-16_ttft_component_regression/phase1/input6000_rate3p33_reuse00_seed1,286,0.0,17.854170409494184,17.854170409494184,765.6667788935905,5.329070518200751e-15,783.5209493030846,6.804461,757.759111,0.0,764.563572
2026-07-16_ttft_component_regression/phase1/input6000_rate3p33_reuse00_seed1,292,0.059507248857100244,17.448474302573505,17.507981551430607,765.6667788935905,5.329070518200751e-15,783.1747604450211,13.566937,760.412414,0.0,773.979351
2026-07-16_ttft_component_regression/phase1/input6000_rate3p33_reuse00_seed1,266,0.0,15.831889412243026,15.831889412243026,765.6667788935905,5.329070518200751e-15,781.4986683058336,12.132244,736.405937,0.0,748.538181
2026-07-16_ttft_component_regression/phase1/input6000_rate3p33_reuse00_seed1,280,0.0,17.276211390823185,17.276211390823185,765.6667788935905,5.329070518200751e-15,782.9429902844137,215.932895,740.100426,0.0,956.033321
2026-07-16_ttft_component_regression/phase1/input6000_rate3p33_reuse00_seed1,298,0.05722843482951305,18.75565224951834,18.812880684347853,765.6667788935905,5.329070518200751e-15,784.4796595779384,11.04537,757.310867,0.0,768.356237
2026-07-16_ttft_component_regression/phase1/input6000_rate3p33_reuse00_seed1,2,0.0,0.14797139029773884,0.14797139029773884,765.6667788935905,5.329070518200751e-15,765.8147502838882,0.201515,676.342498,0.0,676.544013
2026-07-16_ttft_component_regression/phase1/input6000_rate3p33_reuse00_seed1,10,0.01910035783094448,6.9041346869702584,6.923235044801203,765.6667788935905,5.329070518200751e-15,772.5900139383917,8.146827,694.182924,0.0,702.329751
2026-07-16_ttft_component_regression/phase1/input6000_rate3p33_reuse00_seed1,13,0.0,12.274404508743977,12.274404508743977,765.6667788935905,5.329070518200751e-15,777.9411834023344,14.647212,699.909658,0.0,714.55687
2026-07-16_ttft_component_regression/phase1/input6000_rate3p33_reuse00_seed1,71,0.018570688005160686,6.388648672810477,6.407219360815638,765.6667788935905,5.329070518200751e-15,772.0739982544061,12.822495,694.076268,0.0,706.898763
2026-07-16_ttft_component_regression/phase1/input6000_rate3p33_reuse00_seed1,69,0.0,0.09214641275751848,0.09214641275751848,765.6667788935905,5.329070518200751e-15,765.758925306348,0.02689,676.342498,0.0,676.369388
2026-07-16_ttft_component_regression/phase1/input6000_rate3p33_reuse00_seed1,98,0.0,11.311750559343336,11.311750559343336,765.6667788935905,5.329070518200751e-15,776.9785294529338,0.975081,700.817274,0.0,701.792355
2026-07-16_ttft_component_regression/phase1/input6000_rate3p33_reuse00_seed1,118,0.01838842690235343,6.397067265629831,6.415455692532184,765.6667788935905,5.329070518200751e-15,772.0822345861227,11.024509,694.884652,0.0,705.909161
2026-07-16_ttft_component_regression/phase1/input6000_rate3p33_reuse00_seed1,124,0.0,10.530494886095145,10.530494886095145,765.6667788935905,5.329070518200751e-15,776.1972737796857,18.82378,700.369978,0.0,719.193758
2026-07-16_ttft_component_regression/phase1/input6000_rate3p33_reuse00_seed1,135,0.01904653779122864,10.380077643271655,10.399124181062882,765.6667788935905,5.329070518200751e-15,776.0659030746534,361.666546,953.86098,0.0,1315.527526
2026-07-16_ttft_component_regression/phase1/input6000_rate3p33_reuse00_seed1,134,0.0,10.23264284011698,10.23264284011698,765.6667788935905,5.329070518200751e-15,775.8994217337075,11.357638,719.629679,0.0,730.987317
2026-07-16_ttft_component_regression/phase1/input6000_rate3p33_reuse00_seed1,147,0.04814088174192951,12.446960193660354,12.495101075402284,765.6667788935905,5.329070518200751e-15,778.1618799689928,17.091402,717.134642,0.0,734.226044
2026-07-16_ttft_component_regression/phase1/input6000_rate3p33_reuse00_seed1,199,0.048176733934737086,12.411597787869127,12.459774521803864,765.6667788935905,5.329070518200751e-15,778.1265534153944,173.194381,731.237886,0.0,904.432267
2026-07-16_ttft_component_regression/phase1/input6000_rate3p33_reuse00_seed1,198,0.019735780478217474,10.41202731494649,10.431763095424708,765.6667788935905,5.329070518200751e-15,776.0985419890152,4.370259,731.288852,0.0,735.659111
2026-07-16_ttft_component_regression/phase1/input6000_rate3p33_reuse00_seed1,206,0.04819051655781444,12.387948338381495,12.43613885493931,765.6667788935905,5.329070518200751e-15,778.1029177485298,12.856052,727.551141,0.0,740.407193
2026-07-16_ttft_component_regression/phase1/input6000_rate3p33_reuse00_seed1,189,0.02019371417116559,10.433453318991022,10.453647033162188,765.6667788935905,5.329070518200751e-15,776.1204259267527,11.407008,725.789206,0.0,737.196214
2026-07-16_ttft_component_regression/phase1/input6000_rate3p33_reuse00_seed1,221,0.01661500403096535,10.270089037854765,10.28670404188573,765.6667788935905,5.329070518200751e-15,775.9534829354762,19.37545,725.742468,0.0,745.117918
2026-07-16_ttft_component_regression/phase1/input6000_rate3p33_reuse00_seed1,229,0.0012545230747507637,14.689155340938319,14.69040986401307,765.6667788935905,5.329070518200751e-15,780.3571887576036,10.032694,733.420381,0.0,743.453075
2026-07-16_ttft_component_regression/phase1/input6000_rate3p33_reuse00_seed1,222,0.048194085457243505,12.34048024589764,12.388674331354883,765.6667788935905,5.329070518200751e-15,778.0554532249454,18.792498,724.60501,0.0,743.397508
2026-07-16_ttft_component_regression/phase1/input6000_rate3p33_reuse00_seed1,256,0.0,17.84861518997764,17.84861518997764,765.6667788935905,5.329070518200751e-15,783.5153940835681,605.198672,1026.618993,0.0,1631.817665
2026-07-16_ttft_component_regression/phase1/input6000_rate3p33_reuse00_seed1,257,0.05330131356877814,18.725371981572728,18.778673295141505,765.6667788935905,5.329070518200751e-15,784.445452188732,689.867768,1005.503708,0.0,1695.371476
2026-07-16_ttft_component_regression/phase1/input6000_rate3p33_reuse00_seed1,242,0.0,17.266786787960537,17.266786787960537,765.6667788935905,5.329070518200751e-15,782.933565681551,20.568876,739.647083,0.0,760.215959
2026-07-16_ttft_component_regression/phase1/input6000_rate3p33_reuse00_seed1,255,0.0,17.277534634150452,17.277534634150452,765.6667788935905,5.329070518200751e-15,782.944313527741,207.871484,1018.082935,0.0,1225.954419
2026-07-16_ttft_component_regression/phase1/input6000_rate3p33_reuse00_seed1,253,0.0,15.845607558510215,15.845607558510215,765.6667788935905,5.329070518200751e-15,781.5123864521007,12.821794,749.846989,0.0,762.668783
2026-07-16_ttft_component_regression/phase1/input6000_rate3p33_reuse00_seed1,276,0.0,17.84861518997764,17.84861518997764,765.6667788935905,5.329070518200751e-15,783.5153940835681,23.614985,757.840999,0.0,781.455984
2026-07-16_ttft_component_regression/phase1/input6000_rate3p33_reuse00_seed1,293,0.0,16.61434516606279,16.61434516606279,765.6667788935905,5.329070518200751e-15,782.2811240596533,0.287535,741.936801,0.0,742.224336
2026-07-16_ttft_component_regression/phase1/input6000_rate3p33_reuse00_seed1,299,0.0,17.857910480792622,17.857910480792622,765.6667788935905,5.329070518200751e-15,783.5246893743831,11.655148,747.645132,0.0,759.30028
2026-07-16_ttft_component_regression/phase1/input6000_rate3p33_reuse00_seed1,24,0.0,0.14797139029773884,0.14797139029773884,765.6667788935905,5.329070518200751e-15,765.8147502838882,0.013245,676.342498,0.0,676.355743
2026-07-16_ttft_component_regression/phase1/input6000_rate3p33_reuse00_seed1,54,0.0,0.18465148879841933,0.18465148879841933,765.6667788935905,5.329070518200751e-15,765.8514303823889,0.009401,676.342498,0.0,676.351899
2026-07-16_ttft_component_regression/phase1/input6000_rate3p33_reuse00_seed1,72,0.018265164839062,6.40257303785902,6.420838202698082,765.6667788935905,5.329070518200751e-15,772.0876170962886,7.675104,694.664524,0.0,702.339628
2026-07-16_ttft_component_regression/phase1/input6000_rate3p33_reuse00_seed1,96,0.0,12.182381944682101,12.182381944682101,765.6667788935905,5.329070518200751e-15,777.8491608382726,15.168251,701.053626,0.0,716.221877
2026-07-16_ttft_component_regression/phase1/input6000_rate3p33_reuse00_seed1,102,0.0,11.044070946321453,11.044070946321453,765.6667788935905,5.329070518200751e-15,776.7108498399119,2.286077,706.671148,0.0,708.957225
2026-07-16_ttft_component_regression/phase1/input6000_rate3p33_reuse00_seed1,116,0.0,11.2853541323554,11.2853541323554,765.6667788935905,5.329070518200751e-15,776.952133025946,13.72958,700.200122,0.0,713.929702
2026-07-16_ttft_component_regression/phase1/input6000_rate3p33_reuse00_seed1,128,0.0,11.023905979259217,11.023905979259217,765.6667788935905,5.329070518200751e-15,776.6906848728497,10.746681,719.864655,0.0,730.611336
2026-07-16_ttft_component_regression/phase1/input6000_rate3p33_reuse00_seed1,153,0.0,253.94480673808994,253.94480673808994,765.6667788935905,5.329070518200751e-15,1019.6115856316804,821.612051,983.872905,0.0,1805.484956
2026-07-16_ttft_component_regression/phase1/input6000_rate3p33_reuse00_seed1,138,0.048064410700630306,12.493890094790762,12.541954505491393,765.6667788935905,5.329070518200751e-15,778.2087333990819,3.962464,717.296498,0.0,721.258962
2026-07-16_ttft_component_regression/phase1/input6000_rate3p33_reuse00_seed1,150,0.016663744281856983,15.024669295770645,15.041333040052502,765.6667788935905,5.329070518200751e-15,780.708111933643,1.633644,735.784158,0.0,737.417802
2026-07-16_ttft_component_regression/phase1/input6000_rate3p33_reuse00_seed1,151,0.0,16.383715679898756,16.383715679898756,765.6667788935905,5.329070518200751e-15,782.0504945734892,206.843315,1005.311502,0.0,1212.154817
2026-07-16_ttft_component_regression/phase1/input6000_rate3p33_reuse00_seed1,130,0.020878110871405762,10.465779097342415,10.48665720821382,765.6667788935905,5.329070518200751e-15,776.1534361018043,277.340986,954.12786,0.0,1231.468846
2026-07-16_ttft_component_regression/phase1/input6000_rate3p33_reuse00_seed1,184,0.12860082625384536,19.34310308933575,19.471703915589593,765.6667788935905,5.329070518200751e-15,785.1384828091801,7.314134,750.623593,0.0,757.937727
2026-07-16_ttft_component_regression/phase1/input6000_rate3p33_reuse00_seed1,201,1.227339906677152,21.903494801714615,23.130834708391767,765.6667788935905,0.622677772606183,789.4202913745884,270.324928,1030.034698,0.619393,1300.979019
2026-07-16_ttft_component_regression/phase1/input6000_rate3p33_reuse00_seed1,200,0.0839402891084798,17.78684545702746,17.87078574613594,765.6667788935905,5.329070518200751e-15,783.5375646397265,15.554652,773.043963,0.0,788.598615
2026-07-16_ttft_component_regression/phase1/input6000_rate3p33_reuse00_seed1,188,1.3348946657661787,23.82598681044969,25.16088147621587,765.6667788935905,0.622677772606183,791.4503381424125,31.969276,753.917046,0.619393,786.505715
2026-07-16_ttft_component_regression/phase1/input6000_rate3p33_reuse00_seed1,190,0.12930259632749874,19.348311017087116,19.477613613414615,765.6667788935905,5.329070518200751e-15,785.1443925070051,24.998751,766.284206,0.0,791.282957
2026-07-16_ttft_component_regression/phase1/input6000_rate3p33_reuse00_seed1,204,6205.206683995097,23.837956034436868,6229.044640029533,765.6667788935905,0.622677772606183,6995.334096695729,4486.233302,760.993529,0.619393,5247.846224
2026-07-16_ttft_component_regression/phase1/input6000_rate3p33_reuse00_seed1,228,0.08121260240786152,17.60182770170831,17.683040304116172,765.6667788935905,5.329070518200751e-15,783.3498191977067,7.859116,755.395636,0.0,763.254752
2026-07-16_ttft_component_regression/phase1/input6000_rate3p33_reuse00_seed1,259,0.01828966056577746,11.376681739377116,11.394971399942893,765.6667788935905,5.329070518200751e-15,777.0617502935334,10.475413,716.478642,0.0,726.954055
2026-07-16_ttft_component_regression/phase1/input6000_rate3p33_reuse00_seed1,269,0.04287003472508342,10.71388178096139,10.756751815686474,765.6667788935905,5.329070518200751e-15,776.423530709277,86.114101,729.501814,0.0,815.615915
2026-07-16_ttft_component_regression/phase1/input6000_rate3p33_reuse00_seed1,281,0.0,14.777056702376239,14.777056702376239,765.6667788935905,5.329070518200751e-15,780.4438355959668,119.594854,730.377122,0.0,849.971976
2026-07-16_ttft_component_regression/phase1/input6000_rate3p33_reuse00_seed1,278,0.06942748092325009,12.786623194743017,12.856050675666268,765.6667788935905,5.329070518200751e-15,778.5228295692568,1.411612,732.78087,0.0,734.192482
2026-07-16_ttft_component_regression/phase1/input6000_rate3p33_reuse00_seed1,285,1.2729534188013731,21.943372072545326,23.216325491346698,765.6667788935905,0.622677772606183,789.5057821575433,27.395466000000003,739.15149,0.619393,767.166349
2026-07-16_ttft_component_regression/phase1/input6000_rate3p33_reuse00_seed1,267,0.0,10.469732427128859,10.469732427128859,765.6667788935905,5.329070518200751e-15,776.1365113207194,5.055994,722.880328,0.0,727.936322
2026-07-16_ttft_component_regression/phase1/input6000_rate3p33_reuse00_seed1,297,0.0,16.65342087136256,16.65342087136256,765.6667788935905,5.329070518200751e-15,782.320199764953,6.283235,747.540136,0.0,753.823371
2026-07-16_ttft_component_regression/phase1/input6000_rate3p33_reuse00_seed1,3,0.0,0.15322388756973096,0.15322388756973096,765.6667788935905,5.329070518200751e-15,765.8200027811603,0.327114,689.692786,0.0,690.0199
2026-07-16_ttft_component_regression/phase1/input6000_rate3p33_reuse00_seed1,6,0.01910035783094448,6.9041346869702584,6.923235044801203,765.6667788935905,5.329070518200751e-15,772.5900139383917,32.862248,927.033461,0.0,959.895709
2026-07-16_ttft_component_regression/phase1/input6000_rate3p33_reuse00_seed1,12,0.0,12.263806079263023,12.263806079263023,765.6667788935905,5.329070518200751e-15,777.9305849728536,9.168882,699.77529,0.0,708.944172
2026-07-16_ttft_component_regression/phase1/input6000_rate3p33_reuse00_seed1,17,0.0,11.850966686064591,11.850966686064591,765.6667788935905,5.329070518200751e-15,777.5177455796551,0.958041,705.955564,0.0,706.913605
2026-07-16_ttft_component_regression/phase1/input6000_rate3p33_reuse00_seed1,22,0.013298485412331485,11.998825197102354,12.012123682514686,765.6667788935905,5.329070518200751e-15,777.6789025761052,16.643434,710.228142,0.0,726.871576
2026-07-16_ttft_component_regression/phase1/input6000_rate3p33_reuse00_seed1,41,0.0,11.894237147207582,11.894237147207582,765.6667788935905,5.329070518200751e-15,777.5610160407981,6.048069,706.835724,0.0,712.883793
2026-07-16_ttft_component_regression/phase1/input6000_rate3p33_reuse00_seed1,60,0.0,12.185919692450925,12.185919692450925,765.6667788935905,5.329070518200751e-15,777.8526985860415,9.351936,700.779962,0.0,710.131898
2026-07-16_ttft_component_regression/phase1/input6000_rate3p33_reuse00_seed1,76,0.0,11.014351628552475,11.014351628552475,765.6667788935905,5.329070518200751e-15,776.681130522143,17.66706,706.932204,0.0,724.599264
2026-07-16_ttft_component_regression/phase1/input6000_rate3p33_reuse00_seed1,87,0.0,17.085245182324208,17.085245182324208,765.6667788935905,5.329070518200751e-15,782.7520240759147,220.357404,970.578556,0.0,1190.93596
2026-07-16_ttft_component_regression/phase1/input6000_rate3p33_reuse00_seed1,93,0.0,17.044103393040036,17.044103393040036,765.6667788935905,5.329070518200751e-15,782.7108822866305,17.186317,731.341006,0.0,748.527323
2026-07-16_ttft_component_regression/phase1/input6000_rate3p33_reuse00_seed1,97,0.0,18.596760433703576,18.596760433703576,765.6667788935905,5.329070518200751e-15,784.2635393272941,10.678376,749.000651,0.0,759.679027
2026-07-16_ttft_component_regression/phase1/input6000_rate3p33_reuse00_seed1,84,0.043255865438795546,14.525264712686981,14.568520578125776,765.6667788935905,5.329070518200751e-15,780.2352994717163,156.241286,730.477193,0.0,886.718479
2026-07-16_ttft_component_regression/phase1/input6000_rate3p33_reuse00_seed1,83,0.01570348418516041,12.126759917662017,12.142463401847177,765.6667788935905,5.329070518200751e-15,777.8092422954377,6.830604,711.033742,0.0,717.864346
2026-07-16_ttft_component_regression/phase1/input6000_rate3p33_reuse00_seed1,125,0.0,17.25632977387672,17.25632977387672,765.6667788935905,5.329070518200751e-15,782.9231086674672,204.547174,741.040897,0.0,945.588071
2026-07-16_ttft_component_regression/phase1/input6000_rate3p33_reuse00_seed1,123,0.0,15.77779062386246,15.77779062386246,765.6667788935905,5.329070518200751e-15,781.4445695174529,16.115245,743.194939,0.0,759.310184
2026-07-16_ttft_component_regression/phase1/input6000_rate3p33_reuse00_seed1,142,0.0018751870628876137,14.68094968292431,14.682824869987197,765.6667788935905,5.329070518200751e-15,780.3496037635776,2.151394,741.186268,0.0,743.337662
2026-07-16_ttft_component_regression/phase1/input6000_rate3p33_reuse00_seed1,152,0.022013629350712167,14.957799132303256,14.979812761653967,765.6667788935905,5.329070518200751e-15,780.6465916552445,8.25569,733.960396,0.0,742.216086
2026-07-16_ttft_component_regression/phase1/input6000_rate3p33_reuse00_seed1,162,0.0,15.77779062386246,15.77779062386246,765.6667788935905,5.329070518200751e-15,781.4445695174529,20.439333,733.285125,0.0,753.724458
2026-07-16_ttft_component_regression/phase1/input6000_rate3p33_reuse00_seed1,167,0.0,16.067140805223264,16.067140805223264,765.6667788935905,5.329070518200751e-15,781.7339196988138,6.81491,740.77559,0.0,747.5905
2026-07-16_ttft_component_regression/phase1/input6000_rate3p33_reuse00_seed1,213,1.270964359934955,23.75806238053966,25.029026740474613,765.6667788935905,0.622677772606183,791.3184834066712,16.214987999999998,723.14124,0.619393,739.975621
2026-07-16_ttft_component_regression/phase1/input6000_rate3p33_reuse00_seed1,207,1.3006254109576965,23.79141287822247,25.092038289180167,765.6667788935905,0.622677772606183,791.3814949553769,21.324572,722.312265,0.619393,744.25623
2026-07-16_ttft_component_regression/phase1/input6000_rate3p33_reuse00_seed1,209,0.039079617658014515,11.37988573416449,11.418965351822505,765.6667788935905,5.329070518200751e-15,777.085744245413,2.815553,725.126973,0.0,727.942526
2026-07-16_ttft_component_regression/phase1/input6000_rate3p33_reuse00_seed1,220,0.04101341259130493,10.625790090690295,10.6668035032816,765.6667788935905,5.329070518200751e-15,776.3335823968721,6.834307,713.969748,0.0,720.804055
2026-07-16_ttft_component_regression/phase1/input6000_rate3p33_reuse00_seed1,239,0.0,14.791619275230701,14.791619275230701,765.6667788935905,5.329070518200751e-15,780.4583981688212,262.618227,979.343426,0.0,1241.961653
2026-07-16_ttft_component_regression/phase1/input6000_rate3p33_reuse00_seed1,225,0.02155930849216728,10.498325892793947,10.519885201286113,765.6667788935905,5.329070518200751e-15,776.1866640948766,9.958357,720.258456,0.0,730.216813
2026-07-16_ttft_component_regression/phase1/input6000_rate3p33_reuse00_seed1,237,0.042922025209345106,13.547110439780136,13.59003246498948,765.6667788935905,5.329070518200751e-15,779.25681135858,12.947386,735.332985,0.0,748.280371
2026-07-16_ttft_component_regression/phase1/input6000_rate3p33_reuse00_seed1,273,0.0,16.100729327457554,16.100729327457554,765.6667788935905,5.329070518200751e-15,781.767508221048,2.427943,756.936755,0.0,759.364698
2026-07-16_ttft_component_regression/phase1/input6000_rate3p33_reuse00_seed1,249,0.0,16.101911987183428,16.101911987183428,765.6667788935905,5.329070518200751e-15,781.7686908807739,15.033481,738.201354,0.0,753.234835
2026-07-16_ttft_component_regression/phase1/input6000_rate3p33_reuse00_seed1,279,0.10771626365031933,17.953441808371604,18.061158072021925,765.6667788935905,5.329070518200751e-15,783.7279369656125,171.366013,755.029983,0.0,926.395996
2026-07-16_ttft_component_regression/phase1/input6000_rate3p33_reuse00_seed1,282,0.5164153516768367,19.3698934156272,19.886308767304037,765.6667788935905,5.329070518200751e-15,785.5530876608946,14.664839,774.061282,0.0,788.726121
2026-07-16_ttft_component_regression/phase1/input6000_rate3p33_reuse00_seed1,274,0.0,16.69597820620911,16.69597820620911,765.6667788935905,5.329070518200751e-15,782.3627570997996,451.171002,1005.502614,0.0,1456.673616
2026-07-16_ttft_component_regression/phase1/input6000_rate3p33_reuse00_seed1,0,0.0,0.16895763613015174,0.16895763613015174,765.6667788935905,5.329070518200751e-15,765.8357365297206,0.0,676.342498,0.0,676.342498
2026-07-16_ttft_component_regression/phase1/input6000_rate3p33_reuse00_seed1,8,0.018003827285961307,6.95812069611473,6.976124523400692,765.6667788935905,5.329070518200751e-15,772.6429034169912,5.068858,693.993324,0.0,699.062182
2026-07-16_ttft_component_regression/phase1/input6000_rate3p33_reuse00_seed1,32,0.0,12.203619742567039,12.203619742567039,765.6667788935905,5.329070518200751e-15,777.8703986361576,19.070525,701.455802,0.0,720.526327
2026-07-16_ttft_component_regression/phase1/input6000_rate3p33_reuse00_seed1,57,0.0433346408525378,14.485073741294265,14.528408382146802,765.6667788935905,5.329070518200751e-15,780.1951872757373,3.307164,716.41285,0.0,719.720014
2026-07-16_ttft_component_regression/phase1/input6000_rate3p33_reuse00_seed1,39,0.0,12.196537834585357,12.196537834585357,765.6667788935905,5.329070518200751e-15,777.8633167281758,11.020187,700.742394,0.0,711.762581
2026-07-16_ttft_component_regression/phase1/input6000_rate3p33_reuse00_seed1,43,0.0,11.909010044546948,11.909010044546948,765.6667788935905,5.329070518200751e-15,777.5757889381374,19.468382,719.646671,0.0,739.115053
2026-07-16_ttft_component_regression/phase1/input6000_rate3p33_reuse00_seed1,44,0.01672347866334897,12.182562603285904,12.199286081949253,765.6667788935905,5.329070518200751e-15,777.8660649755398,388.560098,953.885108,0.0,1342.445206
2026-07-16_ttft_component_regression/phase1/input6000_rate3p33_reuse00_seed1,50,0.043102349186552986,14.585208953102148,14.6283113022887,765.6667788935905,5.329070518200751e-15,780.2950901958792,10.513498,717.071602,0.0,727.5851
2026-07-16_ttft_component_regression/phase1/input6000_rate3p33_reuse00_seed1,78,0.0,15.845607558510215,15.845607558510215,765.6667788935905,5.329070518200751e-15,781.5123864521007,14.852187,723.70897,0.0,738.561157
2026-07-16_ttft_component_regression/phase1/input6000_rate3p33_reuse00_seed1,137,0.00038800568831019304,0.0,0.00038800568831019304,765.6667788935905,5.329070518200751e-15,765.6671668992789,0.012868,676.342498,0.0,676.355366
2026-07-16_ttft_component_regression/phase1/input6000_rate3p33_reuse00_seed1,140,0.024061472910199846,5.870636789663656,5.894698262573856,765.6667788935905,5.329070518200751e-15,771.5614771561644,7.168448,694.00718,0.0,701.175628
2026-07-16_ttft_component_regression/phase1/input6000_rate3p33_reuse00_seed1,171,0.0,10.54283672845792,10.54283672845792,765.6667788935905,5.329070518200751e-15,776.2096156220484,17.414605,710.807004,0.0,728.221609
2026-07-16_ttft_component_regression/phase1/input6000_rate3p33_reuse00_seed1,202,0.03985372008102362,11.402180747564161,11.442034467645184,765.6667788935905,5.329070518200751e-15,777.1088133612357,9.544763,722.343809,0.0,731.888572
2026-07-16_ttft_component_regression/phase1/input6000_rate3p33_reuse00_seed1,186,0.03880792098352336,11.372215491580882,11.411023412564404,765.6667788935905,5.329070518200751e-15,777.0778023061549,16.757681,721.747014,0.0,738.504695
2026-07-16_ttft_component_regression/phase1/input6000_rate3p33_reuse00_seed1,194,0.04484048693780689,11.633406432116042,11.678246919053848,765.6667788935905,5.329070518200751e-15,777.3450258126444,4.737661,720.168954,0.0,724.906615
2026-07-16_ttft_component_regression/phase1/input6000_rate3p33_reuse00_seed1,234,0.0,10.24533156226492,10.24533156226492,765.6667788935905,5.329070518200751e-15,775.9121104558554,19.31917,713.813976,0.0,733.133146
2026-07-16_ttft_component_regression/phase1/input6000_rate3p33_reuse00_seed1,240,0.016154480349929088,11.265634061424189,11.281788541774118,765.6667788935905,5.329070518200751e-15,776.9485674353646,20.635627,728.626736,0.0,749.262363
2026-07-16_ttft_component_regression/phase1/input6000_rate3p33_reuse00_seed1,296,0.0,14.734264109397921,14.734264109397921,765.6667788935905,5.329070518200751e-15,780.4010430029884,73.269111,976.004424,0.0,1049.273535
2026-07-16_ttft_component_regression/phase1/input6000_rate3p33_reuse00_seed1,294,0.0696059913779706,12.709458315494992,12.779064306872963,765.6667788935905,5.329070518200751e-15,778.4458432004635,2.745398,1013.938016,0.0,1016.683414
2026-07-16_ttft_component_regression/phase1/input6000_rate3p33_reuse00_seed1,272,0.002421842740767522,10.667226102401177,10.669647945141945,765.6667788935905,5.329070518200751e-15,776.3364268387325,2.378132,712.069777,0.0,714.447909
2026-07-16_ttft_component_regression/phase1/input6000_rate3p33_reuse00_seed1,288,0.03978173641263817,11.400081495277535,11.439863231690174,765.6667788935905,5.329070518200751e-15,777.1066421252807,9.963651,725.690341,0.0,735.653992
2026-07-16_ttft_component_regression/phase1/input6000_rate3p33_reuse00_seed1,291,0.08610443102582477,11.636833299045099,11.722937730070925,765.6667788935905,5.329070518200751e-15,777.3897166236615,243.521396,745.002375,0.0,988.523771
2026-07-16_ttft_component_regression/phase1/input6000_rate3p33_reuse00_seed1,9,0.0,0.1505981037920055,0.1505981037920055,765.6667788935905,5.329070518200751e-15,765.8173769973826,0.023654,676.342498,0.0,676.366152
2026-07-16_ttft_component_regression/phase1/input6000_rate3p33_reuse00_seed1,15,0.01910035783094448,6.9041346869702584,6.923235044801203,765.6667788935905,5.329070518200751e-15,772.5900139383917,13.457007,694.523244,0.0,707.980251
2026-07-16_ttft_component_regression/phase1/input6000_rate3p33_reuse00_seed1,36,0.0,11.857905513408078,11.857905513408078,765.6667788935905,5.329070518200751e-15,777.5246844069986,266.825877,977.907775,0.0,1244.733652
2026-07-16_ttft_component_regression/phase1/input6000_rate3p33_reuse00_seed1,37,0.012027161009018137,11.933124443447548,11.945151604456566,765.6667788935905,5.329070518200751e-15,777.6119304980471,339.602328,945.375169,0.0,1284.977497
2026-07-16_ttft_component_regression/phase1/input6000_rate3p33_reuse00_seed1,51,0.04346373040489482,14.309026448329584,14.35249017873448,765.6667788935905,5.329070518200751e-15,780.019269072325,21.711471,716.96469,0.0,738.676161
2026-07-16_ttft_component_regression/phase1/input6000_rate3p33_reuse00_seed1,34,0.0,12.239038846501336,12.239038846501336,765.6667788935905,5.329070518200751e-15,777.9058177400918,6.994626,714.242406,0.0,721.237032
2026-07-16_ttft_component_regression/phase1/input6000_rate3p33_reuse00_seed1,45,0.013643956523715724,12.016902457074664,12.03054641359838,765.6667788935905,5.329070518200751e-15,777.6973253071889,13.82837,710.181038,0.0,724.009408
2026-07-16_ttft_component_regression/phase1/input6000_rate3p33_reuse00_seed1,75,0.0,17.26815162380351,17.26815162380351,765.6667788935905,5.329070518200751e-15,782.934930517394,4.924085,729.269698,0.0,734.193783
2026-07-16_ttft_component_regression/phase1/input6000_rate3p33_reuse00_seed1,56,0.0,17.035052628924138,17.035052628924138,765.6667788935905,5.329070518200751e-15,782.7018315225147,10.350455,723.31217,0.0,733.662625
2026-07-16_ttft_component_regression/phase1/input6000_rate3p33_reuse00_seed1,73,0.0,15.820760646373113,15.820760646373113,765.6667788935905,5.329070518200751e-15,781.4875395399636,12.588865,723.542378,0.0,736.131243
2026-07-16_ttft_component_regression/phase1/input6000_rate3p33_reuse00_seed1,92,0.04698544623224591,20.10630097459601,20.153286420828255,765.6667788935905,5.329070518200751e-15,785.8200653144188,1.629143,751.147306,0.0,752.776449
2026-07-16_ttft_component_regression/phase1/input6000_rate3p33_reuse00_seed1,91,0.0,19.20580648295563,19.20580648295563,765.6667788935905,5.329070518200751e-15,784.8725853765461,16.938114,735.565301,0.0,752.503415
2026-07-16_ttft_component_regression/phase1/input6000_rate3p33_reuse00_seed1,112,0.0,17.276211390823185,17.276211390823185,765.6667788935905,5.329070518200751e-15,782.9429902844137,336.62289,993.990934,0.0,1330.613824
2026-07-16_ttft_component_regression/phase1/input6000_rate3p33_reuse00_seed1,121,0.061994243515640944,20.23060576647887,20.292600009994512,765.6667788935905,5.329070518200751e-15,785.959378903585,20.484783,751.61826,0.0,772.103043
2026-07-16_ttft_component_regression/phase1/input6000_rate3p33_reuse00_seed1,145,0.06480078168482946,17.48633763400604,17.551138415690872,765.6667788935905,5.329070518200751e-15,783.2179173092813,23.370905,752.907189,0.0,776.278094
2026-07-16_ttft_component_regression/phase1/input6000_rate3p33_reuse00_seed1,111,0.0,15.856428936216613,15.856428936216613,765.6667788935905,5.329070518200751e-15,781.5232078298071,15.366271,750.59987,0.0,765.966141
2026-07-16_ttft_component_regression/phase1/input6000_rate3p33_reuse00_seed1,119,0.0,19.24577796614409,19.24577796614409,765.6667788935905,5.329070518200751e-15,784.9125568597347,14.510975,746.143768,0.0,760.654743
2026-07-16_ttft_component_regression/phase1/input6000_rate3p33_reuse00_seed1,156,0.0,16.080658229033812,16.080658229033812,765.6667788935905,5.329070518200751e-15,781.7474371226243,2.665819,752.513941,0.0,755.17976
2026-07-16_ttft_component_regression/phase1/input6000_rate3p33_reuse00_seed1,133,0.48412705532395134,19.246087899233245,19.730214954557198,765.6667788935905,5.329070518200751e-15,785.3969938481478,0.52241,757.592251,0.0,758.114661
2026-07-16_ttft_component_regression/phase1/input6000_rate3p33_reuse00_seed1,183,0.5118835050368788,19.585763218187765,20.097646723224642,765.6667788935905,5.329070518200751e-15,785.7644256168152,218.573055,760.586653,0.0,979.159708
2026-07-16_ttft_component_regression/phase1/input6000_rate3p33_reuse00_seed1,165,0.06882886079195051,17.51494668265011,17.58377554344206,765.6667788935905,5.329070518200751e-15,783.2505544370325,133.997953,757.645292,0.0,891.643245
2026-07-16_ttft_component_regression/phase1/input6000_rate3p33_reuse00_seed1,158,0.0,16.631689943753045,16.631689943753045,765.6667788935905,5.329070518200751e-15,782.2984688373435,203.571931,1006.040601,0.0,1209.612532
2026-07-16_ttft_component_regression/phase1/input6000_rate3p33_reuse00_seed1,178,0.09702484522041362,17.879244068058323,17.976268913278737,765.6667788935905,5.329070518200751e-15,783.6430478068693,2.412678,758.990788,0.0,761.403466
2026-07-16_ttft_component_regression/phase1/input6000_rate3p33_reuse00_seed1,192,2523.4224202981995,23.80700992857681,2547.2294302267765,765.6667788935905,5.329070518200751e-15,3312.896209120367,1366.828503,771.717669,0.0,2138.546172
2026-07-16_ttft_component_regression/phase1/input6000_rate3p33_reuse00_seed1,193,5827.745703197774,23.821875297957153,5851.567578495731,765.6667788935905,5.329070518200751e-15,6617.234357389321,3755.5888330000002,775.061218,0.0,4530.650051
2026-07-16_ttft_component_regression/phase1/input6000_rate3p33_reuse00_seed1,235,0.04795471003906865,12.54055262615089,12.588507336189958,765.6667788935905,5.329070518200751e-15,778.2552862297805,0.832647,735.418364,0.0,736.251011
2026-07-16_ttft_component_regression/phase1/input6000_rate3p33_reuse00_seed1,248,0.02019371417116559,10.433453318991022,10.453647033162188,765.6667788935905,5.329070518200751e-15,776.1204259267527,16.460704,722.699993,0.0,739.160697
2026-07-16_ttft_component_regression/phase1/input6000_rate3p33_reuse00_seed1,265,0.03972433567968182,10.56616750381446,10.605891839494141,765.6667788935905,5.329070518200751e-15,776.2726707330846,5.979768,731.014476,0.0,736.994244
2026-07-16_ttft_component_regression/phase1/input6000_rate3p33_reuse00_seed1,260,0.0,11.018130898614649,11.018130898614649,765.6667788935905,5.329070518200751e-15,776.6849097922052,4.637959,723.753038,0.0,728.390997
2026-07-16_ttft_component_regression/phase1/input6000_rate3p33_reuse00_seed1,290,0.06166969595283899,16.338425753397775,16.400095449350616,765.6667788935905,5.329070518200751e-15,782.0668743429411,20.023874,734.468395,0.0,754.492269
2026-07-16_ttft_component_regression/phase1/input6000_rate3p33_reuse00_seed1,271,0.06963446119521167,12.691548758501327,12.76118321969654,765.6667788935905,5.329070518200751e-15,778.4279621132871,5.0253,731.467308,0.0,736.492608
2026-07-16_ttft_component_regression/phase1/input6000_rate3p33_reuse00_seed1,284,0.06965082041110486,12.679588787001451,12.749239607412557,765.6667788935905,5.329070518200751e-15,778.416018501003,21.000471,731.269486,0.0,752.269957
2026-07-16_ttft_component_regression/phase1/input6000_rate3p33_reuse00_seed1,5,0.0,0.18726286671349643,0.18726286671349643,765.6667788935905,5.329070518200751e-15,765.854041760304,0.554672,676.342498,0.0,676.89717
2026-07-16_ttft_component_regression/phase1/input6000_rate3p33_reuse00_seed1,14,0.01806770503384312,6.9553153868332585,6.973383091867102,765.6667788935905,5.329070518200751e-15,772.6401619854576,11.013597,694.681324,0.0,705.694921
2026-07-16_ttft_component_regression/phase1/input6000_rate3p33_reuse00_seed1,25,0.0,11.906854343735041,11.906854343735041,765.6667788935905,5.329070518200751e-15,777.5736332373256,18.496072,706.127852,0.0,724.623924
2026-07-16_ttft_component_regression/phase1/input6000_rate3p33_reuse00_seed1,20,0.0,12.15412278039306,12.15412278039306,765.6667788935905,5.329070518200751e-15,777.8209016739836,16.672456,700.081274,0.0,716.75373
2026-07-16_ttft_component_regression/phase1/input6000_rate3p33_reuse00_seed1,28,0.01672347866334897,12.182562603285904,12.199286081949253,765.6667788935905,5.329070518200751e-15,777.8660649755398,18.217087,710.219534,0.0,728.436621
2026-07-16_ttft_component_regression/phase1/input6000_rate3p33_reuse00_seed1,52,0.0,17.110754741051274,17.110754741051274,765.6667788935905,5.329070518200751e-15,782.7775336346418,7.259283,736.60867,0.0,743.867953
2026-07-16_ttft_component_regression/phase1/input6000_rate3p33_reuse00_seed1,53,0.0,18.612448605004335,18.612448605004335,765.6667788935905,5.329070518200751e-15,784.2792274985949,337.532106,1006.346862,0.0,1343.878968
2026-07-16_ttft_component_regression/phase1/input6000_rate3p33_reuse00_seed1,55,0.0,286.79213487660985,286.79213487660985,765.6667788935905,5.329070518200751e-15,1052.4589137702003,907.177378,1016.518646,0.0,1923.696024
2026-07-16_ttft_component_regression/phase1/input6000_rate3p33_reuse00_seed1,59,0.06467851819008803,20.2525385352867,20.31721705347679,765.6667788935905,5.329070518200751e-15,785.9839959470673,456.230145,1029.671939,0.0,1485.902084
2026-07-16_ttft_component_regression/phase1/input6000_rate3p33_reuse00_seed1,49,0.04308264699451269,14.59184301676516,14.634925663759674,765.6667788935905,5.329070518200751e-15,780.3017045573501,9.16488,718.389554,0.0,727.554434
2026-07-16_ttft_component_regression/phase1/input6000_rate3p33_reuse00_seed1,65,0.48404531296888104,22.263406410603153,22.747451723572034,765.6667788935905,5.329070518200751e-15,788.4142306171625,314.080691,975.752159,0.0,1289.83285
2026-07-16_ttft_component_regression/phase1/input6000_rate3p33_reuse00_seed1,70,0.48404531296888104,22.263406410603153,22.747451723572034,765.6667788935905,5.329070518200751e-15,788.4142306171625,13.647139,753.222684,0.0,766.869823
2026-07-16_ttft_component_regression/phase1/input6000_rate3p33_reuse00_seed1,88,0.49070352118699034,22.293088402555018,22.783791923742008,765.6667788935905,5.329070518200751e-15,788.4505708173325,20.054051,766.769582,0.0,786.823633
2026-07-16_ttft_component_regression/phase1/input6000_rate3p33_reuse00_seed1,106,0.07551322347658594,18.894288032961995,18.969801256438583,765.6667788935905,5.329070518200751e-15,784.6365801500291,22.046029,756.606398,0.0,778.652427
2026-07-16_ttft_component_regression/phase1/input6000_rate3p33_reuse00_seed1,107,0.50397454081126,20.768965025078916,21.272939565890177,765.6667788935905,5.329070518200751e-15,786.9397184594807,2.507429,766.0506,0.0,768.558029
2026-07-16_ttft_component_regression/phase1/input6000_rate3p33_reuse00_seed1,136,0.0,16.704108085158442,16.704108085158442,765.6667788935905,5.329070518200751e-15,782.3708869787489,19.817834,749.520015,0.0,769.337849
2026-07-16_ttft_component_regression/phase1/input6000_rate3p33_reuse00_seed1,163,0.48653301895781786,20.697286284476675,21.183819303434493,765.6667788935905,5.329070518200751e-15,786.850598197025,19.289279,765.860486,0.0,785.149765
2026-07-16_ttft_component_regression/phase1/input6000_rate3p33_reuse00_seed1,141,0.0,16.69597820620911,16.69597820620911,765.6667788935905,5.329070518200751e-15,782.3627570997996,0.736978,756.33923,0.0,757.076208
2026-07-16_ttft_component_regression/phase1/input6000_rate3p33_reuse00_seed1,146,0.5273964143344756,19.410738530786364,19.93813494512084,765.6667788935905,5.329070518200751e-15,785.6049138387114,449.286106,1009.591551,0.0,1458.877657
2026-07-16_ttft_component_regression/phase1/input6000_rate3p33_reuse00_seed1,131,0.0,16.11244185292035,16.11244185292035,765.6667788935905,5.329070518200751e-15,781.7792207465109,7.773997,749.896977,0.0,757.670974
2026-07-16_ttft_component_regression/phase1/input6000_rate3p33_reuse00_seed1,159,0.5136871721202424,19.359647376615268,19.87333454873551,765.6667788935905,5.329070518200751e-15,785.5401134423261,26.955474,759.46513,0.0,786.420604
2026-07-16_ttft_component_regression/phase1/input6000_rate3p33_reuse00_seed1,180,853.0698768354194,21.903494801714615,874.973371637134,765.6667788935905,5.329070518200751e-15,1640.6401505307244,694.2844950000001,759.163076,0.0,1453.447571
2026-07-16_ttft_component_regression/phase1/input6000_rate3p33_reuse00_seed1,144,0.09477526825046716,17.695174892855192,17.789950161105658,765.6667788935905,5.329070518200751e-15,783.4567290546962,146.837314,1030.941084,0.0,1177.778398
2026-07-16_ttft_component_regression/phase1/input6000_rate3p33_reuse00_seed1,170,0.48653301895781786,20.697286284476675,21.183819303434493,765.6667788935905,5.329070518200751e-15,786.850598197025,0.594409,765.81065,0.0,766.405059
2026-07-16_ttft_component_regression/phase1/input6000_rate3p33_reuse00_seed1,196,7410.803873522116,23.80262786855249,7434.606501390669,765.6667788935905,5.329070518200751e-15,8200.27328028426,7232.576343000001,760.124721,0.0,7992.701064
2026-07-16_ttft_component_regression/phase1/input6000_rate3p33_reuse00_seed1,217,5689.594293278768,23.772704124205504,5713.3669974029735,765.6667788935905,5.329070518200751e-15,6479.033776296564,4310.599129,757.058736,0.0,5067.657865
2026-07-16_ttft_component_regression/phase1/input6000_rate3p33_reuse00_seed1,195,7410.847063613208,23.80700992857681,7434.654073541785,765.6667788935905,5.329070518200751e-15,8200.320852435376,7005.761814,766.053545,0.0,7771.815359
2026-07-16_ttft_component_regression/phase1/input6000_rate3p33_reuse00_seed1,233,0.4748940351613803,19.209651244696893,19.684545279858273,765.6667788935905,5.329070518200751e-15,785.3513241734488,129.695223,762.225173,0.0,891.920396
2026-07-16_ttft_component_regression/phase1/input6000_rate3p33_reuse00_seed1,182,7747.248568823059,21.92966473575967,7769.178233558819,765.6667788935905,5.329070518200751e-15,8534.84501245241,10083.807213,766.669993,0.0,10850.477206
2026-07-16_ttft_component_regression/phase1/input6000_rate3p33_reuse00_seed1,238,0.4628551535201895,20.597142340555678,21.059997494075866,765.6667788935905,5.329070518200751e-15,786.7267763876664,24.789386,755.907276,0.0,780.696662
2026-07-16_ttft_component_regression/phase1/input6000_rate3p33_reuse00_seed1,258,0.061872451167264496,18.791226540698943,18.853098991866208,765.6667788935905,5.329070518200751e-15,784.5198778854567,12.42397,761.906735,0.0,774.330705
2026-07-16_ttft_component_regression/phase1/input6000_rate3p33_reuse00_seed1,264,0.46704606425238404,19.178313261325854,19.645359325578237,765.6667788935905,5.329070518200751e-15,785.3121382191688,23.161737,766.690062,0.0,789.851799
2026-07-16_ttft_component_regression/phase1/input6000_rate3p33_reuse00_seed1,244,1570.306643540822,21.5061653307136,1591.8128088715357,765.6667788935905,5.329070518200751e-15,2357.4795877651263,966.949098,765.450262,0.0,1732.39936
2026-07-16_ttft_component_regression/phase1/input6000_rate3p33_reuse00_seed1,241,0.4667635069593912,20.61390021141394,21.080663718373334,765.6667788935905,5.329070518200751e-15,786.7474426119638,156.916401,773.850845,0.0,930.767246
2026-07-16_ttft_component_regression/phase1/input6000_rate3p33_reuse00_seed1,275,0.4592589403683774,19.146882015723413,19.606140956091792,765.6667788935905,5.329070518200751e-15,785.2729198496822,6.622403,770.846261,0.0,777.468664
2026-07-16_ttft_component_regression/phase1/input6000_rate3p33_reuse00_seed1,295,2410.946515280231,21.491919532076814,2432.4384348123076,765.6667788935905,5.329070518200751e-15,3198.105213705898,1537.375064,764.038997,0.0,2301.414061
2026-07-16_ttft_component_regression/phase1/input6000_rate3p33_reuse00_seed1,7,0.0,0.1715761972026882,0.1715761972026882,765.6667788935905,5.329070518200751e-15,765.8383550907932,0.13911,676.342498,0.0,676.481608
2026-07-16_ttft_component_regression/phase1/input6000_rate3p33_reuse00_seed1,31,0.0,11.90471370848054,11.90471370848054,765.6667788935905,5.329070518200751e-15,777.5714926020711,11.8747,706.07198,0.0,717.94668
2026-07-16_ttft_component_regression/phase1/input6000_rate3p33_reuse00_seed1,26,0.017939610272016376,6.960903386707577,6.978842996979593,765.6667788935905,5.329070518200751e-15,772.64562189057,9.832922,695.666028,0.0,705.49895
2026-07-16_ttft_component_regression/phase1/input6000_rate3p33_reuse00_seed1,29,0.0,12.157650145521258,12.157650145521258,765.6667788935905,5.329070518200751e-15,777.8244290391118,4.008867,700.41721,0.0,704.426077
2026-07-16_ttft_component_regression/phase1/input6000_rate3p33_reuse00_seed1,47,0.016044269418302073,12.1452972367678,12.161341506186101,765.6667788935905,5.329070518200751e-15,777.8281203997766,14.038515,710.150702,0.0,724.189217
2026-07-16_ttft_component_regression/phase1/input6000_rate3p33_reuse00_seed1,38,0.01672347866334897,12.182562603285904,12.199286081949253,765.6667788935905,5.329070518200751e-15,777.8660649755398,12.982509,710.393646,0.0,723.376155
2026-07-16_ttft_component_regression/phase1/input6000_rate3p33_reuse00_seed1,62,0.0,17.10795617121409,17.10795617121409,765.6667788935905,5.329070518200751e-15,782.7747350648046,433.627317,999.072563,0.0,1432.69988
2026-07-16_ttft_component_regression/phase1/input6000_rate3p33_reuse00_seed1,79,0.0,17.898996729806697,17.898996729806697,765.6667788935905,5.329070518200751e-15,783.5657756233973,1.761487,735.040053,0.0,736.80154
2026-07-16_ttft_component_regression/phase1/input6000_rate3p33_reuse00_seed1,61,0.04319290613753905,14.55195861630274,14.595151522440279,765.6667788935905,5.329070518200751e-15,780.2619304160307,11.624593,730.424873,0.0,742.049466
2026-07-16_ttft_component_regression/phase1/input6000_rate3p33_reuse00_seed1,68,1.1986584104924909,23.11024056891499,24.30889897940748,765.6667788935905,0.622677772606183,790.5983556456041,633.8682709999999,969.695778,0.619393,1604.183442
2026-07-16_ttft_component_regression/phase1/input6000_rate3p33_reuse00_seed1,101,0.530157969037141,22.463381206342522,22.993539175379663,765.6667788935905,5.329070518200751e-15,788.6603180689701,124.282776,774.508821,0.0,898.791597
2026-07-16_ttft_component_regression/phase1/input6000_rate3p33_reuse00_seed1,86,0.07901002562732061,18.920371633076495,18.999381658703815,765.6667788935905,5.329070518200751e-15,784.6661605522943,20.200764,743.647864,0.0,763.848628
2026-07-16_ttft_component_regression/phase1/input6000_rate3p33_reuse00_seed1,114,1.2291901680974764,23.136698430849936,24.365888598947414,765.6667788935905,0.622677772606183,790.6553452651441,16.699685,760.313214,0.619393,777.632292
2026-07-16_ttft_component_regression/phase1/input6000_rate3p33_reuse00_seed1,99,0.10085148302546183,20.53972725609303,20.640578739118492,765.6667788935905,5.329070518200751e-15,786.307357632709,22.614549,754.087661,0.0,776.70221
2026-07-16_ttft_component_regression/phase1/input6000_rate3p33_reuse00_seed1,149,0.00898147616369882,15.109875464302513,15.118856940466213,765.6667788935905,5.329070518200751e-15,780.7856358340567,12.376447,734.18131,0.0,746.557757
2026-07-16_ttft_component_regression/phase1/input6000_rate3p33_reuse00_seed1,168,1.184566448816365,21.515935720148043,22.70050216896441,765.6667788935905,0.622677772606183,788.989958835161,691.857472,1038.75812,0.619393,1731.234985
2026-07-16_ttft_component_regression/phase1/input6000_rate3p33_reuse00_seed1,160,1.2646086370704432,21.936632989029377,23.20124162609982,765.6667788935905,0.622677772606183,789.4906982922964,94.552144,1020.452454,0.619393,1115.623991
2026-07-16_ttft_component_regression/phase1/input6000_rate3p33_reuse00_seed1,181,2105.6293100345238,21.960709600690695,2127.5900196352145,765.6667788935905,5.329070518200751e-15,2893.256798528805,1405.7861480000001,751.669527,0.0,2157.455675
2026-07-16_ttft_component_regression/phase1/input6000_rate3p33_reuse00_seed1,164,1.1926479507697807,21.52350647897004,22.716154429739824,765.6667788935905,0.622677772606183,789.0056110959365,874.040279,1029.122714,0.619393,1903.782386
2026-07-16_ttft_component_regression/phase1/input6000_rate3p33_reuse00_seed1,161,0.008314691652599454,222.88989926823152,222.89821395988412,765.6667788935905,5.329070518200751e-15,988.5649928534747,835.506477,1023.873,0.0,1859.379477
2026-07-16_ttft_component_regression/phase1/input6000_rate3p33_reuse00_seed1,169,0.093323732806157,275.56735816032733,275.66068189313347,765.6667788935905,5.329070518200751e-15,1041.327460786724,1253.815834,1068.571252,0.0,2322.387086
2026-07-16_ttft_component_regression/phase1/input6000_rate3p33_reuse00_seed1,157,0.02402611394045882,10.619497397491973,10.64352351143243,765.6667788935905,5.329070518200751e-15,776.310302405023,17.400862,741.581499,0.0,758.982361
2026-07-16_ttft_component_regression/phase1/input6000_rate3p33_reuse00_seed1,175,0.5357040624851388,299.8203482331779,300.35605229566306,765.6667788935905,5.329070518200751e-15,1066.0228311892536,969.939066,970.505428,0.0,1940.444494
2026-07-16_ttft_component_regression/phase1/input6000_rate3p33_reuse00_seed1,179,2203.2218487560062,21.889386660665306,2225.1112354166717,765.6667788935905,0.622677772606183,2991.4006920828683,10680.283575,765.257473,0.619393,11446.160441
2026-07-16_ttft_component_regression/phase1/input6000_rate3p33_reuse00_seed1,185,7912.992246311474,23.80482635069229,7936.797072662167,765.6667788935905,0.622677772606183,8703.086529328364,13299.522003999999,767.865744,0.619393,14068.007141
2026-07-16_ttft_component_regression/phase1/input6000_rate3p33_reuse00_seed1,205,7185.417484625094,23.79141287822247,7209.208897503317,765.6667788935905,0.622677772606183,7975.498354169513,11934.166354,762.085128,0.619393,12696.870875
2026-07-16_ttft_component_regression/phase1/input6000_rate3p33_reuse00_seed1,245,962.6801749101393,21.500140616488107,984.1803155266274,765.6667788935905,0.622677772606183,1750.4697721928242,613.6896399999999,761.733729,0.619393,1376.042762
2026-07-16_ttft_component_regression/phase1/input6000_rate3p33_reuse00_seed1,246,115.67540014840101,21.500140616488107,137.17554076488912,765.6667788935905,0.622677772606183,903.4649974310857,981.6306989999999,771.108853,0.619393,1753.358945
2026-07-16_ttft_component_regression/phase1/input6000_rate3p33_reuse00_seed1,197,7861.268137112079,23.819796835150658,7885.087933947229,765.6667788935905,0.622677772606183,8651.377390613427,11610.632626999999,764.644659,0.619393,12375.896679
2026-07-16_ttft_component_regression/phase1/input6000_rate3p33_reuse00_seed1,219,6023.510666914109,23.795943277710744,6047.306610191819,765.6667788935905,0.622677772606183,6813.596066858016,8826.266926,768.306339,0.619393,9595.192658
2026-07-16_ttft_component_regression/phase1/input6000_rate3p33_reuse00_seed1,270,301.2147873188211,21.872442845614493,323.0872301644356,765.6667788935905,0.622677772606183,1089.3766868306323,1465.394335,773.906386,0.619393,2239.920114
2026-07-16_ttft_component_regression/phase1/input6000_rate3p33_reuse00_seed1,287,1.182433298306816,21.856909337395596,23.03934263570241,765.6667788935905,0.622677772606183,789.328799301899,21.033976000000003,768.150372,0.619393,789.803741
2026-07-16_ttft_component_regression/phase1/input6000_rate3p33_reuse00_seed1,262,2258.7037749739843,21.551573064677886,2280.2553480386623,765.6667788935905,5.329070518200751e-15,3045.922126932253,1436.05011,766.252602,0.0,2202.302712
2026-07-16_ttft_component_regression/phase1/input6000_rate3p33_reuse00_seed1,266,1497.5628850211456,21.845414821246777,1519.4082998423924,765.6667788935905,0.622677772606183,2285.697756508589,1089.0469699999999,759.443324,0.619393,1849.109687
2026-07-16_ttft_component_regression/phase1/input6000_rate3p33_reuse00_seed1,1,0.0,0.17419362456319054,0.17419362456319054,765.6667788935905,5.329070518200751e-15,765.8409725181536,0.184905,676.342498,0.0,676.527403
2026-07-16_ttft_component_regression/phase1/input6000_rate3p33_reuse00_seed1,19,0.0,110.17958441521908,110.17958441521908,765.6667788935905,5.329070518200751e-15,875.8463633088096,456.288155,970.085905,0.0,1426.37406
2026-07-16_ttft_component_regression/phase1/input6000_rate3p33_reuse00_seed1,18,0.01787505539684774,6.963663490726934,6.981538546123782,765.6667788935905,5.329070518200751e-15,772.6483174397143,10.557183,708.393135,0.0,718.950318
2026-07-16_ttft_component_regression/phase1/input6000_rate3p33_reuse00_seed1,21,0.0,11.93371196460117,11.93371196460117,765.6667788935905,5.329070518200751e-15,777.6004908581916,185.320024,938.730666,0.0,1124.05069
2026-07-16_ttft_component_regression/phase1/input6000_rate3p33_reuse00_seed1,48,0.04320943355234586,14.545292824099352,14.588502257651697,765.6667788935905,5.329070518200751e-15,780.2552811512422,15.890562,717.194674,0.0,733.085236
2026-07-16_ttft_component_regression/phase1/input6000_rate3p33_reuse00_seed1,42,0.04306241226381105,14.598471652688016,14.641534064951827,765.6667788935905,5.329070518200751e-15,780.3083129585423,8.659554,717.76997,0.0,726.429524
2026-07-16_ttft_component_regression/phase1/input6000_rate3p33_reuse00_seed1,33,0.01795988886668073,12.25153120838322,12.269491097249901,765.6667788935905,5.329070518200751e-15,777.9362699908404,1.482419,710.625774,0.0,712.108193
2026-07-16_ttft_component_regression/phase1/input6000_rate3p33_reuse00_seed1,58,0.0,17.13282406789361,17.13282406789361,765.6667788935905,5.329070518200751e-15,782.7996029614841,3.739867,723.97201,0.0,727.711877
2026-07-16_ttft_component_regression/phase1/input6000_rate3p33_reuse00_seed1,66,0.0,17.296836576022546,17.296836576022546,765.6667788935905,5.329070518200751e-15,782.963615469613,13.484297,729.742914,0.0,743.227211
2026-07-16_ttft_component_regression/phase1/input6000_rate3p33_reuse00_seed1,81,0.0,19.316559368477165,19.316559368477165,765.6667788935905,5.329070518200751e-15,784.9833382620677,23.022,736.020149,0.0,759.042149
2026-07-16_ttft_component_regression/phase1/input6000_rate3p33_reuse00_seed1,85,0.09201270669537631,20.470952764615973,20.562965471311347,765.6667788935905,5.329070518200751e-15,786.2297443649019,15.857904,744.400536,0.0,760.25844
2026-07-16_ttft_component_regression/phase1/input6000_rate3p33_reuse00_seed1,109,0.02144600701266529,10.492886228098213,10.514332235110878,765.6667788935905,5.329070518200751e-15,776.1811111287013,2.006743,729.076922,0.0,731.083665
2026-07-16_ttft_component_regression/phase1/input6000_rate3p33_reuse00_seed1,120,0.0,17.09097688606292,17.09097688606292,765.6667788935905,5.329070518200751e-15,782.7577557796534,6.615262,738.141797,0.0,744.757059
2026-07-16_ttft_component_regression/phase1/input6000_rate3p33_reuse00_seed1,117,0.04310579536379913,13.485144192278964,13.528249987642763,765.6667788935905,5.329070518200751e-15,779.1950288812333,13.521394,739.281615,0.0,752.803009
2026-07-16_ttft_component_regression/phase1/input6000_rate3p33_reuse00_seed1,177,0.0,16.9139091816044,16.9139091816044,765.6667788935905,5.329070518200751e-15,782.5806880751949,61.159832,994.103322,0.0,1055.263154
2026-07-16_ttft_component_regression/phase1/input6000_rate3p33_reuse00_seed1,155,0.017428503107231562,10.306429632007493,10.323858135114724,765.6667788935905,5.329070518200751e-15,775.9906370287052,11.995948,726.435257,0.0,738.431205
2026-07-16_ttft_component_regression/phase1/input6000_rate3p33_reuse00_seed1,174,0.0,16.081910949675073,16.081910949675073,765.6667788935905,5.329070518200751e-15,781.7486898432655,151.145668,1022.042117,0.0,1173.187785
2026-07-16_ttft_component_regression/phase1/input6000_rate3p33_reuse00_seed1,154,0.0,10.40153595564298,10.40153595564298,765.6667788935905,5.329070518200751e-15,776.0683148492335,2.018067,713.849793,0.0,715.86786
2026-07-16_ttft_component_regression/phase1/input6000_rate3p33_reuse00_seed1,166,0.04819051655781444,12.387948338381495,12.43613885493931,765.6667788935905,5.329070518200751e-15,778.1029177485298,13.570686,735.742732,0.0,749.313418
2026-07-16_ttft_component_regression/phase1/input6000_rate3p33_reuse00_seed1,172,0.0,14.736844800644016,14.736844800644016,765.6667788935905,5.329070518200751e-15,780.4036236942345,5.584325,749.07592,0.0,754.660245
2026-07-16_ttft_component_regression/phase1/input6000_rate3p33_reuse00_seed1,191,0.0,17.836074323810088,17.836074323810088,765.6667788935905,5.329070518200751e-15,783.5028532174006,19.028883,737.155933,0.0,756.184816
2026-07-16_ttft_component_regression/phase1/input6000_rate3p33_reuse00_seed1,211,0.0,17.83540372238807,17.83540372238807,765.6667788935905,5.329070518200751e-15,783.5021826159785,22.616964,743.38559,0.0,766.002554
2026-07-16_ttft_component_regression/phase1/input6000_rate3p33_reuse00_seed1,223,0.0,16.940326090571002,16.940326090571002,765.6667788935905,5.329070518200751e-15,782.6071049841615,16.809261,747.185614,0.0,763.994875
2026-07-16_ttft_component_regression/phase1/input6000_rate3p33_reuse00_seed1,232,0.0,16.393545225117993,16.393545225117993,765.6667788935905,5.329070518200751e-15,782.0603241187085,24.170537,744.89747,0.0,769.068007
2026-07-16_ttft_component_regression/phase1/input6000_rate3p33_reuse00_seed1,236,0.0,17.297465734933084,17.297465734933084,765.6667788935905,5.329070518200751e-15,782.9642446285236,20.774037,742.78342,0.0,763.557457
2026-07-16_ttft_component_regression/phase1/input6000_rate3p33_reuse00_seed1,263,0.0,14.769670481393069,14.769670481393069,765.6667788935905,5.329070518200751e-15,780.4364493749836,7.065096,744.950916,0.0,752.016012
2026-07-16_ttft_component_regression/phase1/input6000_rate3p33_reuse00_seed1,268,0.01795956818669047,15.009087747516636,15.027047315703326,765.6667788935905,5.329070518200751e-15,780.6938262092938,13.791106,738.699315,0.0,752.490421
2026-07-16_ttft_component_regression/phase1/input6000_rate3p33_reuse00_seed1,251,0.0,15.911045777062943,15.911045777062943,765.6667788935905,5.329070518200751e-15,781.5778246706534,2.423438,741.893634,0.0,744.317072
2026-07-16_ttft_component_regression/phase1/input6000_rate3p33_reuse00_seed1,283,0.0695727800317167,12.727330562096562,12.796903342128278,765.6667788935905,5.329070518200751e-15,778.4636822357188,1.772227,735.007109,0.0,736.779336
2026-07-16_ttft_component_regression/phase1/input6000_rate3p33_reuse00_seed1,289,0.05737536534932028,16.39113841227623,16.44851377762555,765.6667788935905,5.329070518200751e-15,782.115292671216,9.734324,736.094721,0.0,745.829045
2026-07-16_ttft_component_regression/phase1/input6000_rate3p33_reuse00_seed1,4,0.0,0.17942497649047714,0.17942497649047714,765.6667788935905,5.329070518200751e-15,765.846203870081,0.158929,676.342498,0.0,676.501427
2026-07-16_ttft_component_regression/phase1/input6000_rate3p33_reuse00_seed1,11,0.017679377652332715,6.971808608548466,6.989487986200799,765.6667788935905,5.329070518200751e-15,772.6562668797912,0.47118,694.323116,0.0,694.794296
2026-07-16_ttft_component_regression/phase1/input6000_rate3p33_reuse00_seed1,23,0.0,11.915567360757313,11.915567360757313,765.6667788935905,5.329070518200751e-15,777.5823462543478,7.743663,706.083532,0.0,713.827195
2026-07-16_ttft_component_regression/phase1/input6000_rate3p33_reuse00_seed1,16,0.0,12.15412278039306,12.15412278039306,765.6667788935905,5.329070518200751e-15,777.8209016739836,11.071715,700.00313,0.0,711.074845
2026-07-16_ttft_component_regression/phase1/input6000_rate3p33_reuse00_seed1,27,0.01570348418516041,12.126759917662017,12.142463401847177,765.6667788935905,5.329070518200751e-15,777.8092422954377,14.131229,710.441006,0.0,724.572235
2026-07-16_ttft_component_regression/phase1/input6000_rate3p33_reuse00_seed1,80,0.0,11.298547187738174,11.298547187738174,765.6667788935905,5.329070518200751e-15,776.9653260813287,0.311492,699.473818,0.0,699.78531
2026-07-16_ttft_component_regression/phase1/input6000_rate3p33_reuse00_seed1,90,0.015700667388818992,11.24255367184563,11.25825433923445,765.6667788935905,5.329070518200751e-15,776.925033232825,210.354804,952.769172,0.0,1163.123976
2026-07-16_ttft_component_regression/phase1/input6000_rate3p33_reuse00_seed1,100,0.0,17.064898509711693,17.064898509711693,765.6667788935905,5.329070518200751e-15,782.7316774033022,2.465646,730.795314,0.0,733.26096
2026-07-16_ttft_component_regression/phase1/input6000_rate3p33_reuse00_seed1,74,0.0,0.10433523397643042,0.10433523397643042,765.6667788935905,5.329070518200751e-15,765.771114127567,0.000354,676.342498,0.0,676.342852
2026-07-16_ttft_component_regression/phase1/input6000_rate3p33_reuse00_seed1,77,0.01743056722225988,6.436298171361507,6.4537287385837665,765.6667788935905,5.329070518200751e-15,772.1205076321743,5.561507,693.93438,0.0,699.495887
2026-07-16_ttft_component_regression/phase1/input6000_rate3p33_reuse00_seed1,105,0.0,17.86547926840508,17.86547926840508,765.6667788935905,5.329070518200751e-15,783.5322581619956,13.359231,745.824568,0.0,759.183799
2026-07-16_ttft_component_regression/phase1/input6000_rate3p33_reuse00_seed1,95,0.0433346408525378,14.485073741294265,14.528408382146802,765.6667788935905,5.329070518200751e-15,780.1951872757373,13.191575,716.584562,0.0,729.776137
2026-07-16_ttft_component_regression/phase1/input6000_rate3p33_reuse00_seed1,89,0.0,10.252871776636404,10.252871776636404,765.6667788935905,5.329070518200751e-15,775.9196506702269,10.750698,718.684879,0.0,729.435577
2026-07-16_ttft_component_regression/phase1/input6000_rate3p33_reuse00_seed1,122,0.4708557069514002,22.20378784368508,22.674643550636482,765.6667788935905,5.329070518200751e-15,788.341422444227,7.169865,760.835895,0.0,768.00576
2026-07-16_ttft_component_regression/phase1/input6000_rate3p33_reuse00_seed1,103,0.0,17.28212527544037,17.28212527544037,765.6667788935905,5.329070518200751e-15,782.9489041690309,221.485179,745.723488,0.0,967.208667
2026-07-16_ttft_component_regression/phase1/input6000_rate3p33_reuse00_seed1,113,0.06726243440609013,18.832202385936707,18.899464820342796,765.6667788935905,5.329070518200751e-15,784.5662437139333,20.616539,755.59952,0.0,776.216059
2026-07-16_ttft_component_regression/phase1/input6000_rate3p33_reuse00_seed1,132,8859.920013009665,21.500140616488107,8881.420153626153,765.6667788935905,0.622677772606183,9647.70961029235,2203.001824,761.465324,0.619393,2965.086541
2026-07-16_ttft_component_regression/phase1/input6000_rate3p33_reuse00_seed1,173,0.0,16.090537015650092,16.090537015650092,765.6667788935905,5.329070518200751e-15,781.7573159092406,20.146676,745.832718,0.0,765.979394
2026-07-16_ttft_component_regression/phase1/input6000_rate3p33_reuse00_seed1,176,0.0,16.966421270156175,16.966421270156175,765.6667788935905,5.329070518200751e-15,782.6332001637467,74.215392,753.352565,0.0,827.567957
2026-07-16_ttft_component_regression/phase1/input6000_rate3p33_reuse00_seed1,187,1.3091559758490152,23.800414510259266,25.109570486108282,765.6667788935905,0.622677772606183,791.3990271523049,3.763387,746.004374,0.619393,750.387154
2026-07-16_ttft_component_regression/phase1/input6000_rate3p33_reuse00_seed1,210,0.08513288236790637,11.589384946920317,11.674517829288224,765.6667788935905,5.329070518200751e-15,777.3412967228787,18.758557,726.738748,0.0,745.497305
2026-07-16_ttft_component_regression/phase1/input6000_rate3p33_reuse00_seed1,214,0.0627875720096539,16.32402722437537,16.386814796385025,765.6667788935905,5.329070518200751e-15,782.0535936899755,15.563379,735.879653,0.0,751.443032
2026-07-16_ttft_component_regression/phase1/input6000_rate3p33_reuse00_seed1,212,0.11511679568429393,13.813876637185377,13.928993432869671,765.6667788935905,5.329070518200751e-15,779.5957723264602,21.255935,735.607738,0.0,756.863673
2026-07-16_ttft_component_regression/phase1/input6000_rate3p33_reuse00_seed1,218,0.0,17.823104040038505,17.823104040038505,765.6667788935905,5.329070518200751e-15,783.489882933629,129.569167,741.967026,0.0,871.536193
2026-07-16_ttft_component_regression/phase1/input6000_rate3p33_reuse00_seed1,231,0.4528160669752168,19.12062154043413,19.573437607409346,765.6667788935905,5.329070518200751e-15,785.2402165009998,471.089093,990.33989,0.0,1461.428983
2026-07-16_ttft_component_regression/phase1/input6000_rate3p33_reuse00_seed1,230,0.06082237262002093,17.457909561441568,17.518731934061588,765.6667788935905,5.329070518200751e-15,783.1855108276521,21.362338,764.845835,0.0,786.208173
2026-07-16_ttft_component_regression/phase1/input6000_rate3p33_reuse00_seed1,227,0.0,16.622932219294185,16.622932219294185,765.6667788935905,5.329070518200751e-15,782.2897111128847,3.484523,746.508744,0.0,749.993267
2026-07-16_ttft_component_regression/phase1/input6000_rate3p33_reuse00_seed1,247,0.051092707087934654,17.387651907191508,17.438744614279443,765.6667788935905,5.329070518200751e-15,783.10552350787,16.451867,765.420568,0.0,781.872435
2026-07-16_ttft_component_regression/phase1/input6000_rate3p33_reuse00_seed1,280,1.112879205637751,21.438166913292644,22.551046118930394,765.6667788935905,0.622677772606183,788.840502785127,3.655247,735.455093,0.619393,739.729733
2026-07-16_ttft_component_regression/phase1/input6000_rate3p33_reuse00_seed1,292,1.2374453204356217,23.716510797755447,24.95395611819107,765.6667788935905,0.622677772606183,791.2434127843877,6.178718,722.365308,0.619393,729.163419
2026-07-16_ttft_component_regression/phase1/input6000_rate3p33_reuse00_seed1,35,0.018194437112068952,6.949636785104939,6.967831222217008,765.6667788935905,5.329070518200751e-15,772.6346101158075,13.648895,693.948268,0.0,707.597163
2026-07-16_ttft_component_regression/phase1/input6000_rate3p33_reuse00_seed1,40,0.0,12.224872308414724,12.224872308414724,765.6667788935905,5.329070518200751e-15,777.8916512020053,7.29089,699.696954,0.0,706.987844
2026-07-16_ttft_component_regression/phase1/input6000_rate3p33_reuse00_seed1,46,0.0,11.874424381203543,11.874424381203543,765.6667788935905,5.329070518200751e-15,777.541203274794,7.954116,705.677452,0.0,713.631568
2026-07-16_ttft_component_regression/phase1/input6000_rate3p33_reuse00_seed1,30,0.0,0.18726286671349643,0.18726286671349643,765.6667788935905,5.329070518200751e-15,765.854041760304,0.021093,676.342498,0.0,676.363591
2026-07-16_ttft_component_regression/phase1/input6000_rate3p33_reuse00_seed1,64,0.04345749850769835,14.370290062649547,14.413747561157246,765.6667788935905,5.329070518200751e-15,780.0805264547478,410.91791,991.367235,0.0,1402.285145
2026-07-16_ttft_component_regression/phase1/input6000_rate3p33_reuse00_seed1,63,0.014562263729997965,12.065435634399835,12.079997898129832,765.6667788935905,5.329070518200751e-15,777.7467767917203,11.684401,723.674968,0.0,735.359369
2026-07-16_ttft_component_regression/phase1/input6000_rate3p33_reuse00_seed1,82,0.0,18.603266111095234,18.603266111095234,765.6667788935905,5.329070518200751e-15,784.2700450046857,17.553934,729.678946,0.0,747.23288
2026-07-16_ttft_component_regression/phase1/input6000_rate3p33_reuse00_seed1,67,0.0,232.86295205473513,232.86295205473513,765.6667788935905,5.329070518200751e-15,998.5297309483257,961.527046,960.89569,0.0,1922.422736
2026-07-16_ttft_component_regression/phase1/input6000_rate3p33_reuse00_seed1,110,0.0,17.276873685332085,17.276873685332085,765.6667788935905,5.329070518200751e-15,782.9436525789226,197.781586,1015.754964,0.0,1213.53655
2026-07-16_ttft_component_regression/phase1/input6000_rate3p33_reuse00_seed1,108,1.2519084164398235,21.57171378354034,22.823622199980164,765.6667788935905,0.622677772606183,789.1130788661768,15.714096000000001,736.03507,0.619393,752.368559
2026-07-16_ttft_component_regression/phase1/input6000_rate3p33_reuse00_seed1,94,0.0,18.611050849264718,18.611050849264718,765.6667788935905,5.329070518200751e-15,784.2778297428553,9.400152,730.33741,0.0,739.737562
2026-07-16_ttft_component_regression/phase1/input6000_rate3p33_reuse00_seed1,104,1.2538356174059049,23.155385783259977,24.40922140066588,765.6667788935905,0.622677772606183,790.6986780668625,8.234706000000001,730.587714,0.619393,739.441813
2026-07-16_ttft_component_regression/phase1/input6000_rate3p33_reuse00_seed1,115,0.0,16.62641467874379,16.62641467874379,765.6667788935905,5.329070518200751e-15,782.2931935723343,191.383029,993.806444,0.0,1185.189473
2026-07-16_ttft_component_regression/phase1/input6000_rate3p33_reuse00_seed1,126,1.146484236338306,23.056477127438736,24.202961363777042,765.6667788935905,0.622677772606183,790.4924180299737,21.258515000000003,752.411903,0.619393,774.289811
2026-07-16_ttft_component_regression/phase1/input6000_rate3p33_reuse00_seed1,129,0.46155573660083055,20.59155071348446,21.053106450085288,765.6667788935905,5.329070518200751e-15,786.7198853436757,93.879031,760.473987,0.0,854.353018
2026-07-16_ttft_component_regression/phase1/input6000_rate3p33_reuse00_seed1,148,3941.375009243283,21.90545501513383,3963.2804642584165,765.6667788935905,0.622677772606183,4729.569920924613,4215.431555,766.41874,0.619393,4982.469688
2026-07-16_ttft_component_regression/phase1/input6000_rate3p33_reuse00_seed1,127,0.4602580025908409,20.585956291236432,21.046214293827273,765.6667788935905,5.329070518200751e-15,786.7129931874177,1.893876,764.532976,0.0,766.426852
2026-07-16_ttft_component_regression/phase1/input6000_rate3p33_reuse00_seed1,143,3656.298673437779,21.5061653307136,3677.8048387684926,765.6667788935905,5.329070518200751e-15,4443.471617662083,2479.8107729999997,762.057588,0.0,3241.868361
2026-07-16_ttft_component_regression/phase1/input6000_rate3p33_reuse00_seed1,139,4415.419364322773,21.54318667767093,4436.962551000443,765.6667788935905,0.622677772606183,5203.25200766664,3867.146412,769.679613,0.619393,4637.445418
2026-07-16_ttft_component_regression/phase1/input6000_rate3p33_reuse00_seed1,203,0.11506235070354844,13.852722201502711,13.96778455220626,765.6667788935905,5.329070518200751e-15,779.6345634457967,8.049903,731.226831,0.0,739.276734
2026-07-16_ttft_component_regression/phase1/input6000_rate3p33_reuse00_seed1,216,0.0,17.83741194421919,17.83741194421919,765.6667788935905,5.329070518200751e-15,783.5041908378097,444.493245,990.360591,0.0,1434.853836
2026-07-16_ttft_component_regression/phase1/input6000_rate3p33_reuse00_seed1,224,1.2149887532955972,21.54318667767093,22.758175430966528,765.6667788935905,0.622677772606183,789.0476320971632,25.568618,746.047136,0.619393,772.235147
2026-07-16_ttft_component_regression/phase1/input6000_rate3p33_reuse00_seed1,208,1.3848302234718537,23.868847824499163,25.253678047971018,765.6667788935905,0.622677772606183,791.5431347141676,17.028544,734.007535,0.619393,751.655472
2026-07-16_ttft_component_regression/phase1/input6000_rate3p33_reuse00_seed1,215,0.05691939908907129,16.39650543295302,16.453424832042092,765.6667788935905,5.329070518200751e-15,782.1202037256326,15.56148,750.207524,0.0,765.769004
2026-07-16_ttft_component_regression/phase1/input6000_rate3p33_reuse00_seed1,226,0.0735912606358048,17.548548384593264,17.62213964522907,765.6667788935905,5.329070518200751e-15,783.2889185388195,216.271032,750.823886,0.0,967.094918
2026-07-16_ttft_component_regression/phase1/input6000_rate3p33_reuse00_seed1,256,1.1030748854849972,21.426033972099415,22.52910885758441,765.6667788935905,0.622677772606183,788.8185655237811,881.7042260000001,1018.450564,0.619393,1900.774183
2026-07-16_ttft_component_regression/phase1/input6000_rate3p33_reuse00_seed1,252,0.0,15.817956913646153,15.817956913646153,765.6667788935905,5.329070518200751e-15,781.4847358072367,2.686219,739.905783,0.0,742.592002
2026-07-16_ttft_component_regression/phase1/input6000_rate3p33_reuse00_seed1,254,0.0,16.077501800441443,16.077501800441443,765.6667788935905,5.329070518200751e-15,781.744280694032,95.453557,750.791085,0.0,846.244642
2026-07-16_ttft_component_regression/phase1/input6000_rate3p33_reuse00_seed1,261,0.43339338353068463,20.46786987600926,20.901263259539945,765.6667788935905,5.329070518200751e-15,786.5680421531305,36.297247,762.718717,0.0,799.015964
2026-07-16_ttft_component_regression/phase1/input6000_rate3p33_reuse00_seed1,255,1.1168114926550723,21.442931192193512,22.559742684848583,765.6667788935905,0.622677772606183,788.8491993510453,484.900913,1026.132641,0.619393,1511.652947
2026-07-16_ttft_component_regression/phase1/input6000_rate3p33_reuse00_seed1,277,0.4349997923684938,19.046788966316033,19.481788758684527,765.6667788935905,5.329070518200751e-15,785.148567652275,12.64344,770.863708,0.0,783.507148
2026-07-16_ttft_component_regression/phase1/input6000_rate3p33_reuse00_seed1,286,0.43878985489634037,19.062645915361504,19.501435770257846,765.6667788935905,5.329070518200751e-15,785.1682146638484,4.270845,772.046043,0.0,776.316888
2026-07-16_ttft_component_regression/phase1/input6000_rate3p33_reuse00_seed1,298,0.05494757278305533,17.41561371175346,17.470561284536515,765.6667788935905,5.329070518200751e-15,783.137340178127,17.806585,752.963888,0.0,770.770473
2026-07-16_ttft_component_regression/phase1/input6000_rate3p33_reuse00_seed1,2,0.0,0.14797139029773884,0.14797139029773884,765.6667788935905,5.329070518200751e-15,765.8147502838882,0.201515,676.342498,0.0,676.544013
2026-07-16_ttft_component_regression/phase1/input6000_rate3p33_reuse00_seed1,10,0.01910035783094448,6.9041346869702584,6.923235044801203,765.6667788935905,5.329070518200751e-15,772.5900139383917,8.146827,694.182924,0.0,702.329751
2026-07-16_ttft_component_regression/phase1/input6000_rate3p33_reuse00_seed1,13,0.0,12.274404508743977,12.274404508743977,765.6667788935905,5.329070518200751e-15,777.9411834023344,14.647212,699.909658,0.0,714.55687
2026-07-16_ttft_component_regression/phase1/input6000_rate3p33_reuse00_seed1,71,0.018570688005160686,6.388648672810477,6.407219360815638,765.6667788935905,5.329070518200751e-15,772.0739982544061,12.822495,694.076268,0.0,706.898763
2026-07-16_ttft_component_regression/phase1/input6000_rate3p33_reuse00_seed1,69,0.0,0.09214641275751848,0.09214641275751848,765.6667788935905,5.329070518200751e-15,765.758925306348,0.02689,676.342498,0.0,676.369388
2026-07-16_ttft_component_regression/phase1/input6000_rate3p33_reuse00_seed1,98,0.0,12.207161359258182,12.207161359258182,765.6667788935905,5.329070518200751e-15,777.8739402528487,0.975081,700.817274,0.0,701.792355
2026-07-16_ttft_component_regression/phase1/input6000_rate3p33_reuse00_seed1,118,0.01838842690235343,6.397067265629831,6.415455692532184,765.6667788935905,5.329070518200751e-15,772.0822345861227,11.024509,694.884652,0.0,705.909161
2026-07-16_ttft_component_regression/phase1/input6000_rate3p33_reuse00_seed1,124,0.0,11.334864436098103,11.334864436098103,765.6667788935905,5.329070518200751e-15,777.0016433296886,18.82378,700.369978,0.0,719.193758
2026-07-16_ttft_component_regression/phase1/input6000_rate3p33_reuse00_seed1,135,0.01904653779122864,10.380077643271655,10.399124181062882,765.6667788935905,5.329070518200751e-15,776.0659030746534,361.666546,953.86098,0.0,1315.527526
2026-07-16_ttft_component_regression/phase1/input6000_rate3p33_reuse00_seed1,134,0.0,10.23264284011698,10.23264284011698,765.6667788935905,5.329070518200751e-15,775.8994217337075,11.357638,719.629679,0.0,730.987317
2026-07-16_ttft_component_regression/phase1/input6000_rate3p33_reuse00_seed1,147,0.06965082041110486,12.679588787001451,12.749239607412557,765.6667788935905,5.329070518200751e-15,778.416018501003,17.091402,717.134642,0.0,734.226044
2026-07-16_ttft_component_regression/phase1/input6000_rate3p33_reuse00_seed1,199,0.06968740836232229,12.64361462163052,12.713302029992843,765.6667788935905,5.329070518200751e-15,778.3800809235834,173.194381,731.237886,0.0,904.432267
2026-07-16_ttft_component_regression/phase1/input6000_rate3p33_reuse00_seed1,198,0.04066278988977362,10.60945214726642,10.650114937156195,765.6667788935905,5.329070518200751e-15,776.3168938307467,4.370259,731.288852,0.0,735.659111
2026-07-16_ttft_component_regression/phase1/input6000_rate3p33_reuse00_seed1,206,0.11516189099297262,13.755322768041843,13.870484659034815,765.6667788935905,5.329070518200751e-15,779.5372635526253,12.856052,727.551141,0.0,740.407193
2026-07-16_ttft_component_regression/phase1/input6000_rate3p33_reuse00_seed1,189,0.0853763065996131,11.60120593619253,11.686582242792143,765.6667788935905,5.329070518200751e-15,777.3533611363827,11.407008,725.789206,0.0,737.196214
2026-07-16_ttft_component_regression/phase1/input6000_rate3p33_reuse00_seed1,221,0.03747796889359689,10.465058378281686,10.502536347175283,765.6667788935905,5.329070518200751e-15,776.1693152407657,19.37545,725.742468,0.0,745.117918
2026-07-16_ttft_component_regression/phase1/input6000_rate3p33_reuse00_seed1,229,0.0012545230747507637,14.689155340938319,14.69040986401307,765.6667788935905,5.329070518200751e-15,780.3571887576036,10.032694,733.420381,0.0,743.453075
2026-07-16_ttft_component_regression/phase1/input6000_rate3p33_reuse00_seed1,222,0.06970511597263276,12.571266766375402,12.640971882348035,765.6667788935905,5.329070518200751e-15,778.3077507759385,18.792498,724.60501,0.0,743.397508
2026-07-16_ttft_component_regression/phase1/input6000_rate3p33_reuse00_seed1,243,1.1966972302920023,21.52720944906201,22.723906679354013,765.6667788935905,0.622677772606183,789.0133633455507,155.341551,1004.430933,0.619393,1160.391877
2026-07-16_ttft_component_regression/phase1/input6000_rate3p33_reuse00_seed1,250,1.1966340184191742,23.108356290113147,24.30499030853232,765.6667788935905,0.622677772606183,790.594446974729,15.894375,755.378822,0.619393,771.89259
2026-07-16_ttft_component_regression/phase1/input6000_rate3p33_reuse00_seed1,257,0.05330131356877814,18.725371981572728,18.778673295141505,765.6667788935905,5.329070518200751e-15,784.445452188732,3.028276,755.802627,0.0,758.830903
2026-07-16_ttft_component_regression/phase1/input6000_rate3p33_reuse00_seed1,253,0.4359200923270686,20.479162843962452,20.915082936289522,765.6667788935905,5.329070518200751e-15,786.58186182988,58.885196,770.261545,0.0,829.146741
2026-07-16_ttft_component_regression/phase1/input6000_rate3p33_reuse00_seed1,242,0.0,16.075590310305554,16.075590310305554,765.6667788935905,5.329070518200751e-15,781.742369203896,20.568876,750.819795,0.0,771.388671
2026-07-16_ttft_component_regression/phase1/input6000_rate3p33_reuse00_seed1,276,0.0,16.924289017677133,16.924289017677133,765.6667788935905,5.329070518200751e-15,782.5910679112676,22.281013,743.453443,0.0,765.734456
2026-07-16_ttft_component_regression/phase1/input6000_rate3p33_reuse00_seed1,293,0.0,18.413381475923348,18.413381475923348,765.6667788935905,5.329070518200751e-15,784.0801603695138,5.329445,744.267775,0.0,749.59722
2026-07-16_ttft_component_regression/phase1/input6000_rate3p33_reuse00_seed1,299,0.0,16.628166202206163,16.628166202206163,765.6667788935905,5.329070518200751e-15,782.2949450957967,12.269634,741.91296,0.0,754.182594
2026-07-16_ttft_component_regression/phase1/input6000_rate3p33_reuse00_seed1,24,0.0,0.14797139029773884,0.14797139029773884,765.6667788935905,5.329070518200751e-15,765.8147502838882,0.013245,676.342498,0.0,676.355743
2026-07-16_ttft_component_regression/phase1/input6000_rate3p33_reuse00_seed1,54,0.0,0.18465148879841933,0.18465148879841933,765.6667788935905,5.329070518200751e-15,765.8514303823889,0.009401,676.342498,0.0,676.351899
2026-07-16_ttft_component_regression/phase1/input6000_rate3p33_reuse00_seed1,72,0.018265164839062,6.40257303785902,6.420838202698082,765.6667788935905,5.329070518200751e-15,772.0876170962886,7.675104,694.664524,0.0,702.339628
2026-07-16_ttft_component_regression/phase1/input6000_rate3p33_reuse00_seed1,96,0.0,12.182381944682101,12.182381944682101,765.6667788935905,5.329070518200751e-15,777.8491608382726,15.168251,701.053626,0.0,716.221877
2026-07-16_ttft_component_regression/phase1/input6000_rate3p33_reuse00_seed1,102,0.0,11.044070946321453,11.044070946321453,765.6667788935905,5.329070518200751e-15,776.7108498399119,2.286077,706.671148,0.0,708.957225
2026-07-16_ttft_component_regression/phase1/input6000_rate3p33_reuse00_seed1,116,0.0,11.2853541323554,11.2853541323554,765.6667788935905,5.329070518200751e-15,776.952133025946,13.72958,700.200122,0.0,713.929702
2026-07-16_ttft_component_regression/phase1/input6000_rate3p33_reuse00_seed1,128,0.0,11.023905979259217,11.023905979259217,765.6667788935905,5.329070518200751e-15,776.6906848728497,10.746681,719.864655,0.0,730.611336
2026-07-16_ttft_component_regression/phase1/input6000_rate3p33_reuse00_seed1,153,0.0,253.94480673808994,253.94480673808994,765.6667788935905,5.329070518200751e-15,1019.6115856316804,821.612051,983.872905,0.0,1805.484956
2026-07-16_ttft_component_regression/phase1/input6000_rate3p33_reuse00_seed1,138,0.048064410700630306,12.493890094790762,12.541954505491393,765.6667788935905,5.329070518200751e-15,778.2087333990819,3.962464,717.296498,0.0,721.258962
2026-07-16_ttft_component_regression/phase1/input6000_rate3p33_reuse00_seed1,150,0.016663744281856983,15.024669295770645,15.041333040052502,765.6667788935905,5.329070518200751e-15,780.708111933643,1.633644,735.784158,0.0,737.417802
2026-07-16_ttft_component_regression/phase1/input6000_rate3p33_reuse00_seed1,151,0.0,16.383715679898756,16.383715679898756,765.6667788935905,5.329070518200751e-15,782.0504945734892,206.843315,1005.311502,0.0,1212.154817
2026-07-16_ttft_component_regression/phase1/input6000_rate3p33_reuse00_seed1,130,0.020878110871405762,10.465779097342415,10.48665720821382,765.6667788935905,5.329070518200751e-15,776.1534361018043,277.340986,954.12786,0.0,1231.468846
2026-07-16_ttft_component_regression/phase1/input6000_rate3p33_reuse00_seed1,184,0.12860082625384536,19.34310308933575,19.471703915589593,765.6667788935905,5.329070518200751e-15,785.1384828091801,7.314134,750.623593,0.0,757.937727
2026-07-16_ttft_component_regression/phase1/input6000_rate3p33_reuse00_seed1,201,1.227339906677152,21.903494801714615,23.130834708391767,765.6667788935905,0.622677772606183,789.4202913745884,270.324928,1030.034698,0.619393,1300.979019
2026-07-16_ttft_component_regression/phase1/input6000_rate3p33_reuse00_seed1,200,0.0839402891084798,17.78684545702746,17.87078574613594,765.6667788935905,5.329070518200751e-15,783.5375646397265,15.554652,773.043963,0.0,788.598615
2026-07-16_ttft_component_regression/phase1/input6000_rate3p33_reuse00_seed1,188,1.3348946657661787,23.82598681044969,25.16088147621587,765.6667788935905,0.622677772606183,791.4503381424125,31.969276,753.917046,0.619393,786.505715
2026-07-16_ttft_component_regression/phase1/input6000_rate3p33_reuse00_seed1,190,0.12930259632749874,19.348311017087116,19.477613613414615,765.6667788935905,5.329070518200751e-15,785.1443925070051,24.998751,766.284206,0.0,791.282957
2026-07-16_ttft_component_regression/phase1/input6000_rate3p33_reuse00_seed1,204,6205.206683995097,23.837956034436868,6229.044640029533,765.6667788935905,0.622677772606183,6995.334096695729,4486.233302,760.993529,0.619393,5247.846224
2026-07-16_ttft_component_regression/phase1/input6000_rate3p33_reuse00_seed1,228,0.08121260240786152,17.60182770170831,17.683040304116172,765.6667788935905,5.329070518200751e-15,783.3498191977067,7.859116,755.395636,0.0,763.254752
2026-07-16_ttft_component_regression/phase1/input6000_rate3p33_reuse00_seed1,259,0.01828966056577746,11.376681739377116,11.394971399942893,765.6667788935905,5.329070518200751e-15,777.0617502935334,10.475413,716.478642,0.0,726.954055
2026-07-16_ttft_component_regression/phase1/input6000_rate3p33_reuse00_seed1,269,0.04287003472508342,10.71388178096139,10.756751815686474,765.6667788935905,5.329070518200751e-15,776.423530709277,86.114101,729.501814,0.0,815.615915
2026-07-16_ttft_component_regression/phase1/input6000_rate3p33_reuse00_seed1,281,0.0,14.777056702376239,14.777056702376239,765.6667788935905,5.329070518200751e-15,780.4438355959668,119.594854,730.377122,0.0,849.971976
2026-07-16_ttft_component_regression/phase1/input6000_rate3p33_reuse00_seed1,278,0.06942748092325009,12.786623194743017,12.856050675666268,765.6667788935905,5.329070518200751e-15,778.5228295692568,1.411612,732.78087,0.0,734.192482
2026-07-16_ttft_component_regression/phase1/input6000_rate3p33_reuse00_seed1,285,1.2729534188013731,21.943372072545326,23.216325491346698,765.6667788935905,0.622677772606183,789.5057821575433,27.395466000000003,739.15149,0.619393,767.166349
2026-07-16_ttft_component_regression/phase1/input6000_rate3p33_reuse00_seed1,267,0.0,10.469732427128859,10.469732427128859,765.6667788935905,5.329070518200751e-15,776.1365113207194,5.055994,722.880328,0.0,727.936322
2026-07-16_ttft_component_regression/phase1/input6000_rate3p33_reuse00_seed1,297,0.0,16.65342087136256,16.65342087136256,765.6667788935905,5.329070518200751e-15,782.320199764953,6.283235,747.540136,0.0,753.823371
2026-07-16_ttft_component_regression/phase1/input6000_rate3p33_reuse00_seed1,3,0.0,0.15322388756973096,0.15322388756973096,765.6667788935905,5.329070518200751e-15,765.8200027811603,0.327114,689.692786,0.0,690.0199
2026-07-16_ttft_component_regression/phase1/input6000_rate3p33_reuse00_seed1,6,0.01910035783094448,6.9041346869702584,6.923235044801203,765.6667788935905,5.329070518200751e-15,772.5900139383917,32.862248,927.033461,0.0,959.895709
2026-07-16_ttft_component_regression/phase1/input6000_rate3p33_reuse00_seed1,12,0.0,12.263806079263023,12.263806079263023,765.6667788935905,5.329070518200751e-15,777.9305849728536,9.168882,699.77529,0.0,708.944172
2026-07-16_ttft_component_regression/phase1/input6000_rate3p33_reuse00_seed1,17,0.0,11.850966686064591,11.850966686064591,765.6667788935905,5.329070518200751e-15,777.5177455796551,0.958041,705.955564,0.0,706.913605
2026-07-16_ttft_component_regression/phase1/input6000_rate3p33_reuse00_seed1,22,0.013298485412331485,11.998825197102354,12.012123682514686,765.6667788935905,5.329070518200751e-15,777.6789025761052,16.643434,710.228142,0.0,726.871576
2026-07-16_ttft_component_regression/phase1/input6000_rate3p33_reuse00_seed1,41,0.0,11.894237147207582,11.894237147207582,765.6667788935905,5.329070518200751e-15,777.5610160407981,6.048069,706.835724,0.0,712.883793
2026-07-16_ttft_component_regression/phase1/input6000_rate3p33_reuse00_seed1,60,0.0,12.185919692450925,12.185919692450925,765.6667788935905,5.329070518200751e-15,777.8526985860415,9.351936,700.779962,0.0,710.131898
2026-07-16_ttft_component_regression/phase1/input6000_rate3p33_reuse00_seed1,76,0.0,11.014351628552475,11.014351628552475,765.6667788935905,5.329070518200751e-15,776.681130522143,17.66706,706.932204,0.0,724.599264
2026-07-16_ttft_component_regression/phase1/input6000_rate3p33_reuse00_seed1,87,0.0,17.085245182324208,17.085245182324208,765.6667788935905,5.329070518200751e-15,782.7520240759147,220.357404,970.578556,0.0,1190.93596
2026-07-16_ttft_component_regression/phase1/input6000_rate3p33_reuse00_seed1,93,0.0,17.044103393040036,17.044103393040036,765.6667788935905,5.329070518200751e-15,782.7108822866305,17.186317,731.341006,0.0,748.527323
2026-07-16_ttft_component_regression/phase1/input6000_rate3p33_reuse00_seed1,97,0.0,18.596760433703576,18.596760433703576,765.6667788935905,5.329070518200751e-15,784.2635393272941,10.678376,749.000651,0.0,759.679027
2026-07-16_ttft_component_regression/phase1/input6000_rate3p33_reuse00_seed1,84,0.043255865438795546,14.525264712686981,14.568520578125776,765.6667788935905,5.329070518200751e-15,780.2352994717163,156.241286,730.477193,0.0,886.718479
2026-07-16_ttft_component_regression/phase1/input6000_rate3p33_reuse00_seed1,83,0.01570348418516041,12.126759917662017,12.142463401847177,765.6667788935905,5.329070518200751e-15,777.8092422954377,6.830604,711.033742,0.0,717.864346
2026-07-16_ttft_component_regression/phase1/input6000_rate3p33_reuse00_seed1,125,0.0,17.25632977387672,17.25632977387672,765.6667788935905,5.329070518200751e-15,782.9231086674672,204.547174,741.040897,0.0,945.588071
2026-07-16_ttft_component_regression/phase1/input6000_rate3p33_reuse00_seed1,123,0.0,15.77779062386246,15.77779062386246,765.6667788935905,5.329070518200751e-15,781.4445695174529,16.115245,743.194939,0.0,759.310184
2026-07-16_ttft_component_regression/phase1/input6000_rate3p33_reuse00_seed1,142,0.0018751870628876137,14.68094968292431,14.682824869987197,765.6667788935905,5.329070518200751e-15,780.3496037635776,2.151394,741.186268,0.0,743.337662
2026-07-16_ttft_component_regression/phase1/input6000_rate3p33_reuse00_seed1,152,0.022013629350712167,14.957799132303256,14.979812761653967,765.6667788935905,5.329070518200751e-15,780.6465916552445,8.25569,733.960396,0.0,742.216086
2026-07-16_ttft_component_regression/phase1/input6000_rate3p33_reuse00_seed1,162,0.0,15.77779062386246,15.77779062386246,765.6667788935905,5.329070518200751e-15,781.4445695174529,20.439333,733.285125,0.0,753.724458
2026-07-16_ttft_component_regression/phase1/input6000_rate3p33_reuse00_seed1,167,0.0,16.067140805223264,16.067140805223264,765.6667788935905,5.329070518200751e-15,781.7339196988138,6.81491,740.77559,0.0,747.5905
2026-07-16_ttft_component_regression/phase1/input6000_rate3p33_reuse00_seed1,213,1.270964359934955,23.75806238053966,25.029026740474613,765.6667788935905,0.622677772606183,791.3184834066712,16.214987999999998,723.14124,0.619393,739.975621
2026-07-16_ttft_component_regression/phase1/input6000_rate3p33_reuse00_seed1,207,1.3006254109576965,23.79141287822247,25.092038289180167,765.6667788935905,0.622677772606183,791.3814949553769,21.324572,722.312265,0.619393,744.25623
2026-07-16_ttft_component_regression/phase1/input6000_rate3p33_reuse00_seed1,209,0.039079617658014515,11.37988573416449,11.418965351822505,765.6667788935905,5.329070518200751e-15,777.085744245413,2.815553,725.126973,0.0,727.942526
2026-07-16_ttft_component_regression/phase1/input6000_rate3p33_reuse00_seed1,220,0.04101341259130493,10.625790090690295,10.6668035032816,765.6667788935905,5.329070518200751e-15,776.3335823968721,6.834307,713.969748,0.0,720.804055
2026-07-16_ttft_component_regression/phase1/input6000_rate3p33_reuse00_seed1,239,0.0,14.791619275230701,14.791619275230701,765.6667788935905,5.329070518200751e-15,780.4583981688212,262.618227,979.343426,0.0,1241.961653
2026-07-16_ttft_component_regression/phase1/input6000_rate3p33_reuse00_seed1,225,0.02155930849216728,10.498325892793947,10.519885201286113,765.6667788935905,5.329070518200751e-15,776.1866640948766,9.958357,720.258456,0.0,730.216813
2026-07-16_ttft_component_regression/phase1/input6000_rate3p33_reuse00_seed1,237,0.042922025209345106,13.547110439780136,13.59003246498948,765.6667788935905,5.329070518200751e-15,779.25681135858,12.947386,735.332985,0.0,748.280371
2026-07-16_ttft_component_regression/phase1/input6000_rate3p33_reuse00_seed1,273,0.0,16.100729327457554,16.100729327457554,765.6667788935905,5.329070518200751e-15,781.767508221048,2.427943,756.936755,0.0,759.364698
2026-07-16_ttft_component_regression/phase1/input6000_rate3p33_reuse00_seed1,249,0.0,16.101911987183428,16.101911987183428,765.6667788935905,5.329070518200751e-15,781.7686908807739,15.033481,738.201354,0.0,753.234835
2026-07-16_ttft_component_regression/phase1/input6000_rate3p33_reuse00_seed1,279,0.10771626365031933,17.953441808371604,18.061158072021925,765.6667788935905,5.329070518200751e-15,783.7279369656125,171.366013,755.029983,0.0,926.395996
2026-07-16_ttft_component_regression/phase1/input6000_rate3p33_reuse00_seed1,282,0.5164153516768367,19.3698934156272,19.886308767304037,765.6667788935905,5.329070518200751e-15,785.5530876608946,14.664839,774.061282,0.0,788.726121
2026-07-16_ttft_component_regression/phase1/input6000_rate3p33_reuse00_seed1,274,0.0,16.69597820620911,16.69597820620911,765.6667788935905,5.329070518200751e-15,782.3627570997996,451.171002,1005.502614,0.0,1456.673616
2026-07-16_ttft_component_regression/phase1/input6000_rate3p33_reuse00_seed1,0,0.0,0.16895763613015174,0.16895763613015174,765.6667788935905,5.329070518200751e-15,765.8357365297206,0.0,676.342498,0.0,676.342498
2026-07-16_ttft_component_regression/phase1/input6000_rate3p33_reuse00_seed1,8,0.018003827285961307,6.95812069611473,6.976124523400692,765.6667788935905,5.329070518200751e-15,772.6429034169912,5.068858,693.993324,0.0,699.062182
2026-07-16_ttft_component_regression/phase1/input6000_rate3p33_reuse00_seed1,32,0.0,12.203619742567039,12.203619742567039,765.6667788935905,5.329070518200751e-15,777.8703986361576,19.070525,701.455802,0.0,720.526327
2026-07-16_ttft_component_regression/phase1/input6000_rate3p33_reuse00_seed1,57,0.0433346408525378,14.485073741294265,14.528408382146802,765.6667788935905,5.329070518200751e-15,780.1951872757373,3.307164,716.41285,0.0,719.720014
2026-07-16_ttft_component_regression/phase1/input6000_rate3p33_reuse00_seed1,39,0.0,12.196537834585357,12.196537834585357,765.6667788935905,5.329070518200751e-15,777.8633167281758,11.020187,700.742394,0.0,711.762581
2026-07-16_ttft_component_regression/phase1/input6000_rate3p33_reuse00_seed1,43,0.0,11.909010044546948,11.909010044546948,765.6667788935905,5.329070518200751e-15,777.5757889381374,19.468382,719.646671,0.0,739.115053
2026-07-16_ttft_component_regression/phase1/input6000_rate3p33_reuse00_seed1,44,0.01672347866334897,12.182562603285904,12.199286081949253,765.6667788935905,5.329070518200751e-15,777.8660649755398,388.560098,953.885108,0.0,1342.445206
2026-07-16_ttft_component_regression/phase1/input6000_rate3p33_reuse00_seed1,50,0.043102349186552986,14.585208953102148,14.6283113022887,765.6667788935905,5.329070518200751e-15,780.2950901958792,10.513498,717.071602,0.0,727.5851
2026-07-16_ttft_component_regression/phase1/input6000_rate3p33_reuse00_seed1,78,0.0,15.845607558510215,15.845607558510215,765.6667788935905,5.329070518200751e-15,781.5123864521007,14.852187,723.70897,0.0,738.561157
2026-07-16_ttft_component_regression/phase1/input6000_rate3p33_reuse00_seed1,137,0.00038800568831019304,0.0,0.00038800568831019304,765.6667788935905,5.329070518200751e-15,765.6671668992789,0.012868,676.342498,0.0,676.355366
2026-07-16_ttft_component_regression/phase1/input6000_rate3p33_reuse00_seed1,140,0.024061472910199846,5.870636789663656,5.894698262573856,765.6667788935905,5.329070518200751e-15,771.5614771561644,7.168448,694.00718,0.0,701.175628
2026-07-16_ttft_component_regression/phase1/input6000_rate3p33_reuse00_seed1,171,0.0,10.54283672845792,10.54283672845792,765.6667788935905,5.329070518200751e-15,776.2096156220484,17.414605,710.807004,0.0,728.221609
2026-07-16_ttft_component_regression/phase1/input6000_rate3p33_reuse00_seed1,202,0.03985372008102362,11.402180747564161,11.442034467645184,765.6667788935905,5.329070518200751e-15,777.1088133612357,9.544763,722.343809,0.0,731.888572
2026-07-16_ttft_component_regression/phase1/input6000_rate3p33_reuse00_seed1,186,0.03880792098352336,11.372215491580882,11.411023412564404,765.6667788935905,5.329070518200751e-15,777.0778023061549,16.757681,721.747014,0.0,738.504695
2026-07-16_ttft_component_regression/phase1/input6000_rate3p33_reuse00_seed1,194,0.04484048693780689,11.633406432116042,11.678246919053848,765.6667788935905,5.329070518200751e-15,777.3450258126444,4.737661,720.168954,0.0,724.906615
2026-07-16_ttft_component_regression/phase1/input6000_rate3p33_reuse00_seed1,234,0.0,10.24533156226492,10.24533156226492,765.6667788935905,5.329070518200751e-15,775.9121104558554,19.31917,713.813976,0.0,733.133146
2026-07-16_ttft_component_regression/phase1/input6000_rate3p33_reuse00_seed1,240,0.016154480349929088,11.265634061424189,11.281788541774118,765.6667788935905,5.329070518200751e-15,776.9485674353646,20.635627,728.626736,0.0,749.262363
2026-07-16_ttft_component_regression/phase1/input6000_rate3p33_reuse00_seed1,296,0.0,14.734264109397921,14.734264109397921,765.6667788935905,5.329070518200751e-15,780.4010430029884,73.269111,976.004424,0.0,1049.273535
2026-07-16_ttft_component_regression/phase1/input6000_rate3p33_reuse00_seed1,294,0.0696059913779706,12.709458315494992,12.779064306872963,765.6667788935905,5.329070518200751e-15,778.4458432004635,2.745398,1013.938016,0.0,1016.683414
2026-07-16_ttft_component_regression/phase1/input6000_rate3p33_reuse00_seed1,272,0.002421842740767522,10.667226102401177,10.669647945141945,765.6667788935905,5.329070518200751e-15,776.3364268387325,2.378132,712.069777,0.0,714.447909
2026-07-16_ttft_component_regression/phase1/input6000_rate3p33_reuse00_seed1,288,0.03978173641263817,11.400081495277535,11.439863231690174,765.6667788935905,5.329070518200751e-15,777.1066421252807,9.963651,725.690341,0.0,735.653992
2026-07-16_ttft_component_regression/phase1/input6000_rate3p33_reuse00_seed1,291,0.08610443102582477,11.636833299045099,11.722937730070925,765.6667788935905,5.329070518200751e-15,777.3897166236615,243.521396,745.002375,0.0,988.523771
2026-07-16_ttft_component_regression/phase1/input6000_rate3p33_reuse00_seed1,9,0.0,0.1505981037920055,0.1505981037920055,765.6667788935905,5.329070518200751e-15,765.8173769973826,0.023654,676.342498,0.0,676.366152
2026-07-16_ttft_component_regression/phase1/input6000_rate3p33_reuse00_seed1,15,0.01910035783094448,6.9041346869702584,6.923235044801203,765.6667788935905,5.329070518200751e-15,772.5900139383917,13.457007,694.523244,0.0,707.980251
2026-07-16_ttft_component_regression/phase1/input6000_rate3p33_reuse00_seed1,36,0.0,11.857905513408078,11.857905513408078,765.6667788935905,5.329070518200751e-15,777.5246844069986,266.825877,977.907775,0.0,1244.733652
2026-07-16_ttft_component_regression/phase1/input6000_rate3p33_reuse00_seed1,37,0.012027161009018137,11.933124443447548,11.945151604456566,765.6667788935905,5.329070518200751e-15,777.6119304980471,339.602328,945.375169,0.0,1284.977497
2026-07-16_ttft_component_regression/phase1/input6000_rate3p33_reuse00_seed1,51,0.04346373040489482,14.309026448329584,14.35249017873448,765.6667788935905,5.329070518200751e-15,780.019269072325,21.711471,716.96469,0.0,738.676161
2026-07-16_ttft_component_regression/phase1/input6000_rate3p33_reuse00_seed1,34,0.0,12.239038846501336,12.239038846501336,765.6667788935905,5.329070518200751e-15,777.9058177400918,6.994626,714.242406,0.0,721.237032
2026-07-16_ttft_component_regression/phase1/input6000_rate3p33_reuse00_seed1,45,0.013643956523715724,12.016902457074664,12.03054641359838,765.6667788935905,5.329070518200751e-15,777.6973253071889,13.82837,710.181038,0.0,724.009408
2026-07-16_ttft_component_regression/phase1/input6000_rate3p33_reuse00_seed1,75,0.0,17.26815162380351,17.26815162380351,765.6667788935905,5.329070518200751e-15,782.934930517394,4.924085,729.269698,0.0,734.193783
2026-07-16_ttft_component_regression/phase1/input6000_rate3p33_reuse00_seed1,56,0.0,17.035052628924138,17.035052628924138,765.6667788935905,5.329070518200751e-15,782.7018315225147,10.350455,723.31217,0.0,733.662625
2026-07-16_ttft_component_regression/phase1/input6000_rate3p33_reuse00_seed1,73,0.0,15.820760646373113,15.820760646373113,765.6667788935905,5.329070518200751e-15,781.4875395399636,12.588865,723.542378,0.0,736.131243
2026-07-16_ttft_component_regression/phase1/input6000_rate3p33_reuse00_seed1,92,0.04698544623224591,20.10630097459601,20.153286420828255,765.6667788935905,5.329070518200751e-15,785.8200653144188,1.629143,751.147306,0.0,752.776449
2026-07-16_ttft_component_regression/phase1/input6000_rate3p33_reuse00_seed1,91,0.0,19.20580648295563,19.20580648295563,765.6667788935905,5.329070518200751e-15,784.8725853765461,16.938114,735.565301,0.0,752.503415
2026-07-16_ttft_component_regression/phase1/input6000_rate3p33_reuse00_seed1,112,0.0,17.276211390823185,17.276211390823185,765.6667788935905,5.329070518200751e-15,782.9429902844137,336.62289,993.990934,0.0,1330.613824
2026-07-16_ttft_component_regression/phase1/input6000_rate3p33_reuse00_seed1,121,0.061994243515640944,20.23060576647887,20.292600009994512,765.6667788935905,5.329070518200751e-15,785.959378903585,20.484783,751.61826,0.0,772.103043
2026-07-16_ttft_component_regression/phase1/input6000_rate3p33_reuse00_seed1,145,0.06480078168482946,17.48633763400604,17.551138415690872,765.6667788935905,5.329070518200751e-15,783.2179173092813,23.370905,752.907189,0.0,776.278094
2026-07-16_ttft_component_regression/phase1/input6000_rate3p33_reuse00_seed1,111,0.0,15.856428936216613,15.856428936216613,765.6667788935905,5.329070518200751e-15,781.5232078298071,15.366271,750.59987,0.0,765.966141
2026-07-16_ttft_component_regression/phase1/input6000_rate3p33_reuse00_seed1,119,0.0,19.24577796614409,19.24577796614409,765.6667788935905,5.329070518200751e-15,784.9125568597347,14.510975,746.143768,0.0,760.654743
2026-07-16_ttft_component_regression/phase1/input6000_rate3p33_reuse00_seed1,156,0.0,16.080658229033812,16.080658229033812,765.6667788935905,5.329070518200751e-15,781.7474371226243,2.665819,752.513941,0.0,755.17976
2026-07-16_ttft_component_regression/phase1/input6000_rate3p33_reuse00_seed1,133,0.48412705532395134,19.246087899233245,19.730214954557198,765.6667788935905,5.329070518200751e-15,785.3969938481478,0.52241,757.592251,0.0,758.114661
2026-07-16_ttft_component_regression/phase1/input6000_rate3p33_reuse00_seed1,183,0.5118835050368788,19.585763218187765,20.097646723224642,765.6667788935905,5.329070518200751e-15,785.7644256168152,218.573055,760.586653,0.0,979.159708
2026-07-16_ttft_component_regression/phase1/input6000_rate3p33_reuse00_seed1,165,0.06882886079195051,17.51494668265011,17.58377554344206,765.6667788935905,5.329070518200751e-15,783.2505544370325,133.997953,757.645292,0.0,891.643245
2026-07-16_ttft_component_regression/phase1/input6000_rate3p33_reuse00_seed1,158,0.0,16.631689943753045,16.631689943753045,765.6667788935905,5.329070518200751e-15,782.2984688373435,203.571931,1006.040601,0.0,1209.612532
2026-07-16_ttft_component_regression/phase1/input6000_rate3p33_reuse00_seed1,178,0.09702484522041362,17.879244068058323,17.976268913278737,765.6667788935905,5.329070518200751e-15,783.6430478068693,2.412678,758.990788,0.0,761.403466
2026-07-16_ttft_component_regression/phase1/input6000_rate3p33_reuse00_seed1,192,2523.4224202981995,23.80700992857681,2547.2294302267765,765.6667788935905,5.329070518200751e-15,3312.896209120367,1366.828503,771.717669,0.0,2138.546172
2026-07-16_ttft_component_regression/phase1/input6000_rate3p33_reuse00_seed1,193,5827.745703197774,23.821875297957153,5851.567578495731,765.6667788935905,5.329070518200751e-15,6617.234357389321,3755.5888330000002,775.061218,0.0,4530.650051
2026-07-16_ttft_component_regression/phase1/input6000_rate3p33_reuse00_seed1,235,0.04795471003906865,12.54055262615089,12.588507336189958,765.6667788935905,5.329070518200751e-15,778.2552862297805,0.832647,735.418364,0.0,736.251011
2026-07-16_ttft_component_regression/phase1/input6000_rate3p33_reuse00_seed1,248,0.02019371417116559,10.433453318991022,10.453647033162188,765.6667788935905,5.329070518200751e-15,776.1204259267527,16.460704,722.699993,0.0,739.160697
2026-07-16_ttft_component_regression/phase1/input6000_rate3p33_reuse00_seed1,265,0.03972433567968182,10.56616750381446,10.605891839494141,765.6667788935905,5.329070518200751e-15,776.2726707330846,5.979768,731.014476,0.0,736.994244
2026-07-16_ttft_component_regression/phase1/input6000_rate3p33_reuse00_seed1,260,0.0,11.018130898614649,11.018130898614649,765.6667788935905,5.329070518200751e-15,776.6849097922052,4.637959,723.753038,0.0,728.390997
2026-07-16_ttft_component_regression/phase1/input6000_rate3p33_reuse00_seed1,290,0.06166969595283899,16.338425753397775,16.400095449350616,765.6667788935905,5.329070518200751e-15,782.0668743429411,20.023874,734.468395,0.0,754.492269
2026-07-16_ttft_component_regression/phase1/input6000_rate3p33_reuse00_seed1,271,0.06963446119521167,12.691548758501327,12.76118321969654,765.6667788935905,5.329070518200751e-15,778.4279621132871,5.0253,731.467308,0.0,736.492608
2026-07-16_ttft_component_regression/phase1/input6000_rate3p33_reuse00_seed1,284,0.06965082041110486,12.679588787001451,12.749239607412557,765.6667788935905,5.329070518200751e-15,778.416018501003,21.000471,731.269486,0.0,752.269957
2026-07-16_ttft_component_regression/phase1/input6000_rate3p33_reuse00_seed1,5,0.0,0.18726286671349643,0.18726286671349643,765.6667788935905,5.329070518200751e-15,765.854041760304,0.554672,676.342498,0.0,676.89717
2026-07-16_ttft_component_regression/phase1/input6000_rate3p33_reuse00_seed1,14,0.01806770503384312,6.9553153868332585,6.973383091867102,765.6667788935905,5.329070518200751e-15,772.6401619854576,11.013597,694.681324,0.0,705.694921
2026-07-16_ttft_component_regression/phase1/input6000_rate3p33_reuse00_seed1,25,0.0,11.906854343735041,11.906854343735041,765.6667788935905,5.329070518200751e-15,777.5736332373256,18.496072,706.127852,0.0,724.623924
2026-07-16_ttft_component_regression/phase1/input6000_rate3p33_reuse00_seed1,20,0.0,12.15412278039306,12.15412278039306,765.6667788935905,5.329070518200751e-15,777.8209016739836,16.672456,700.081274,0.0,716.75373
2026-07-16_ttft_component_regression/phase1/input6000_rate3p33_reuse00_seed1,28,0.01672347866334897,12.182562603285904,12.199286081949253,765.6667788935905,5.329070518200751e-15,777.8660649755398,18.217087,710.219534,0.0,728.436621
2026-07-16_ttft_component_regression/phase1/input6000_rate3p33_reuse00_seed1,52,0.0,17.110754741051274,17.110754741051274,765.6667788935905,5.329070518200751e-15,782.7775336346418,7.259283,736.60867,0.0,743.867953
2026-07-16_ttft_component_regression/phase1/input6000_rate3p33_reuse00_seed1,53,0.0,18.612448605004335,18.612448605004335,765.6667788935905,5.329070518200751e-15,784.2792274985949,337.532106,1006.346862,0.0,1343.878968
2026-07-16_ttft_component_regression/phase1/input6000_rate3p33_reuse00_seed1,55,0.0,286.79213487660985,286.79213487660985,765.6667788935905,5.329070518200751e-15,1052.4589137702003,907.177378,1016.518646,0.0,1923.696024
2026-07-16_ttft_component_regression/phase1/input6000_rate3p33_reuse00_seed1,59,0.06467851819008803,20.2525385352867,20.31721705347679,765.6667788935905,5.329070518200751e-15,785.9839959470673,456.230145,1029.671939,0.0,1485.902084
2026-07-16_ttft_component_regression/phase1/input6000_rate3p33_reuse00_seed1,49,0.04308264699451269,14.59184301676516,14.634925663759674,765.6667788935905,5.329070518200751e-15,780.3017045573501,9.16488,718.389554,0.0,727.554434
2026-07-16_ttft_component_regression/phase1/input6000_rate3p33_reuse00_seed1,65,0.48404531296888104,22.263406410603153,22.747451723572034,765.6667788935905,5.329070518200751e-15,788.4142306171625,314.080691,975.752159,0.0,1289.83285
2026-07-16_ttft_component_regression/phase1/input6000_rate3p33_reuse00_seed1,70,0.48404531296888104,22.263406410603153,22.747451723572034,765.6667788935905,5.329070518200751e-15,788.4142306171625,13.647139,753.222684,0.0,766.869823
2026-07-16_ttft_component_regression/phase1/input6000_rate3p33_reuse00_seed1,88,0.49070352118699034,22.293088402555018,22.783791923742008,765.6667788935905,5.329070518200751e-15,788.4505708173325,20.054051,766.769582,0.0,786.823633
2026-07-16_ttft_component_regression/phase1/input6000_rate3p33_reuse00_seed1,106,0.07551322347658594,18.894288032961995,18.969801256438583,765.6667788935905,5.329070518200751e-15,784.6365801500291,22.046029,756.606398,0.0,778.652427
2026-07-16_ttft_component_regression/phase1/input6000_rate3p33_reuse00_seed1,107,0.50397454081126,20.768965025078916,21.272939565890177,765.6667788935905,5.329070518200751e-15,786.9397184594807,2.507429,766.0506,0.0,768.558029
2026-07-16_ttft_component_regression/phase1/input6000_rate3p33_reuse00_seed1,136,0.0,16.704108085158442,16.704108085158442,765.6667788935905,5.329070518200751e-15,782.3708869787489,19.817834,749.520015,0.0,769.337849
2026-07-16_ttft_component_regression/phase1/input6000_rate3p33_reuse00_seed1,163,0.48653301895781786,20.697286284476675,21.183819303434493,765.6667788935905,5.329070518200751e-15,786.850598197025,19.289279,765.860486,0.0,785.149765
2026-07-16_ttft_component_regression/phase1/input6000_rate3p33_reuse00_seed1,141,0.0,16.69597820620911,16.69597820620911,765.6667788935905,5.329070518200751e-15,782.3627570997996,0.736978,756.33923,0.0,757.076208
2026-07-16_ttft_component_regression/phase1/input6000_rate3p33_reuse00_seed1,146,0.5273964143344756,19.410738530786364,19.93813494512084,765.6667788935905,5.329070518200751e-15,785.6049138387114,449.286106,1009.591551,0.0,1458.877657
2026-07-16_ttft_component_regression/phase1/input6000_rate3p33_reuse00_seed1,131,0.0,16.11244185292035,16.11244185292035,765.6667788935905,5.329070518200751e-15,781.7792207465109,7.773997,749.896977,0.0,757.670974
2026-07-16_ttft_component_regression/phase1/input6000_rate3p33_reuse00_seed1,159,0.5136871721202424,19.359647376615268,19.87333454873551,765.6667788935905,5.329070518200751e-15,785.5401134423261,26.955474,759.46513,0.0,786.420604
2026-07-16_ttft_component_regression/phase1/input6000_rate3p33_reuse00_seed1,180,853.0698768354194,21.903494801714615,874.973371637134,765.6667788935905,5.329070518200751e-15,1640.6401505307244,694.2844950000001,759.163076,0.0,1453.447571
2026-07-16_ttft_component_regression/phase1/input6000_rate3p33_reuse00_seed1,144,0.09477526825046716,17.695174892855192,17.789950161105658,765.6667788935905,5.329070518200751e-15,783.4567290546962,146.837314,1030.941084,0.0,1177.778398
2026-07-16_ttft_component_regression/phase1/input6000_rate3p33_reuse00_seed1,170,0.48653301895781786,20.697286284476675,21.183819303434493,765.6667788935905,5.329070518200751e-15,786.850598197025,0.594409,765.81065,0.0,766.405059
2026-07-16_ttft_component_regression/phase1/input6000_rate3p33_reuse00_seed1,196,7410.803873522116,23.80262786855249,7434.606501390669,765.6667788935905,5.329070518200751e-15,8200.27328028426,7232.576343000001,760.124721,0.0,7992.701064
2026-07-16_ttft_component_regression/phase1/input6000_rate3p33_reuse00_seed1,217,5689.594293278768,23.772704124205504,5713.3669974029735,765.6667788935905,5.329070518200751e-15,6479.033776296564,4310.599129,757.058736,0.0,5067.657865
2026-07-16_ttft_component_regression/phase1/input6000_rate3p33_reuse00_seed1,195,7410.847063613208,23.80700992857681,7434.654073541785,765.6667788935905,5.329070518200751e-15,8200.320852435376,7005.761814,766.053545,0.0,7771.815359
2026-07-16_ttft_component_regression/phase1/input6000_rate3p33_reuse00_seed1,233,0.4748940351613803,19.209651244696893,19.684545279858273,765.6667788935905,5.329070518200751e-15,785.3513241734488,129.695223,762.225173,0.0,891.920396
2026-07-16_ttft_component_regression/phase1/input6000_rate3p33_reuse00_seed1,182,7747.248568823059,21.92966473575967,7769.178233558819,765.6667788935905,5.329070518200751e-15,8534.84501245241,10083.807213,766.669993,0.0,10850.477206
2026-07-16_ttft_component_regression/phase1/input6000_rate3p33_reuse00_seed1,238,0.4628551535201895,20.597142340555678,21.059997494075866,765.6667788935905,5.329070518200751e-15,786.7267763876664,24.789386,755.907276,0.0,780.696662
2026-07-16_ttft_component_regression/phase1/input6000_rate3p33_reuse00_seed1,258,0.061872451167264496,18.791226540698943,18.853098991866208,765.6667788935905,5.329070518200751e-15,784.5198778854567,12.42397,761.906735,0.0,774.330705
2026-07-16_ttft_component_regression/phase1/input6000_rate3p33_reuse00_seed1,264,0.46704606425238404,19.178313261325854,19.645359325578237,765.6667788935905,5.329070518200751e-15,785.3121382191688,23.161737,766.690062,0.0,789.851799
2026-07-16_ttft_component_regression/phase1/input6000_rate3p33_reuse00_seed1,244,1570.306643540822,21.5061653307136,1591.8128088715357,765.6667788935905,5.329070518200751e-15,2357.4795877651263,966.949098,765.450262,0.0,1732.39936
2026-07-16_ttft_component_regression/phase1/input6000_rate3p33_reuse00_seed1,241,0.4667635069593912,20.61390021141394,21.080663718373334,765.6667788935905,5.329070518200751e-15,786.7474426119638,156.916401,773.850845,0.0,930.767246
2026-07-16_ttft_component_regression/phase1/input6000_rate3p33_reuse00_seed1,275,0.4592589403683774,19.146882015723413,19.606140956091792,765.6667788935905,5.329070518200751e-15,785.2729198496822,6.622403,770.846261,0.0,777.468664
2026-07-16_ttft_component_regression/phase1/input6000_rate3p33_reuse00_seed1,295,2410.946515280231,21.491919532076814,2432.4384348123076,765.6667788935905,5.329070518200751e-15,3198.105213705898,1537.375064,764.038997,0.0,2301.414061
2026-07-16_ttft_component_regression/phase1/input6000_rate3p33_reuse00_seed1,7,0.0,0.1715761972026882,0.1715761972026882,765.6667788935905,5.329070518200751e-15,765.8383550907932,0.13911,676.342498,0.0,676.481608
2026-07-16_ttft_component_regression/phase1/input6000_rate3p33_reuse00_seed1,31,0.0,11.90471370848054,11.90471370848054,765.6667788935905,5.329070518200751e-15,777.5714926020711,11.8747,706.07198,0.0,717.94668
2026-07-16_ttft_component_regression/phase1/input6000_rate3p33_reuse00_seed1,26,0.017939610272016376,6.960903386707577,6.978842996979593,765.6667788935905,5.329070518200751e-15,772.64562189057,9.832922,695.666028,0.0,705.49895
2026-07-16_ttft_component_regression/phase1/input6000_rate3p33_reuse00_seed1,29,0.0,12.157650145521258,12.157650145521258,765.6667788935905,5.329070518200751e-15,777.8244290391118,4.008867,700.41721,0.0,704.426077
2026-07-16_ttft_component_regression/phase1/input6000_rate3p33_reuse00_seed1,47,0.016044269418302073,12.1452972367678,12.161341506186101,765.6667788935905,5.329070518200751e-15,777.8281203997766,14.038515,710.150702,0.0,724.189217
2026-07-16_ttft_component_regression/phase1/input6000_rate3p33_reuse00_seed1,38,0.01672347866334897,12.182562603285904,12.199286081949253,765.6667788935905,5.329070518200751e-15,777.8660649755398,12.982509,710.393646,0.0,723.376155
2026-07-16_ttft_component_regression/phase1/input6000_rate3p33_reuse00_seed1,62,0.0,17.10795617121409,17.10795617121409,765.6667788935905,5.329070518200751e-15,782.7747350648046,433.627317,999.072563,0.0,1432.69988
2026-07-16_ttft_component_regression/phase1/input6000_rate3p33_reuse00_seed1,79,0.0,17.898996729806697,17.898996729806697,765.6667788935905,5.329070518200751e-15,783.5657756233973,1.761487,735.040053,0.0,736.80154
2026-07-16_ttft_component_regression/phase1/input6000_rate3p33_reuse00_seed1,61,0.04319290613753905,14.55195861630274,14.595151522440279,765.6667788935905,5.329070518200751e-15,780.2619304160307,11.624593,730.424873,0.0,742.049466
2026-07-16_ttft_component_regression/phase1/input6000_rate3p33_reuse00_seed1,68,1.1986584104924909,23.11024056891499,24.30889897940748,765.6667788935905,0.622677772606183,790.5983556456041,633.8682709999999,969.695778,0.619393,1604.183442
2026-07-16_ttft_component_regression/phase1/input6000_rate3p33_reuse00_seed1,101,0.530157969037141,22.463381206342522,22.993539175379663,765.6667788935905,5.329070518200751e-15,788.6603180689701,124.282776,774.508821,0.0,898.791597
2026-07-16_ttft_component_regression/phase1/input6000_rate3p33_reuse00_seed1,86,0.07901002562732061,18.920371633076495,18.999381658703815,765.6667788935905,5.329070518200751e-15,784.6661605522943,20.200764,743.647864,0.0,763.848628
2026-07-16_ttft_component_regression/phase1/input6000_rate3p33_reuse00_seed1,114,1.2291901680974764,23.136698430849936,24.365888598947414,765.6667788935905,0.622677772606183,790.6553452651441,16.699685,760.313214,0.619393,777.632292
2026-07-16_ttft_component_regression/phase1/input6000_rate3p33_reuse00_seed1,99,0.10085148302546183,20.53972725609303,20.640578739118492,765.6667788935905,5.329070518200751e-15,786.307357632709,22.614549,754.087661,0.0,776.70221
2026-07-16_ttft_component_regression/phase1/input6000_rate3p33_reuse00_seed1,149,0.00898147616369882,15.109875464302513,15.118856940466213,765.6667788935905,5.329070518200751e-15,780.7856358340567,12.376447,734.18131,0.0,746.557757
2026-07-16_ttft_component_regression/phase1/input6000_rate3p33_reuse00_seed1,168,1.184566448816365,21.515935720148043,22.70050216896441,765.6667788935905,0.622677772606183,788.989958835161,691.857472,1038.75812,0.619393,1731.234985
2026-07-16_ttft_component_regression/phase1/input6000_rate3p33_reuse00_seed1,160,1.2646086370704432,21.936632989029377,23.20124162609982,765.6667788935905,0.622677772606183,789.4906982922964,94.552144,1020.452454,0.619393,1115.623991
2026-07-16_ttft_component_regression/phase1/input6000_rate3p33_reuse00_seed1,181,2105.6293100345238,21.960709600690695,2127.5900196352145,765.6667788935905,5.329070518200751e-15,2893.256798528805,1405.7861480000001,751.669527,0.0,2157.455675
2026-07-16_ttft_component_regression/phase1/input6000_rate3p33_reuse00_seed1,164,1.1926479507697807,21.52350647897004,22.716154429739824,765.6667788935905,0.622677772606183,789.0056110959365,874.040279,1029.122714,0.619393,1903.782386
2026-07-16_ttft_component_regression/phase1/input6000_rate3p33_reuse00_seed1,161,0.008314691652599454,222.88989926823152,222.89821395988412,765.6667788935905,5.329070518200751e-15,988.5649928534747,835.506477,1023.873,0.0,1859.379477
2026-07-16_ttft_component_regression/phase1/input6000_rate3p33_reuse00_seed1,169,0.093323732806157,275.56735816032733,275.66068189313347,765.6667788935905,5.329070518200751e-15,1041.327460786724,1253.815834,1068.571252,0.0,2322.387086
2026-07-16_ttft_component_regression/phase1/input6000_rate3p33_reuse00_seed1,157,0.02402611394045882,10.619497397491973,10.64352351143243,765.6667788935905,5.329070518200751e-15,776.310302405023,17.400862,741.581499,0.0,758.982361
2026-07-16_ttft_component_regression/phase1/input6000_rate3p33_reuse00_seed1,175,0.5357040624851388,299.8203482331779,300.35605229566306,765.6667788935905,5.329070518200751e-15,1066.0228311892536,969.939066,970.505428,0.0,1940.444494
2026-07-16_ttft_component_regression/phase1/input6000_rate3p33_reuse00_seed1,179,2203.2218487560062,21.889386660665306,2225.1112354166717,765.6667788935905,0.622677772606183,2991.4006920828683,10680.283575,765.257473,0.619393,11446.160441
2026-07-16_ttft_component_regression/phase1/input6000_rate3p33_reuse00_seed1,185,7912.992246311474,23.80482635069229,7936.797072662167,765.6667788935905,0.622677772606183,8703.086529328364,13299.522003999999,767.865744,0.619393,14068.007141
2026-07-16_ttft_component_regression/phase1/input6000_rate3p33_reuse00_seed1,205,7185.417484625094,23.79141287822247,7209.208897503317,765.6667788935905,0.622677772606183,7975.498354169513,11934.166354,762.085128,0.619393,12696.870875
2026-07-16_ttft_component_regression/phase1/input6000_rate3p33_reuse00_seed1,245,962.6801749101393,21.500140616488107,984.1803155266274,765.6667788935905,0.622677772606183,1750.4697721928242,613.6896399999999,761.733729,0.619393,1376.042762
2026-07-16_ttft_component_regression/phase1/input6000_rate3p33_reuse00_seed1,246,115.67540014840101,21.500140616488107,137.17554076488912,765.6667788935905,0.622677772606183,903.4649974310857,981.6306989999999,771.108853,0.619393,1753.358945
2026-07-16_ttft_component_regression/phase1/input6000_rate3p33_reuse00_seed1,197,7861.268137112079,23.819796835150658,7885.087933947229,765.6667788935905,0.622677772606183,8651.377390613427,11610.632626999999,764.644659,0.619393,12375.896679
2026-07-16_ttft_component_regression/phase1/input6000_rate3p33_reuse00_seed1,219,6023.510666914109,23.795943277710744,6047.306610191819,765.6667788935905,0.622677772606183,6813.596066858016,8826.266926,768.306339,0.619393,9595.192658
2026-07-16_ttft_component_regression/phase1/input6000_rate3p33_reuse00_seed1,270,301.2147873188211,21.872442845614493,323.0872301644356,765.6667788935905,0.622677772606183,1089.3766868306323,1465.394335,773.906386,0.619393,2239.920114
2026-07-16_ttft_component_regression/phase1/input6000_rate3p33_reuse00_seed1,287,1.182433298306816,21.856909337395596,23.03934263570241,765.6667788935905,0.622677772606183,789.328799301899,21.033976000000003,768.150372,0.619393,789.803741
2026-07-16_ttft_component_regression/phase1/input6000_rate3p33_reuse00_seed1,262,2258.7037749739843,21.551573064677886,2280.2553480386623,765.6667788935905,5.329070518200751e-15,3045.922126932253,1436.05011,766.252602,0.0,2202.302712
2026-07-16_ttft_component_regression/phase1/input6000_rate3p33_reuse00_seed1,266,1497.5628850211456,21.845414821246777,1519.4082998423924,765.6667788935905,0.622677772606183,2285.697756508589,1089.0469699999999,759.443324,0.619393,1849.109687
2026-07-16_ttft_component_regression/phase1/input6000_rate3p33_reuse00_seed1,1,0.0,0.17419362456319054,0.17419362456319054,765.6667788935905,5.329070518200751e-15,765.8409725181536,0.184905,676.342498,0.0,676.527403
2026-07-16_ttft_component_regression/phase1/input6000_rate3p33_reuse00_seed1,19,0.0,110.17958441521908,110.17958441521908,765.6667788935905,5.329070518200751e-15,875.8463633088096,456.288155,970.085905,0.0,1426.37406
2026-07-16_ttft_component_regression/phase1/input6000_rate3p33_reuse00_seed1,18,0.01787505539684774,6.963663490726934,6.981538546123782,765.6667788935905,5.329070518200751e-15,772.6483174397143,10.557183,708.393135,0.0,718.950318
2026-07-16_ttft_component_regression/phase1/input6000_rate3p33_reuse00_seed1,21,0.0,11.93371196460117,11.93371196460117,765.6667788935905,5.329070518200751e-15,777.6004908581916,185.320024,938.730666,0.0,1124.05069
2026-07-16_ttft_component_regression/phase1/input6000_rate3p33_reuse00_seed1,48,0.04320943355234586,14.545292824099352,14.588502257651697,765.6667788935905,5.329070518200751e-15,780.2552811512422,15.890562,717.194674,0.0,733.085236
2026-07-16_ttft_component_regression/phase1/input6000_rate3p33_reuse00_seed1,42,0.04306241226381105,14.598471652688016,14.641534064951827,765.6667788935905,5.329070518200751e-15,780.3083129585423,8.659554,717.76997,0.0,726.429524
2026-07-16_ttft_component_regression/phase1/input6000_rate3p33_reuse00_seed1,33,0.01795988886668073,12.25153120838322,12.269491097249901,765.6667788935905,5.329070518200751e-15,777.9362699908404,1.482419,710.625774,0.0,712.108193
2026-07-16_ttft_component_regression/phase1/input6000_rate3p33_reuse00_seed1,58,0.0,17.13282406789361,17.13282406789361,765.6667788935905,5.329070518200751e-15,782.7996029614841,3.739867,723.97201,0.0,727.711877
2026-07-16_ttft_component_regression/phase1/input6000_rate3p33_reuse00_seed1,66,0.0,17.296836576022546,17.296836576022546,765.6667788935905,5.329070518200751e-15,782.963615469613,13.484297,729.742914,0.0,743.227211
2026-07-16_ttft_component_regression/phase1/input6000_rate3p33_reuse00_seed1,81,0.0,19.316559368477165,19.316559368477165,765.6667788935905,5.329070518200751e-15,784.9833382620677,23.022,736.020149,0.0,759.042149
2026-07-16_ttft_component_regression/phase1/input6000_rate3p33_reuse00_seed1,85,0.09201270669537631,20.470952764615973,20.562965471311347,765.6667788935905,5.329070518200751e-15,786.2297443649019,15.857904,744.400536,0.0,760.25844
2026-07-16_ttft_component_regression/phase1/input6000_rate3p33_reuse00_seed1,109,0.02144600701266529,10.492886228098213,10.514332235110878,765.6667788935905,5.329070518200751e-15,776.1811111287013,2.006743,729.076922,0.0,731.083665
2026-07-16_ttft_component_regression/phase1/input6000_rate3p33_reuse00_seed1,120,0.0,17.09097688606292,17.09097688606292,765.6667788935905,5.329070518200751e-15,782.7577557796534,6.615262,738.141797,0.0,744.757059
2026-07-16_ttft_component_regression/phase1/input6000_rate3p33_reuse00_seed1,117,0.04310579536379913,13.485144192278964,13.528249987642763,765.6667788935905,5.329070518200751e-15,779.1950288812333,13.521394,739.281615,0.0,752.803009
2026-07-16_ttft_component_regression/phase1/input6000_rate3p33_reuse00_seed1,177,0.0,16.9139091816044,16.9139091816044,765.6667788935905,5.329070518200751e-15,782.5806880751949,61.159832,994.103322,0.0,1055.263154
2026-07-16_ttft_component_regression/phase1/input6000_rate3p33_reuse00_seed1,155,0.017428503107231562,10.306429632007493,10.323858135114724,765.6667788935905,5.329070518200751e-15,775.9906370287052,11.995948,726.435257,0.0,738.431205
2026-07-16_ttft_component_regression/phase1/input6000_rate3p33_reuse00_seed1,174,0.0,16.081910949675073,16.081910949675073,765.6667788935905,5.329070518200751e-15,781.7486898432655,151.145668,1022.042117,0.0,1173.187785
2026-07-16_ttft_component_regression/phase1/input6000_rate3p33_reuse00_seed1,154,0.0,10.40153595564298,10.40153595564298,765.6667788935905,5.329070518200751e-15,776.0683148492335,2.018067,713.849793,0.0,715.86786
2026-07-16_ttft_component_regression/phase1/input6000_rate3p33_reuse00_seed1,166,0.04819051655781444,12.387948338381495,12.43613885493931,765.6667788935905,5.329070518200751e-15,778.1029177485298,13.570686,735.742732,0.0,749.313418
2026-07-16_ttft_component_regression/phase1/input6000_rate3p33_reuse00_seed1,172,0.0,14.736844800644016,14.736844800644016,765.6667788935905,5.329070518200751e-15,780.4036236942345,5.584325,749.07592,0.0,754.660245
2026-07-16_ttft_component_regression/phase1/input6000_rate3p33_reuse00_seed1,191,0.0,17.836074323810088,17.836074323810088,765.6667788935905,5.329070518200751e-15,783.5028532174006,19.028883,737.155933,0.0,756.184816
2026-07-16_ttft_component_regression/phase1/input6000_rate3p33_reuse00_seed1,211,0.0,17.83540372238807,17.83540372238807,765.6667788935905,5.329070518200751e-15,783.5021826159785,22.616964,743.38559,0.0,766.002554
2026-07-16_ttft_component_regression/phase1/input6000_rate3p33_reuse00_seed1,223,0.0,16.940326090571002,16.940326090571002,765.6667788935905,5.329070518200751e-15,782.6071049841615,16.809261,747.185614,0.0,763.994875
2026-07-16_ttft_component_regression/phase1/input6000_rate3p33_reuse00_seed1,232,0.0,16.393545225117993,16.393545225117993,765.6667788935905,5.329070518200751e-15,782.0603241187085,24.170537,744.89747,0.0,769.068007
2026-07-16_ttft_component_regression/phase1/input6000_rate3p33_reuse00_seed1,236,0.0,17.297465734933084,17.297465734933084,765.6667788935905,5.329070518200751e-15,782.9642446285236,20.774037,742.78342,0.0,763.557457
2026-07-16_ttft_component_regression/phase1/input6000_rate3p33_reuse00_seed1,263,0.0,14.769670481393069,14.769670481393069,765.6667788935905,5.329070518200751e-15,780.4364493749836,7.065096,744.950916,0.0,752.016012
2026-07-16_ttft_component_regression/phase1/input6000_rate3p33_reuse00_seed1,268,0.01795956818669047,15.009087747516636,15.027047315703326,765.6667788935905,5.329070518200751e-15,780.6938262092938,13.791106,738.699315,0.0,752.490421
2026-07-16_ttft_component_regression/phase1/input6000_rate3p33_reuse00_seed1,251,0.0,15.911045777062943,15.911045777062943,765.6667788935905,5.329070518200751e-15,781.5778246706534,2.423438,741.893634,0.0,744.317072
2026-07-16_ttft_component_regression/phase1/input6000_rate3p33_reuse00_seed1,283,0.0695727800317167,12.727330562096562,12.796903342128278,765.6667788935905,5.329070518200751e-15,778.4636822357188,1.772227,735.007109,0.0,736.779336
2026-07-16_ttft_component_regression/phase1/input6000_rate3p33_reuse00_seed1,289,0.05737536534932028,16.39113841227623,16.44851377762555,765.6667788935905,5.329070518200751e-15,782.115292671216,9.734324,736.094721,0.0,745.829045
2026-07-16_ttft_component_regression/phase1/input6000_rate3p33_reuse00_seed1,4,0.0,0.17942497649047714,0.17942497649047714,765.6667788935905,5.329070518200751e-15,765.846203870081,0.158929,676.342498,0.0,676.501427
2026-07-16_ttft_component_regression/phase1/input6000_rate3p33_reuse00_seed1,11,0.017679377652332715,6.971808608548466,6.989487986200799,765.6667788935905,5.329070518200751e-15,772.6562668797912,0.47118,694.323116,0.0,694.794296
2026-07-16_ttft_component_regression/phase1/input6000_rate3p33_reuse00_seed1,23,0.0,11.915567360757313,11.915567360757313,765.6667788935905,5.329070518200751e-15,777.5823462543478,7.743663,706.083532,0.0,713.827195
2026-07-16_ttft_component_regression/phase1/input6000_rate3p33_reuse00_seed1,16,0.0,12.15412278039306,12.15412278039306,765.6667788935905,5.329070518200751e-15,777.8209016739836,11.071715,700.00313,0.0,711.074845
2026-07-16_ttft_component_regression/phase1/input6000_rate3p33_reuse00_seed1,27,0.01570348418516041,12.126759917662017,12.142463401847177,765.6667788935905,5.329070518200751e-15,777.8092422954377,14.131229,710.441006,0.0,724.572235
2026-07-16_ttft_component_regression/phase1/input6000_rate3p33_reuse00_seed1,80,0.0,11.298547187738174,11.298547187738174,765.6667788935905,5.329070518200751e-15,776.9653260813287,0.311492,699.473818,0.0,699.78531
2026-07-16_ttft_component_regression/phase1/input6000_rate3p33_reuse00_seed1,90,0.015700667388818992,11.24255367184563,11.25825433923445,765.6667788935905,5.329070518200751e-15,776.925033232825,210.354804,952.769172,0.0,1163.123976
2026-07-16_ttft_component_regression/phase1/input6000_rate3p33_reuse00_seed1,100,0.0,17.064898509711693,17.064898509711693,765.6667788935905,5.329070518200751e-15,782.7316774033022,2.465646,730.795314,0.0,733.26096
2026-07-16_ttft_component_regression/phase1/input6000_rate3p33_reuse00_seed1,74,0.0,0.10433523397643042,0.10433523397643042,765.6667788935905,5.329070518200751e-15,765.771114127567,0.000354,676.342498,0.0,676.342852
2026-07-16_ttft_component_regression/phase1/input6000_rate3p33_reuse00_seed1,77,0.01743056722225988,6.436298171361507,6.4537287385837665,765.6667788935905,5.329070518200751e-15,772.1205076321743,5.561507,693.93438,0.0,699.495887
2026-07-16_ttft_component_regression/phase1/input6000_rate3p33_reuse00_seed1,105,0.0,17.86547926840508,17.86547926840508,765.6667788935905,5.329070518200751e-15,783.5322581619956,13.359231,745.824568,0.0,759.183799
2026-07-16_ttft_component_regression/phase1/input6000_rate3p33_reuse00_seed1,95,0.0433346408525378,14.485073741294265,14.528408382146802,765.6667788935905,5.329070518200751e-15,780.1951872757373,13.191575,716.584562,0.0,729.776137
2026-07-16_ttft_component_regression/phase1/input6000_rate3p33_reuse00_seed1,89,0.0,10.252871776636404,10.252871776636404,765.6667788935905,5.329070518200751e-15,775.9196506702269,10.750698,718.684879,0.0,729.435577
2026-07-16_ttft_component_regression/phase1/input6000_rate3p33_reuse00_seed1,122,0.4708557069514002,22.20378784368508,22.674643550636482,765.6667788935905,5.329070518200751e-15,788.341422444227,7.169865,760.835895,0.0,768.00576
2026-07-16_ttft_component_regression/phase1/input6000_rate3p33_reuse00_seed1,103,0.0,17.28212527544037,17.28212527544037,765.6667788935905,5.329070518200751e-15,782.9489041690309,221.485179,745.723488,0.0,967.208667
2026-07-16_ttft_component_regression/phase1/input6000_rate3p33_reuse00_seed1,113,0.06726243440609013,18.832202385936707,18.899464820342796,765.6667788935905,5.329070518200751e-15,784.5662437139333,20.616539,755.59952,0.0,776.216059
2026-07-16_ttft_component_regression/phase1/input6000_rate3p33_reuse00_seed1,132,8859.920013009665,21.500140616488107,8881.420153626153,765.6667788935905,0.622677772606183,9647.70961029235,2203.001824,761.465324,0.619393,2965.086541
2026-07-16_ttft_component_regression/phase1/input6000_rate3p33_reuse00_seed1,173,0.0,16.090537015650092,16.090537015650092,765.6667788935905,5.329070518200751e-15,781.7573159092406,20.146676,745.832718,0.0,765.979394
2026-07-16_ttft_component_regression/phase1/input6000_rate3p33_reuse00_seed1,176,0.0,16.966421270156175,16.966421270156175,765.6667788935905,5.329070518200751e-15,782.6332001637467,74.215392,753.352565,0.0,827.567957
2026-07-16_ttft_component_regression/phase1/input6000_rate3p33_reuse00_seed1,187,1.3091559758490152,23.800414510259266,25.109570486108282,765.6667788935905,0.622677772606183,791.3990271523049,3.763387,746.004374,0.619393,750.387154
2026-07-16_ttft_component_regression/phase1/input6000_rate3p33_reuse00_seed1,210,0.08513288236790637,11.589384946920317,11.674517829288224,765.6667788935905,5.329070518200751e-15,777.3412967228787,18.758557,726.738748,0.0,745.497305
2026-07-16_ttft_component_regression/phase1/input6000_rate3p33_reuse00_seed1,214,0.0627875720096539,16.32402722437537,16.386814796385025,765.6667788935905,5.329070518200751e-15,782.0535936899755,15.563379,735.879653,0.0,751.443032
2026-07-16_ttft_component_regression/phase1/input6000_rate3p33_reuse00_seed1,212,0.11511679568429393,13.813876637185377,13.928993432869671,765.6667788935905,5.329070518200751e-15,779.5957723264602,21.255935,735.607738,0.0,756.863673
2026-07-16_ttft_component_regression/phase1/input6000_rate3p33_reuse00_seed1,218,0.0,17.823104040038505,17.823104040038505,765.6667788935905,5.329070518200751e-15,783.489882933629,129.569167,741.967026,0.0,871.536193
2026-07-16_ttft_component_regression/phase1/input6000_rate3p33_reuse00_seed1,231,0.4528160669752168,19.12062154043413,19.573437607409346,765.6667788935905,5.329070518200751e-15,785.2402165009998,471.089093,990.33989,0.0,1461.428983
2026-07-16_ttft_component_regression/phase1/input6000_rate3p33_reuse00_seed1,230,0.06082237262002093,17.457909561441568,17.518731934061588,765.6667788935905,5.329070518200751e-15,783.1855108276521,21.362338,764.845835,0.0,786.208173
2026-07-16_ttft_component_regression/phase1/input6000_rate3p33_reuse00_seed1,227,0.0,16.622932219294185,16.622932219294185,765.6667788935905,5.329070518200751e-15,782.2897111128847,3.484523,746.508744,0.0,749.993267
2026-07-16_ttft_component_regression/phase1/input6000_rate3p33_reuse00_seed1,247,0.051092707087934654,17.387651907191508,17.438744614279443,765.6667788935905,5.329070518200751e-15,783.10552350787,16.451867,765.420568,0.0,781.872435
2026-07-16_ttft_component_regression/phase1/input6000_rate3p33_reuse00_seed1,280,1.112879205637751,21.438166913292644,22.551046118930394,765.6667788935905,0.622677772606183,788.840502785127,3.655247,735.455093,0.619393,739.729733
2026-07-16_ttft_component_regression/phase1/input6000_rate3p33_reuse00_seed1,292,1.2374453204356217,23.716510797755447,24.95395611819107,765.6667788935905,0.622677772606183,791.2434127843877,6.178718,722.365308,0.619393,729.163419
2026-07-16_ttft_component_regression/phase1/input6000_rate3p33_reuse00_seed1,35,0.018194437112068952,6.949636785104939,6.967831222217008,765.6667788935905,5.329070518200751e-15,772.6346101158075,13.648895,693.948268,0.0,707.597163
2026-07-16_ttft_component_regression/phase1/input6000_rate3p33_reuse00_seed1,40,0.0,12.224872308414724,12.224872308414724,765.6667788935905,5.329070518200751e-15,777.8916512020053,7.29089,699.696954,0.0,706.987844
2026-07-16_ttft_component_regression/phase1/input6000_rate3p33_reuse00_seed1,46,0.0,11.874424381203543,11.874424381203543,765.6667788935905,5.329070518200751e-15,777.541203274794,7.954116,705.677452,0.0,713.631568
2026-07-16_ttft_component_regression/phase1/input6000_rate3p33_reuse00_seed1,30,0.0,0.18726286671349643,0.18726286671349643,765.6667788935905,5.329070518200751e-15,765.854041760304,0.021093,676.342498,0.0,676.363591
2026-07-16_ttft_component_regression/phase1/input6000_rate3p33_reuse00_seed1,64,0.04345749850769835,14.370290062649547,14.413747561157246,765.6667788935905,5.329070518200751e-15,780.0805264547478,410.91791,991.367235,0.0,1402.285145
2026-07-16_ttft_component_regression/phase1/input6000_rate3p33_reuse00_seed1,63,0.014562263729997965,12.065435634399835,12.079997898129832,765.6667788935905,5.329070518200751e-15,777.7467767917203,11.684401,723.674968,0.0,735.359369
2026-07-16_ttft_component_regression/phase1/input6000_rate3p33_reuse00_seed1,82,0.0,18.603266111095234,18.603266111095234,765.6667788935905,5.329070518200751e-15,784.2700450046857,17.553934,729.678946,0.0,747.23288
2026-07-16_ttft_component_regression/phase1/input6000_rate3p33_reuse00_seed1,67,0.0,232.86295205473513,232.86295205473513,765.6667788935905,5.329070518200751e-15,998.5297309483257,961.527046,960.89569,0.0,1922.422736
2026-07-16_ttft_component_regression/phase1/input6000_rate3p33_reuse00_seed1,110,0.0,17.276873685332085,17.276873685332085,765.6667788935905,5.329070518200751e-15,782.9436525789226,197.781586,1015.754964,0.0,1213.53655
2026-07-16_ttft_component_regression/phase1/input6000_rate3p33_reuse00_seed1,108,1.2519084164398235,21.57171378354034,22.823622199980164,765.6667788935905,0.622677772606183,789.1130788661768,15.714096000000001,736.03507,0.619393,752.368559
2026-07-16_ttft_component_regression/phase1/input6000_rate3p33_reuse00_seed1,94,0.0,18.611050849264718,18.611050849264718,765.6667788935905,5.329070518200751e-15,784.2778297428553,9.400152,730.33741,0.0,739.737562
2026-07-16_ttft_component_regression/phase1/input6000_rate3p33_reuse00_seed1,104,1.2538356174059049,23.155385783259977,24.40922140066588,765.6667788935905,0.622677772606183,790.6986780668625,8.234706000000001,730.587714,0.619393,739.441813
2026-07-16_ttft_component_regression/phase1/input6000_rate3p33_reuse00_seed1,115,0.0,16.62641467874379,16.62641467874379,765.6667788935905,5.329070518200751e-15,782.2931935723343,191.383029,993.806444,0.0,1185.189473
2026-07-16_ttft_component_regression/phase1/input6000_rate3p33_reuse00_seed1,126,1.146484236338306,23.056477127438736,24.202961363777042,765.6667788935905,0.622677772606183,790.4924180299737,21.258515000000003,752.411903,0.619393,774.289811
2026-07-16_ttft_component_regression/phase1/input6000_rate3p33_reuse00_seed1,129,0.46155573660083055,20.59155071348446,21.053106450085288,765.6667788935905,5.329070518200751e-15,786.7198853436757,93.879031,760.473987,0.0,854.353018
2026-07-16_ttft_component_regression/phase1/input6000_rate3p33_reuse00_seed1,148,3941.375009243283,21.90545501513383,3963.2804642584165,765.6667788935905,0.622677772606183,4729.569920924613,4215.431555,766.41874,0.619393,4982.469688
2026-07-16_ttft_component_regression/phase1/input6000_rate3p33_reuse00_seed1,127,0.4602580025908409,20.585956291236432,21.046214293827273,765.6667788935905,5.329070518200751e-15,786.7129931874177,1.893876,764.532976,0.0,766.426852
2026-07-16_ttft_component_regression/phase1/input6000_rate3p33_reuse00_seed1,143,3656.298673437779,21.5061653307136,3677.8048387684926,765.6667788935905,5.329070518200751e-15,4443.471617662083,2479.8107729999997,762.057588,0.0,3241.868361
2026-07-16_ttft_component_regression/phase1/input6000_rate3p33_reuse00_seed1,139,4415.419364322773,21.54318667767093,4436.962551000443,765.6667788935905,0.622677772606183,5203.25200766664,3867.146412,769.679613,0.619393,4637.445418
2026-07-16_ttft_component_regression/phase1/input6000_rate3p33_reuse00_seed1,203,0.11506235070354844,13.852722201502711,13.96778455220626,765.6667788935905,5.329070518200751e-15,779.6345634457967,8.049903,731.226831,0.0,739.276734
2026-07-16_ttft_component_regression/phase1/input6000_rate3p33_reuse00_seed1,216,0.0,17.83741194421919,17.83741194421919,765.6667788935905,5.329070518200751e-15,783.5041908378097,444.493245,990.360591,0.0,1434.853836
2026-07-16_ttft_component_regression/phase1/input6000_rate3p33_reuse00_seed1,224,1.2149887532955972,21.54318667767093,22.758175430966528,765.6667788935905,0.622677772606183,789.0476320971632,25.568618,746.047136,0.619393,772.235147
2026-07-16_ttft_component_regression/phase1/input6000_rate3p33_reuse00_seed1,208,1.3848302234718537,23.868847824499163,25.253678047971018,765.6667788935905,0.622677772606183,791.5431347141676,17.028544,734.007535,0.619393,751.655472
2026-07-16_ttft_component_regression/phase1/input6000_rate3p33_reuse00_seed1,215,0.05691939908907129,16.39650543295302,16.453424832042092,765.6667788935905,5.329070518200751e-15,782.1202037256326,15.56148,750.207524,0.0,765.769004
2026-07-16_ttft_component_regression/phase1/input6000_rate3p33_reuse00_seed1,226,0.0735912606358048,17.548548384593264,17.62213964522907,765.6667788935905,5.329070518200751e-15,783.2889185388195,216.271032,750.823886,0.0,967.094918
2026-07-16_ttft_component_regression/phase1/input6000_rate3p33_reuse00_seed1,256,1.1030748854849972,21.426033972099415,22.52910885758441,765.6667788935905,0.622677772606183,788.8185655237811,881.7042260000001,1018.450564,0.619393,1900.774183
2026-07-16_ttft_component_regression/phase1/input6000_rate3p33_reuse00_seed1,252,0.0,15.817956913646153,15.817956913646153,765.6667788935905,5.329070518200751e-15,781.4847358072367,2.686219,739.905783,0.0,742.592002
2026-07-16_ttft_component_regression/phase1/input6000_rate3p33_reuse00_seed1,254,0.0,16.077501800441443,16.077501800441443,765.6667788935905,5.329070518200751e-15,781.744280694032,95.453557,750.791085,0.0,846.244642
2026-07-16_ttft_component_regression/phase1/input6000_rate3p33_reuse00_seed1,261,0.43339338353068463,20.46786987600926,20.901263259539945,765.6667788935905,5.329070518200751e-15,786.5680421531305,36.297247,762.718717,0.0,799.015964
2026-07-16_ttft_component_regression/phase1/input6000_rate3p33_reuse00_seed1,255,1.1168114926550723,21.442931192193512,22.559742684848583,765.6667788935905,0.622677772606183,788.8491993510453,484.900913,1026.132641,0.619393,1511.652947
2026-07-16_ttft_component_regression/phase1/input6000_rate3p33_reuse00_seed1,277,0.4349997923684938,19.046788966316033,19.481788758684527,765.6667788935905,5.329070518200751e-15,785.148567652275,12.64344,770.863708,0.0,783.507148
2026-07-16_ttft_component_regression/phase1/input6000_rate3p33_reuse00_seed1,286,0.43878985489634037,19.062645915361504,19.501435770257846,765.6667788935905,5.329070518200751e-15,785.1682146638484,4.270845,772.046043,0.0,776.316888
2026-07-16_ttft_component_regression/phase1/input6000_rate3p33_reuse00_seed1,298,0.05494757278305533,17.41561371175346,17.470561284536515,765.6667788935905,5.329070518200751e-15,783.137340178127,17.806585,752.963888,0.0,770.770473
2026-07-16_ttft_component_regression/phase1/input6000_rate3p33_reuse00_seed1,2,0.0,0.14797139029773884,0.14797139029773884,765.6667788935905,5.329070518200751e-15,765.8147502838882,0.201515,676.342498,0.0,676.544013
2026-07-16_ttft_component_regression/phase1/input6000_rate3p33_reuse00_seed1,10,0.01910035783094448,6.9041346869702584,6.923235044801203,765.6667788935905,5.329070518200751e-15,772.5900139383917,8.146827,694.182924,0.0,702.329751
2026-07-16_ttft_component_regression/phase1/input6000_rate3p33_reuse00_seed1,13,0.0,12.274404508743977,12.274404508743977,765.6667788935905,5.329070518200751e-15,777.9411834023344,14.647212,699.909658,0.0,714.55687
2026-07-16_ttft_component_regression/phase1/input6000_rate3p33_reuse00_seed1,71,0.018570688005160686,6.388648672810477,6.407219360815638,765.6667788935905,5.329070518200751e-15,772.0739982544061,12.822495,694.076268,0.0,706.898763
2026-07-16_ttft_component_regression/phase1/input6000_rate3p33_reuse00_seed1,69,0.0,0.09214641275751848,0.09214641275751848,765.6667788935905,5.329070518200751e-15,765.758925306348,0.02689,676.342498,0.0,676.369388
2026-07-16_ttft_component_regression/phase1/input6000_rate3p33_reuse00_seed1,98,0.0,12.207161359258182,12.207161359258182,765.6667788935905,5.329070518200751e-15,777.8739402528487,0.975081,700.817274,0.0,701.792355
2026-07-16_ttft_component_regression/phase1/input6000_rate3p33_reuse00_seed1,118,0.01838842690235343,6.397067265629831,6.415455692532184,765.6667788935905,5.329070518200751e-15,772.0822345861227,11.024509,694.884652,0.0,705.909161
2026-07-16_ttft_component_regression/phase1/input6000_rate3p33_reuse00_seed1,124,0.0,11.334864436098103,11.334864436098103,765.6667788935905,5.329070518200751e-15,777.0016433296886,18.82378,700.369978,0.0,719.193758
2026-07-16_ttft_component_regression/phase1/input6000_rate3p33_reuse00_seed1,135,0.01904653779122864,10.380077643271655,10.399124181062882,765.6667788935905,5.329070518200751e-15,776.0659030746534,361.666546,953.86098,0.0,1315.527526
2026-07-16_ttft_component_regression/phase1/input6000_rate3p33_reuse00_seed1,134,0.0,10.23264284011698,10.23264284011698,765.6667788935905,5.329070518200751e-15,775.8994217337075,11.357638,719.629679,0.0,730.987317
2026-07-16_ttft_component_regression/phase1/input6000_rate3p33_reuse00_seed1,147,0.06965082041110486,12.679588787001451,12.749239607412557,765.6667788935905,5.329070518200751e-15,778.416018501003,17.091402,717.134642,0.0,734.226044
2026-07-16_ttft_component_regression/phase1/input6000_rate3p33_reuse00_seed1,199,0.06968740836232229,12.64361462163052,12.713302029992843,765.6667788935905,5.329070518200751e-15,778.3800809235834,173.194381,731.237886,0.0,904.432267
2026-07-16_ttft_component_regression/phase1/input6000_rate3p33_reuse00_seed1,198,0.04066278988977362,10.60945214726642,10.650114937156195,765.6667788935905,5.329070518200751e-15,776.3168938307467,4.370259,731.288852,0.0,735.659111
2026-07-16_ttft_component_regression/phase1/input6000_rate3p33_reuse00_seed1,206,0.11516189099297262,13.755322768041843,13.870484659034815,765.6667788935905,5.329070518200751e-15,779.5372635526253,12.856052,727.551141,0.0,740.407193
2026-07-16_ttft_component_regression/phase1/input6000_rate3p33_reuse00_seed1,189,0.0853763065996131,11.60120593619253,11.686582242792143,765.6667788935905,5.329070518200751e-15,777.3533611363827,11.407008,725.789206,0.0,737.196214
2026-07-16_ttft_component_regression/phase1/input6000_rate3p33_reuse00_seed1,221,0.03747796889359689,10.465058378281686,10.502536347175283,765.6667788935905,5.329070518200751e-15,776.1693152407657,19.37545,725.742468,0.0,745.117918
2026-07-16_ttft_component_regression/phase1/input6000_rate3p33_reuse00_seed1,229,0.0012545230747507637,14.689155340938319,14.69040986401307,765.6667788935905,5.329070518200751e-15,780.3571887576036,10.032694,733.420381,0.0,743.453075
2026-07-16_ttft_component_regression/phase1/input6000_rate3p33_reuse00_seed1,222,0.06970511597263276,12.571266766375402,12.640971882348035,765.6667788935905,5.329070518200751e-15,778.3077507759385,18.792498,724.60501,0.0,743.397508
2026-07-16_ttft_component_regression/phase1/input6000_rate3p33_reuse00_seed1,243,1.1966972302920023,21.52720944906201,22.723906679354013,765.6667788935905,0.622677772606183,789.0133633455507,155.341551,1004.430933,0.619393,1160.391877
2026-07-16_ttft_component_regression/phase1/input6000_rate3p33_reuse00_seed1,250,1.1966340184191742,23.108356290113147,24.30499030853232,765.6667788935905,0.622677772606183,790.594446974729,15.894375,755.378822,0.619393,771.89259
2026-07-16_ttft_component_regression/phase1/input6000_rate3p33_reuse00_seed1,257,0.05330131356877814,18.725371981572728,18.778673295141505,765.6667788935905,5.329070518200751e-15,784.445452188732,3.028276,755.802627,0.0,758.830903
2026-07-16_ttft_component_regression/phase1/input6000_rate3p33_reuse00_seed1,253,0.4359200923270686,20.479162843962452,20.915082936289522,765.6667788935905,5.329070518200751e-15,786.58186182988,58.885196,770.261545,0.0,829.146741
2026-07-16_ttft_component_regression/phase1/input6000_rate3p33_reuse00_seed1,242,0.0,16.075590310305554,16.075590310305554,765.6667788935905,5.329070518200751e-15,781.742369203896,20.568876,750.819795,0.0,771.388671
2026-07-16_ttft_component_regression/phase1/input6000_rate3p33_reuse00_seed1,276,0.0,16.924289017677133,16.924289017677133,765.6667788935905,5.329070518200751e-15,782.5910679112676,22.281013,743.453443,0.0,765.734456
2026-07-16_ttft_component_regression/phase1/input6000_rate3p33_reuse00_seed1,293,0.0,18.413381475923348,18.413381475923348,765.6667788935905,5.329070518200751e-15,784.0801603695138,5.329445,744.267775,0.0,749.59722
2026-07-16_ttft_component_regression/phase1/input6000_rate3p33_reuse00_seed1,299,0.0,16.628166202206163,16.628166202206163,765.6667788935905,5.329070518200751e-15,782.2949450957967,12.269634,741.91296,0.0,754.182594
2026-07-16_ttft_component_regression/phase1/input6000_rate3p33_reuse00_seed2,21,0.0,11.207032880662824,11.207032880662824,763.2345289846683,0.0,774.4415618653311,139.881083,939.299012,0.0,1079.180095
2026-07-16_ttft_component_regression/phase1/input6000_rate3p33_reuse00_seed2,18,0.017871351250231024,6.348749026100671,6.366620377350902,763.2345289846683,0.0,769.6011493620192,11.76357,707.356879,0.0,719.120449
2026-07-16_ttft_component_regression/phase1/input6000_rate3p33_reuse00_seed2,12,0.0,0.1379973236786964,0.1379973236786964,763.2345289846683,0.0,763.372526308347,0.000883,676.342498,0.0,676.343381
2026-07-16_ttft_component_regression/phase1/input6000_rate3p33_reuse00_seed2,70,0.011279269951927115,10.735997057904504,10.747276327856431,763.2345289846683,0.0,773.9818053125247,167.19417,931.799085,0.0,1098.993255
2026-07-16_ttft_component_regression/phase1/input6000_rate3p33_reuse00_seed2,66,0.0,10.493774292402936,10.493774292402936,763.2345289846683,0.0,773.7283032770712,213.929951,971.002545,0.0,1184.932496
2026-07-16_ttft_component_regression/phase1/input6000_rate3p33_reuse00_seed2,79,0.01393266398765694,11.370702853175407,11.384635517163064,763.2345289846683,0.0,774.6191645018313,18.95099,709.430094,0.0,728.381084
2026-07-16_ttft_component_regression/phase1/input6000_rate3p33_reuse00_seed2,87,0.04191975406664971,13.524173724598663,13.566093478665312,763.2345289846683,0.0,776.8006224633335,20.458089,716.290002,0.0,736.748091
2026-07-16_ttft_component_regression/phase1/input6000_rate3p33_reuse00_seed2,65,0.01377746185462504,5.951107856661587,5.964885318516212,763.2345289846683,0.0,769.1994143031844,2.099019,709.599663,0.0,711.698682
2026-07-16_ttft_component_regression/phase1/input6000_rate3p33_reuse00_seed2,67,0.0,183.47107950725422,183.47107950725422,763.2345289846683,0.0,946.7056084919225,791.561287,983.366719,0.0,1774.928006
2026-07-16_ttft_component_regression/phase1/input6000_rate3p33_reuse00_seed2,123,0.0,15.816726545801306,15.816726545801306,763.2345289846683,0.0,779.0512555304696,10.178788,730.519298,0.0,740.698086
2026-07-16_ttft_component_regression/phase1/input6000_rate3p33_reuse00_seed2,137,0.4611729795640087,20.23126362996687,20.69243660953088,763.2345289846683,0.0,783.9269655941991,33.070334,1020.545613,0.0,1053.615947
2026-07-16_ttft_component_regression/phase1/input6000_rate3p33_reuse00_seed2,135,0.06473726939292834,17.884924230391025,17.949661499783954,763.2345289846683,0.0,781.1841904844522,26.004094,759.466387,0.0,785.470481
2026-07-16_ttft_component_regression/phase1/input6000_rate3p33_reuse00_seed2,153,0.0,17.089551872986092,17.089551872986092,763.2345289846683,0.0,780.3240808576544,9.690878,741.864009,0.0,751.554887
2026-07-16_ttft_component_regression/phase1/input6000_rate3p33_reuse00_seed2,119,0.027163978282735483,15.061128960412544,15.088292938695279,763.2345289846683,0.0,778.3228219233636,19.343982,724.769418,0.0,744.1134
2026-07-16_ttft_component_regression/phase1/input6000_rate3p33_reuse00_seed2,158,0.0,17.08222381691737,17.08222381691737,763.2345289846683,0.0,780.3167528015856,21.788669,754.249066,0.0,776.037735
2026-07-16_ttft_component_regression/phase1/input6000_rate3p33_reuse00_seed2,132,0.0,16.565193835623397,16.565193835623397,763.2345289846683,0.0,779.7997228202917,0.5106,743.887331,0.0,744.397931
2026-07-16_ttft_component_regression/phase1/input6000_rate3p33_reuse00_seed2,141,1132.4447029161024,24.096628077563484,1156.541330993666,763.2345289846683,0.0,1919.7758599783342,919.491537,772.076377,0.0,1691.567914
2026-07-16_ttft_component_regression/phase1/input6000_rate3p33_reuse00_seed2,190,0.05854229576583116,18.474750089570886,18.53329238533672,763.2345289846683,0.0,781.767821370005,1.071141,750.71149,0.0,751.782631
2026-07-16_ttft_component_regression/phase1/input6000_rate3p33_reuse00_seed2,179,0.0,17.08222381691737,17.08222381691737,763.2345289846683,0.0,780.3167528015856,21.081251,745.750048,0.0,766.831299
2026-07-16_ttft_component_regression/phase1/input6000_rate3p33_reuse00_seed2,221,0.07920283225280103,12.903507562809624,12.982710395062425,763.2345289846683,0.0,776.2172393797307,16.527486,733.845289,0.0,750.372775
2026-07-16_ttft_component_regression/phase1/input6000_rate3p33_reuse00_seed2,251,0.0525866686772615,11.152817081328102,11.205403750005363,763.2345289846683,0.0,774.4399327346737,16.047067,713.344291,0.0,729.391358
2026-07-16_ttft_component_regression/phase1/input6000_rate3p33_reuse00_seed2,255,0.06025098155811394,11.293639267730416,11.353890249288531,763.2345289846683,0.0,774.5884192339568,9.828964,710.248552,0.0,720.077516
2026-07-16_ttft_component_regression/phase1/input6000_rate3p33_reuse00_seed2,284,0.013923664975086951,10.546197510134323,10.56012117510941,763.2345289846683,0.0,773.7946501597777,9.976641,705.747596,0.0,715.724237
2026-07-16_ttft_component_regression/phase1/input6000_rate3p33_reuse00_seed2,290,0.008001520877995718,10.455395419390493,10.463396940268488,763.2345289846683,0.0,773.6979259249367,14.38671,709.62781,0.0,724.01452
2026-07-16_ttft_component_regression/phase1/input6000_rate3p33_reuse00_seed2,1,0.018814167980293266,6.308440925395628,6.327255093375921,763.2345289846683,0.0,769.5617840780442,332.607214,927.033461,0.0,1259.640675
2026-07-16_ttft_component_regression/phase1/input6000_rate3p33_reuse00_seed2,3,0.0,11.26956218518386,11.26956218518386,763.2345289846683,0.0,774.5040911698521,115.48697,699.412282,0.0,814.899252
2026-07-16_ttft_component_regression/phase1/input6000_rate3p33_reuse00_seed2,0,0.0,0.1086187080370385,0.1086187080370385,763.2345289846683,0.0,763.3431476927053,0.0,689.692786,0.0,689.692786
2026-07-16_ttft_component_regression/phase1/input6000_rate3p33_reuse00_seed2,16,0.041936328995698935,13.455779027687734,13.497715356683434,763.2345289846683,0.0,776.7322443413517,396.040613,951.990453,0.0,1348.031066
2026-07-16_ttft_component_regression/phase1/input6000_rate3p33_reuse00_seed2,13,0.012467752442144667,11.298865932310283,11.311333684752428,763.2345289846683,0.0,774.5458626694207,86.462676,982.264615,0.0,1068.727291
2026-07-16_ttft_component_regression/phase1/input6000_rate3p33_reuse00_seed2,9,0.0,11.031327846248725,11.031327846248725,763.2345289846683,0.0,774.265856830917,14.290483,718.561583,0.0,732.852066
2026-07-16_ttft_component_regression/phase1/input6000_rate3p33_reuse00_seed2,24,0.0,15.903990747591312,15.903990747591312,763.2345289846683,0.0,779.1385197322596,15.366682,722.428042,0.0,737.794724
2026-07-16_ttft_component_regression/phase1/input6000_rate3p33_reuse00_seed2,55,0.0,17.320147695376455,17.320147695376455,763.2345289846683,0.0,780.5546766800447,18.609165,731.04765,0.0,749.656815
2026-07-16_ttft_component_regression/phase1/input6000_rate3p33_reuse00_seed2,78,0.041788423251041325,13.622752136127348,13.66454055937839,763.2345289846683,0.0,776.8990695440466,2.592191,731.472809,0.0,734.065
2026-07-16_ttft_component_regression/phase1/input6000_rate3p33_reuse00_seed2,80,0.0,15.944177611451673,15.944177611451673,763.2345289846683,0.0,779.1787065961199,166.111101,971.83398,0.0,1137.945081
2026-07-16_ttft_component_regression/phase1/input6000_rate3p33_reuse00_seed2,64,0.03790486311084458,12.81571408085005,12.853618943960894,763.2345289846683,0.0,776.0881479286292,0.86911,718.308914,0.0,719.178024
2026-07-16_ttft_component_regression/phase1/input6000_rate3p33_reuse00_seed2,108,0.03805556525238426,12.705122527642951,12.743178092895334,763.2345289846683,0.0,775.9777070775635,21.810352,732.484628,0.0,754.29498
2026-07-16_ttft_component_regression/phase1/input6000_rate3p33_reuse00_seed2,106,0.009941302715736823,10.672555457615546,10.682496760331283,763.2345289846683,0.0,773.9170257449996,18.956685,723.981665,0.0,742.93835
2026-07-16_ttft_component_regression/phase1/input6000_rate3p33_reuse00_seed2,142,0.0791866828975318,12.909286890834801,12.988473573732334,763.2345289846683,0.0,776.2230025584006,244.22301,1015.851876,0.0,1260.074886
2026-07-16_ttft_component_regression/phase1/input6000_rate3p33_reuse00_seed2,147,0.0,268.53492291802337,268.53492291802337,763.2345289846683,0.0,1031.7694519026916,1112.960044,965.037817,0.0,2077.997861
2026-07-16_ttft_component_regression/phase1/input6000_rate3p33_reuse00_seed2,146,0.0,14.572915004768607,14.572915004768607,763.2345289846683,0.0,777.8074439894368,362.442989,1017.075658,0.0,1379.518647
2026-07-16_ttft_component_regression/phase1/input6000_rate3p33_reuse00_seed2,126,0.049922253457123054,12.39784895909592,12.447771212553043,763.2345289846683,0.0,775.6823001972213,21.276795,738.576428,0.0,759.853223
2026-07-16_ttft_component_regression/phase1/input6000_rate3p33_reuse00_seed2,140,0.053081594437107964,10.856015341432549,10.909096935869657,763.2345289846683,0.0,774.1436259205379,6.132277,745.398618,0.0,751.530895
2026-07-16_ttft_component_regression/phase1/input6000_rate3p33_reuse00_seed2,175,0.0,16.569343521339764,16.569343521339764,763.2345289846683,0.0,779.803872506008,0.963721,758.306136,0.0,759.269857
2026-07-16_ttft_component_regression/phase1/input6000_rate3p33_reuse00_seed2,189,0.0,17.079342073970672,17.079342073970672,763.2345289846683,0.0,780.3138710586389,14.303442,745.79029,0.0,760.093732
2026-07-16_ttft_component_regression/phase1/input6000_rate3p33_reuse00_seed2,168,0.0,16.30920280242848,16.30920280242848,763.2345289846683,0.0,779.5437317870967,17.26747,739.174888,0.0,756.442358
2026-07-16_ttft_component_regression/phase1/input6000_rate3p33_reuse00_seed2,204,0.0,16.55179667166361,16.55179667166361,763.2345289846683,0.0,779.7863256563319,19.053162,762.353869,0.0,781.407031
2026-07-16_ttft_component_regression/phase1/input6000_rate3p33_reuse00_seed2,218,1589.9475685172117,24.102359073720553,1614.0499275909324,763.2345289846683,0.0,2377.2844565756004,1151.993309,768.60409,0.0,1920.597399
2026-07-16_ttft_component_regression/phase1/input6000_rate3p33_reuse00_seed2,212,2031.7321643068103,427.1133844031917,2458.845548710002,763.2345289846683,0.0,3222.08007769467,1382.440967,770.977147,0.0,2153.418114
2026-07-16_ttft_component_regression/phase1/input6000_rate3p33_reuse00_seed2,227,2314.3426534607443,24.105205352610128,2338.4478588133543,763.2345289846683,0.0,3101.6823877980223,1412.777359,773.382634,0.0,2186.159993
2026-07-16_ttft_component_regression/phase1/input6000_rate3p33_reuse00_seed2,246,1434.1208006459215,25.663698297952404,1459.7844989438738,763.2345289846683,0.0,2223.019027928542,936.622959,769.524413,0.0,1706.147372
2026-07-16_ttft_component_regression/phase1/input6000_rate3p33_reuse00_seed2,205,0.0653987182875851,17.889398861157684,17.95479757944527,763.2345289846683,0.0,781.1893265641136,416.642342,1033.194815,0.0,1449.837157
2026-07-16_ttft_component_regression/phase1/input6000_rate3p33_reuse00_seed2,210,0.4779955749600714,354.6826343840541,355.16062995901416,763.2345289846683,0.0,1118.3951589436824,849.483361,1010.383982,0.0,1859.867343
2026-07-16_ttft_component_regression/phase1/input6000_rate3p33_reuse00_seed2,248,3307.056742257774,25.66679119877771,3332.723533456552,763.2345289846683,0.0,4095.95806244122,1920.595988,763.283251,0.0,2683.879239
2026-07-16_ttft_component_regression/phase1/input6000_rate3p33_reuse00_seed2,236,0.4779955749600714,20.30154407623476,20.77953965119483,763.2345289846683,0.0,784.014068635863,22.429683,770.193987,0.0,792.62367
2026-07-16_ttft_component_regression/phase1/input6000_rate3p33_reuse00_seed2,19,0.0,0.12822592052976808,0.12822592052976808,763.2345289846683,0.0,763.362754905198,0.001598,676.342498,0.0,676.344096
2026-07-16_ttft_component_regression/phase1/input6000_rate3p33_reuse00_seed2,23,0.017431049024431298,6.364681242542675,6.382112291567106,763.2345289846683,0.0,769.6166412762353,15.983744,693.944812,0.0,709.928556
2026-07-16_ttft_component_regression/phase1/input6000_rate3p33_reuse00_seed2,49,0.0,11.170271019744524,11.170271019744524,763.2345289846683,0.0,774.4048000044128,1.796314,700.829434,0.0,702.625748
2026-07-16_ttft_component_regression/phase1/input6000_rate3p33_reuse00_seed2,62,0.0,10.383151814500241,10.383151814500241,763.2345289846683,0.0,773.6176807991685,17.469696,707.171404,0.0,724.6411
2026-07-16_ttft_component_regression/phase1/input6000_rate3p33_reuse00_seed2,72,0.0,10.384634994224731,10.384634994224731,763.2345289846683,0.0,773.619163978893,18.276956,706.790764,0.0,725.06772
2026-07-16_ttft_component_regression/phase1/input6000_rate3p33_reuse00_seed2,99,0.03806448245398887,12.681656004616187,12.719720487070175,763.2345289846683,0.0,775.9542494717384,16.746664,717.13413,0.0,733.880794
2026-07-16_ttft_component_regression/phase1/input6000_rate3p33_reuse00_seed2,93,0.013370615543237454,11.342934386313534,11.356305001856771,763.2345289846683,0.0,774.590833986525,12.406739,710.603662,0.0,723.010401
2026-07-16_ttft_component_regression/phase1/input6000_rate3p33_reuse00_seed2,88,0.0,11.05470803721655,11.05470803721655,763.2345289846683,0.0,774.2892370218848,11.198961,706.485228,0.0,717.684189
2026-07-16_ttft_component_regression/phase1/input6000_rate3p33_reuse00_seed2,134,0.020897830164653665,10.31279829488328,10.333696125047933,763.2345289846683,0.0,773.5682251097162,9.409843,711.800622,0.0,721.210465
2026-07-16_ttft_component_regression/phase1/input6000_rate3p33_reuse00_seed2,145,0.0499644049881465,10.711729011387757,10.761693416375904,763.2345289846683,0.0,773.9962224010442,9.587316,711.269326,0.0,720.856642
2026-07-16_ttft_component_regression/phase1/input6000_rate3p33_reuse00_seed2,171,0.04986437544240366,12.42598783108014,12.475852206522545,763.2345289846683,0.0,775.7103811911908,12.296288,726.00988,0.0,738.306168
2026-07-16_ttft_component_regression/phase1/input6000_rate3p33_reuse00_seed2,151,0.0,10.408511373584972,10.408511373584972,763.2345289846683,0.0,773.6430403582532,7.63128,706.405708,0.0,714.036988
2026-07-16_ttft_component_regression/phase1/input6000_rate3p33_reuse00_seed2,164,0.03773397661356016,12.879015194640271,12.916749171253832,763.2345289846683,0.0,776.1512781559221,317.238531,975.654915,0.0,1292.893446
2026-07-16_ttft_component_regression/phase1/input6000_rate3p33_reuse00_seed2,162,0.012274852334755042,10.78417420710019,10.796449059434945,763.2345289846683,0.0,774.0309780441032,6.176659,734.53384,0.0,740.710499
2026-07-16_ttft_component_regression/phase1/input6000_rate3p33_reuse00_seed2,185,0.0,15.02273417110765,15.02273417110765,763.2345289846683,0.0,778.257263155776,18.95796,730.581188,0.0,749.539148
2026-07-16_ttft_component_regression/phase1/input6000_rate3p33_reuse00_seed2,208,0.0,14.585738103451426,14.585738103451426,763.2345289846683,0.0,777.8202670881196,18.484683,740.646507,0.0,759.13119
2026-07-16_ttft_component_regression/phase1/input6000_rate3p33_reuse00_seed2,213,0.0,17.48040697263114,17.48040697263114,763.2345289846683,0.0,780.7149359572994,3.442475,740.344157,0.0,743.786632
2026-07-16_ttft_component_regression/phase1/input6000_rate3p33_reuse00_seed2,240,0.09880635127665198,11.51488694085943,11.613693292136082,763.2345289846683,0.0,774.8482222768043,7.601308,718.175206,0.0,725.776514
2026-07-16_ttft_component_regression/phase1/input6000_rate3p33_reuse00_seed2,266,0.09771537613720728,11.464132152541088,11.561847528678296,763.2345289846683,0.0,774.7963765133466,17.216504,725.092871,0.0,742.309375
2026-07-16_ttft_component_regression/phase1/input6000_rate3p33_reuse00_seed2,276,0.04926370861506709,10.680302406869664,10.729566115484731,763.2345289846683,0.0,773.964095100153,16.454797,724.13616,0.0,740.590957
2026-07-16_ttft_component_regression/phase1/input6000_rate3p33_reuse00_seed2,260,0.05306818277956116,11.16440690458472,11.217475087364281,763.2345289846683,0.0,774.4520040720325,11.585621,717.928123,0.0,729.513744
2026-07-16_ttft_component_regression/phase1/input6000_rate3p33_reuse00_seed2,298,0.00694108273499526,10.43014545734846,10.437086540083456,763.2345289846683,0.0,773.6716155247517,14.867127,711.14774,0.0,726.014867
2026-07-16_ttft_component_regression/phase1/input6000_rate3p33_reuse00_seed2,2,0.0,0.11107399807551883,0.11107399807551883,763.2345289846683,0.0,763.3456029827438,0.31702,676.342498,0.0,676.659518
2026-07-16_ttft_component_regression/phase1/input6000_rate3p33_reuse00_seed2,31,0.018644308798202204,6.316415022354927,6.335059331153129,763.2345289846683,0.0,769.5695883158214,5.713842,695.344012,0.0,701.057854
2026-07-16_ttft_component_regression/phase1/input6000_rate3p33_reuse00_seed2,45,0.018814167980293266,6.308440925395628,6.327255093375921,763.2345289846683,0.0,769.5617840780442,14.981471,707.898159,0.0,722.87963
2026-07-16_ttft_component_regression/phase1/input6000_rate3p33_reuse00_seed2,46,0.0,118.68527427627279,118.68527427627279,763.2345289846683,0.0,881.9198032609411,457.449028,939.700516,0.0,1397.149544
2026-07-16_ttft_component_regression/phase1/input6000_rate3p33_reuse00_seed2,63,0.0,10.362554414633566,10.362554414633566,763.2345289846683,0.0,773.5970833993018,15.856336,706.414892,0.0,722.271228
2026-07-16_ttft_component_regression/phase1/input6000_rate3p33_reuse00_seed2,73,0.0,16.302118920113987,16.302118920113987,763.2345289846683,0.0,779.5366479047823,267.866073,979.966255,0.0,1247.832328
2026-07-16_ttft_component_regression/phase1/input6000_rate3p33_reuse00_seed2,82,0.0,18.1050855598868,18.1050855598868,763.2345289846683,0.0,781.339614544555,22.879796,734.335605,0.0,757.215401
2026-07-16_ttft_component_regression/phase1/input6000_rate3p33_reuse00_seed2,86,0.03932356932650232,19.447531087410127,19.48685465673663,763.2345289846683,0.0,782.7213836414049,10.423918,742.731736,0.0,753.155654
2026-07-16_ttft_component_regression/phase1/input6000_rate3p33_reuse00_seed2,69,0.03806605306487927,12.664017230036304,12.702083283101183,763.2345289846683,0.0,775.9366122677694,18.384112,716.963954,0.0,735.348066
2026-07-16_ttft_component_regression/phase1/input6000_rate3p33_reuse00_seed2,68,0.008480086761792812,10.604882815530548,10.61336290229234,763.2345289846683,0.0,773.8478918869606,12.827757,710.475054,0.0,723.302811
2026-07-16_ttft_component_regression/phase1/input6000_rate3p33_reuse00_seed2,96,0.43224644776249593,22.05065913389473,22.482905581657224,763.2345289846683,0.0,785.7174345663254,475.782319,1013.003054,0.0,1488.785373
2026-07-16_ttft_component_regression/phase1/input6000_rate3p33_reuse00_seed2,71,0.0,14.971645344438476,14.971645344438476,763.2345289846683,0.0,778.2061743291067,207.546804,735.147806,0.0,942.69461
2026-07-16_ttft_component_regression/phase1/input6000_rate3p33_reuse00_seed2,95,0.0474874693048521,19.50926559198491,19.55675306128976,763.2345289846683,0.0,782.791282045958,16.954591,753.202755,0.0,770.157346
2026-07-16_ttft_component_regression/phase1/input6000_rate3p33_reuse00_seed2,97,6348.128605984936,399.1529281904038,6747.28153417534,763.2345289846683,0.0,7510.516063160008,5725.558716,765.646897,0.0,6491.205613
2026-07-16_ttft_component_regression/phase1/input6000_rate3p33_reuse00_seed2,129,5540.198159950818,23.236160171320705,5563.434320122139,763.2345289846683,0.0,6326.668849106807,4677.349768,760.346571,0.0,5437.696339
2026-07-16_ttft_component_regression/phase1/input6000_rate3p33_reuse00_seed2,100,7363.274859181333,23.936596988922982,7387.2114561702565,763.2345289846683,0.0,8150.4459851549245,11069.421069,759.490354,0.0,11828.911423
2026-07-16_ttft_component_regression/phase1/input6000_rate3p33_reuse00_seed2,139,6350.742833014351,24.058141421751387,6374.8009744361025,763.2345289846683,0.0,7138.0355034207705,5521.2999549999995,773.536848,0.0,6294.836803
2026-07-16_ttft_component_regression/phase1/input6000_rate3p33_reuse00_seed2,110,7142.124821834551,23.245080898796964,7165.369902733348,763.2345289846683,0.0,7928.604431718016,8548.499924,761.880508,0.0,9310.380432
2026-07-16_ttft_component_regression/phase1/input6000_rate3p33_reuse00_seed2,150,6594.50779896397,23.290818662283545,6617.798617626254,763.2345289846683,0.0,7381.033146610922,6777.989037,769.831671,0.0,7547.820708
2026-07-16_ttft_component_regression/phase1/input6000_rate3p33_reuse00_seed2,133,6588.729665777748,23.27119289742477,6612.000858675173,763.2345289846683,0.0,7375.235387659841,6476.864368,762.42683,0.0,7239.291198
2026-07-16_ttft_component_regression/phase1/input6000_rate3p33_reuse00_seed2,174,4367.411479771426,23.37030207900805,4390.781781850434,763.2345289846683,0.0,5154.016310835102,2657.453036,765.725005,0.0,3423.178041
2026-07-16_ttft_component_regression/phase1/input6000_rate3p33_reuse00_seed2,144,6921.0840612973925,24.130240428160217,6945.214301725553,763.2345289846683,0.0,7708.448830710221,6990.559602,771.930397,0.0,7762.489999
2026-07-16_ttft_component_regression/phase1/input6000_rate3p33_reuse00_seed2,180,7049.167743717809,24.050149222559106,7073.217892940368,763.2345289846683,0.0,7836.452421925036,6893.504608,773.974846,0.0,7667.479454
2026-07-16_ttft_component_regression/phase1/input6000_rate3p33_reuse00_seed2,178,4874.576996439434,24.084951672366376,4898.6619481118005,763.2345289846683,0.0,5661.8964770964685,3070.812241,767.928168,0.0,3838.740409
2026-07-16_ttft_component_regression/phase1/input6000_rate3p33_reuse00_seed2,187,7761.54390114539,24.055282347220697,7785.599183492611,763.2345289846683,0.0,8548.833712477279,15026.826159,762.327684,0.0,15789.153843
2026-07-16_ttft_component_regression/phase1/input6000_rate3p33_reuse00_seed2,191,7763.315611821875,24.055282347220697,7787.370894169096,763.2345289846683,0.0,8550.605423153764,16039.850431,760.73266,0.0,16800.583091
2026-07-16_ttft_component_regression/phase1/input6000_rate3p33_reuse00_seed2,183,7517.919975567343,24.09206309014496,7542.012038657487,763.2345289846683,0.0,8305.246567642156,9175.361766,762.061015,0.0,9937.422781
2026-07-16_ttft_component_regression/phase1/input6000_rate3p33_reuse00_seed2,206,7735.003180226764,23.320427385532703,7758.323607612297,763.2345289846683,0.0,8521.558136596965,13160.315201,763.368083,0.0,13923.683284
2026-07-16_ttft_component_regression/phase1/input6000_rate3p33_reuse00_seed2,186,7721.506818543208,24.09206309014496,7745.598881633353,763.2345289846683,0.0,8508.833410618021,11276.112679,763.334073,0.0,12039.446752
2026-07-16_ttft_component_regression/phase1/input6000_rate3p33_reuse00_seed2,228,7751.04796669663,24.14898003998478,7775.196946736615,763.2345289846683,0.0,8538.431475721283,9248.57055,772.989344,0.0,10021.559894
2026-07-16_ttft_component_regression/phase1/input6000_rate3p33_reuse00_seed2,238,7958.217632900039,25.758473167069642,7983.976106067108,763.2345289846683,0.0,8747.210635051777,8937.887422,767.150596,0.0,9705.038018
2026-07-16_ttft_component_regression/phase1/input6000_rate3p33_reuse00_seed2,234,7745.396953237575,24.2128146879484,7769.609767925524,763.2345289846683,0.0,8532.844296910192,8872.219089,774.50869,0.0,9646.727779
2026-07-16_ttft_component_regression/phase1/input6000_rate3p33_reuse00_seed2,250,8018.513568519995,25.76632540761795,8044.279893927613,763.2345289846683,0.0,8807.514422912282,9152.493413,767.971946,0.0,9920.465359
2026-07-16_ttft_component_regression/phase1/input6000_rate3p33_reuse00_seed2,272,7901.735283712921,25.699914983054445,7927.4351986959755,763.2345289846683,0.0,8690.669727680644,8264.63699,770.303717,0.0,9034.940707
2026-07-16_ttft_component_regression/phase1/input6000_rate3p33_reuse00_seed2,257,7727.551868883547,25.711547166837903,7753.263416050385,763.2345289846683,0.0,8516.497945035053,8300.998108,764.412725,0.0,9065.410833
2026-07-16_ttft_component_regression/phase1/input6000_rate3p33_reuse00_seed2,10,0.0,11.207032880662824,11.207032880662824,763.2345289846683,0.0,774.4415618653311,5.725713,699.510746,0.0,705.236459
2026-07-16_ttft_component_regression/phase1/input6000_rate3p33_reuse00_seed2,4,0.0,0.11107399807551883,0.11107399807551883,763.2345289846683,0.0,763.3456029827438,0.581797,676.342498,0.0,676.924295
2026-07-16_ttft_component_regression/phase1/input6000_rate3p33_reuse00_seed2,20,0.011787971752713053,11.266110871145642,11.277898842898356,763.2345289846683,0.0,774.5124278275666,72.444681,952.6317,0.0,1025.076381
2026-07-16_ttft_component_regression/phase1/input6000_rate3p33_reuse00_seed2,17,0.0,11.039656877225209,11.039656877225209,763.2345289846683,0.0,774.2741858618934,3.239762,718.567887,0.0,721.807649
2026-07-16_ttft_component_regression/phase1/input6000_rate3p33_reuse00_seed2,8,0.017809464161739393,6.351087981776231,6.36889744593797,763.2345289846683,0.0,769.6034264306062,6.320591,694.003692,0.0,700.324283
2026-07-16_ttft_component_regression/phase1/input6000_rate3p33_reuse00_seed2,32,0.04193726147800865,13.462016091587193,13.503953353065201,763.2345289846683,0.0,776.7384823377334,4.120076,729.709481,0.0,733.829557
2026-07-16_ttft_component_regression/phase1/input6000_rate3p33_reuse00_seed2,33,0.0,15.911699110146657,15.911699110146657,763.2345289846683,0.0,779.1462280948149,64.282286,969.60406,0.0,1033.886346
2026-07-16_ttft_component_regression/phase1/input6000_rate3p33_reuse00_seed2,57,0.0545733063368098,19.562307454787813,19.616880761124623,763.2345289846683,0.0,782.8514097457929,103.571056,1019.587523,0.0,1123.158579
2026-07-16_ttft_component_regression/phase1/input6000_rate3p33_reuse00_seed2,56,0.0,18.13300260123452,18.13300260123452,763.2345289846683,0.0,781.3675315859027,20.288799,744.663524,0.0,764.952323
2026-07-16_ttft_component_regression/phase1/input6000_rate3p33_reuse00_seed2,74,0.46402256693454735,22.198273151652625,22.662295718587174,763.2345289846683,0.0,785.8968247032554,8.367985,758.992882,0.0,767.360867
2026-07-16_ttft_component_regression/phase1/input6000_rate3p33_reuse00_seed2,53,0.0,17.325275549921002,17.325275549921002,763.2345289846683,0.0,780.5598045345893,1.037675,730.25949,0.0,731.297165
2026-07-16_ttft_component_regression/phase1/input6000_rate3p33_reuse00_seed2,58,0.4614429951009085,22.18650530028451,22.64794829538542,763.2345289846683,0.0,785.8824772800536,662.921724,996.766995,0.0,1659.688719
2026-07-16_ttft_component_regression/phase1/input6000_rate3p33_reuse00_seed2,89,0.0,18.180377703159504,18.180377703159504,763.2345289846683,0.0,781.4149066878277,13.346382,746.45999,0.0,759.806372
2026-07-16_ttft_component_regression/phase1/input6000_rate3p33_reuse00_seed2,112,0.0,15.821999951225113,15.821999951225113,763.2345289846683,0.0,779.0565289358934,8.076971,757.897326,0.0,765.974297
2026-07-16_ttft_component_regression/phase1/input6000_rate3p33_reuse00_seed2,118,0.508440766764597,20.425078742446846,20.933519509211443,763.2345289846683,0.0,784.1680484938797,54.977136,772.215731,0.0,827.192867
2026-07-16_ttft_component_regression/phase1/input6000_rate3p33_reuse00_seed2,114,0.0,16.591022135007734,16.591022135007734,763.2345289846683,0.0,779.825551119676,216.393504,1029.392574,0.0,1245.786078
2026-07-16_ttft_component_regression/phase1/input6000_rate3p33_reuse00_seed2,115,0.08517836594929483,18.02144956461331,18.106627930562603,763.2345289846683,0.0,781.3411569152308,598.14019,1003.722884,0.0,1601.863074
2026-07-16_ttft_component_regression/phase1/input6000_rate3p33_reuse00_seed2,122,2708.276111520011,23.367932145031595,2731.644043665043,763.2345289846683,0.0,3494.878572649711,1529.322892,772.51748,0.0,2301.840372
2026-07-16_ttft_component_regression/phase1/input6000_rate3p33_reuse00_seed2,136,958.1471373045074,23.365549024171866,981.5126863286793,763.2345289846683,0.0,1744.7472153133476,701.666647,775.328186,0.0,1476.994833
2026-07-16_ttft_component_regression/phase1/input6000_rate3p33_reuse00_seed2,173,0.0,17.201128874237526,17.201128874237526,763.2345289846683,0.0,780.4356578589058,6.114327,744.165915,0.0,750.280242
2026-07-16_ttft_component_regression/phase1/input6000_rate3p33_reuse00_seed2,177,0.0879977506719836,18.040000005114116,18.1279977557861,763.2345289846683,0.0,781.3625267404543,8.676057,757.126938,0.0,765.802995
2026-07-16_ttft_component_regression/phase1/input6000_rate3p33_reuse00_seed2,167,0.0,16.316305821405773,16.316305821405773,763.2345289846683,0.0,779.550834806074,9.534042,745.069742,0.0,754.603784
2026-07-16_ttft_component_regression/phase1/input6000_rate3p33_reuse00_seed2,192,0.0,17.115821601641606,17.115821601641606,763.2345289846683,0.0,780.3503505863099,11.542403,748.029679,0.0,759.572082
2026-07-16_ttft_component_regression/phase1/input6000_rate3p33_reuse00_seed2,195,0.49524695948694053,21.06349209030704,21.55873904979398,763.2345289846683,0.0,784.7932680344622,290.986712,1041.965118,0.0,1332.95183
2026-07-16_ttft_component_regression/phase1/input6000_rate3p33_reuse00_seed2,194,0.07700571460301692,18.602263347500344,18.679269062103362,763.2345289846683,0.0,781.9137980467716,7.690819,766.66895,0.0,774.359769
2026-07-16_ttft_component_regression/phase1/input6000_rate3p33_reuse00_seed2,201,6855.14887461009,24.167068954003522,6879.315943564094,763.2345289846683,0.0,7642.550472548762,6292.51967,773.876991,0.0,7066.396661
2026-07-16_ttft_component_regression/phase1/input6000_rate3p33_reuse00_seed2,200,6401.4050632926355,24.17710978812783,6425.582173080763,763.2345289846683,0.0,7188.816702065431,5151.20029,761.780158,0.0,5912.980448
2026-07-16_ttft_component_regression/phase1/input6000_rate3p33_reuse00_seed2,216,7565.669749559398,24.174619873916715,7589.844369433315,763.2345289846683,0.0,8353.078898417984,7891.837211,772.187441,0.0,8664.024652
2026-07-16_ttft_component_regression/phase1/input6000_rate3p33_reuse00_seed2,198,4549.264679532581,24.198904982194197,4573.463584514775,763.2345289846683,0.0,5336.698113499443,2834.5246490000004,761.549607,0.0,3596.074256
2026-07-16_ttft_component_regression/phase1/input6000_rate3p33_reuse00_seed2,209,6312.275173365326,23.384243314063536,6335.659416679389,763.2345289846683,0.0,7098.893945664057,5535.354725,766.436272,0.0,6301.790997
2026-07-16_ttft_component_regression/phase1/input6000_rate3p33_reuse00_seed2,231,7955.218319328391,24.132957005105585,7979.351276333497,763.2345289846683,0.0,8742.585805318166,13359.927936,761.442621,0.0,14121.370557
2026-07-16_ttft_component_regression/phase1/input6000_rate3p33_reuse00_seed2,223,8044.65811272719,24.174619873916715,8068.832732601107,763.2345289846683,0.0,8832.067261585775,12489.875783,760.967129,0.0,13250.842912
2026-07-16_ttft_component_regression/phase1/input6000_rate3p33_reuse00_seed2,219,8100.158388374598,24.2128146879484,8124.371203062547,763.2345289846683,0.0,8887.605732047215,11166.986429,761.310159,0.0,11928.296588
2026-07-16_ttft_component_regression/phase1/input6000_rate3p33_reuse00_seed2,239,8358.270494706761,25.714420428479638,8383.984915135241,763.2345289846683,0.0,9147.21944411991,16785.76646,763.308659,0.0,17549.075119
2026-07-16_ttft_component_regression/phase1/input6000_rate3p33_reuse00_seed2,233,8055.320088162685,24.15681264554823,8079.476900808234,763.2345289846683,0.0,8842.711429792902,15211.078546,767.525821,0.0,15978.604367
2026-07-16_ttft_component_regression/phase1/input6000_rate3p33_reuse00_seed2,241,8376.702791132235,25.725773480189883,8402.428564612424,763.2345289846683,0.0,9165.663093597093,17834.10228,774.065537,0.0,18608.167817
2026-07-16_ttft_component_regression/phase1/input6000_rate3p33_reuse00_seed2,232,8060.405169647038,24.17958612826781,8084.584755775306,763.2345289846683,0.0,8847.819284759975,12930.666530999999,773.239352,0.0,13703.905883
2026-07-16_ttft_component_regression/phase1/input6000_rate3p33_reuse00_seed2,280,13733.320781941096,402.2602883995799,14135.581070340677,763.2345289846683,0.0,14898.815599325346,12642.213566999999,767.654036,0.0,13409.867603
2026-07-16_ttft_component_regression/phase1/input6000_rate3p33_reuse00_seed2,277,11214.404720662278,24.146342576505965,11238.551063238785,763.2345289846683,0.0,12001.785592223454,12247.444416999999,771.025369,0.0,13018.469786
2026-07-16_ttft_component_regression/phase1/input6000_rate3p33_reuse00_seed2,258,8420.87947222737,25.736901169741316,8446.616373397112,763.2345289846683,0.0,9209.85090238178,14718.925897,771.478187,0.0,15490.404084
2026-07-16_ttft_component_regression/phase1/input6000_rate3p33_reuse00_seed2,287,17371.766575130016,24.130240428160217,17395.896815558175,763.2345289846683,0.0,18159.131344542842,18620.169235,761.089812,0.0,19381.259047
2026-07-16_ttft_component_regression/phase1/input6000_rate3p33_reuse00_seed2,283,16846.41474134449,24.1645250107187,16870.57926635521,763.2345289846683,0.0,17633.813795339876,14844.539352000002,770.729306,0.0,15615.268658
2026-07-16_ttft_component_regression/phase1/input6000_rate3p33_reuse00_seed2,289,17355.044132302894,24.13566046368307,17379.179792766576,763.2345289846683,0.0,18142.414321751243,20006.496316,761.673408,0.0,20768.169724
2026-07-16_ttft_component_regression/phase1/input6000_rate3p33_reuse00_seed2,291,17303.961881801322,24.13566046368307,17328.097542265004,763.2345289846683,0.0,18091.33207124967,22862.299898,763.80942,0.0,23626.109318
2026-07-16_ttft_component_regression/phase1/input6000_rate3p33_reuse00_seed2,293,17108.192688966214,401.8128814969492,17510.005570463163,763.2345289846683,0.0,18273.24009944783,23592.286071,761.868767,0.0,24354.154838
2026-07-16_ttft_component_regression/phase1/input6000_rate3p33_reuse00_seed2,285,17609.0516052604,24.1645250107187,17633.216130271117,763.2345289846683,0.0,18396.450659255785,18760.843095,763.43967,0.0,19524.282765
2026-07-16_ttft_component_regression/phase1/input6000_rate3p33_reuse00_seed2,296,17116.74696872558,24.108038782690304,17140.85500750827,763.2345289846683,0.0,17904.08953649294,26592.962913,773.112214,0.0,27366.075127
2026-07-16_ttft_component_regression/phase1/input6000_rate3p33_reuse00_seed2,299,17214.034343240288,24.127510759756394,17238.161854000045,763.2345289846683,0.0,18001.396382984713,27103.075957,768.490336,0.0,27871.566293
2026-07-16_ttft_component_regression/phase1/input6000_rate3p33_reuse00_seed2,295,17329.029185266456,24.143691860276554,17353.172877126734,763.2345289846683,0.0,18116.4074061114,25138.135352,760.371978,0.0,25898.50733
2026-07-16_ttft_component_regression/phase1/input6000_rate3p33_reuse00_seed2,14,0.0,0.1379973236786964,0.1379973236786964,763.2345289846683,0.0,763.372526308347,0.001888,676.342498,0.0,676.344386
2026-07-16_ttft_component_regression/phase1/input6000_rate3p33_reuse00_seed2,40,0.017871351250231024,6.348749026100671,6.366620377350902,763.2345289846683,0.0,769.6011493620192,6.408708,695.200748,0.0,701.609456
2026-07-16_ttft_component_regression/phase1/input6000_rate3p33_reuse00_seed2,47,0.0,11.199674910210188,11.199674910210188,763.2345289846683,0.0,774.4342038948785,18.362595,700.453274,0.0,718.815869
2026-07-16_ttft_component_regression/phase1/input6000_rate3p33_reuse00_seed2,59,0.03769618263385634,12.890462429476562,12.928158612110419,763.2345289846683,0.0,776.1626875967787,12.943374,716.910546,0.0,729.85392
2026-07-16_ttft_component_regression/phase1/input6000_rate3p33_reuse00_seed2,51,0.01704201273294309,11.529302085618193,11.546344098351137,763.2345289846683,0.0,774.7808730830194,76.387108,953.641268,0.0,1030.028376
2026-07-16_ttft_component_regression/phase1/input6000_rate3p33_reuse00_seed2,101,0.037752092986752875,12.873284238687601,12.911036331674355,763.2345289846683,0.0,776.1455653163426,13.372027,718.266546,0.0,731.638573
2026-07-16_ttft_component_regression/phase1/input6000_rate3p33_reuse00_seed2,50,0.0,11.092883748280062,11.092883748280062,763.2345289846683,0.0,774.3274127329483,18.550396,719.440047,0.0,737.990443
2026-07-16_ttft_component_regression/phase1/input6000_rate3p33_reuse00_seed2,103,0.0,15.02273417110765,15.02273417110765,763.2345289846683,0.0,778.257263155776,18.810663,724.399914,0.0,743.210577
2026-07-16_ttft_component_regression/phase1/input6000_rate3p33_reuse00_seed2,84,0.041526428384558466,13.720122645301881,13.76164907368644,763.2345289846683,0.0,776.9961780583546,4.808304,717.756274,0.0,722.564578
2026-07-16_ttft_component_regression/phase1/input6000_rate3p33_reuse00_seed2,111,0.0,14.572915004768607,14.572915004768607,763.2345289846683,0.0,777.8074439894368,0.765889,724.059658,0.0,724.825547
2026-07-16_ttft_component_regression/phase1/input6000_rate3p33_reuse00_seed2,127,0.0,15.824086928479316,15.824086928479316,763.2345289846683,0.0,779.0586159131476,10.7972,746.537134,0.0,757.334334
2026-07-16_ttft_component_regression/phase1/input6000_rate3p33_reuse00_seed2,130,0.0,16.586560488824343,16.586560488824343,763.2345289846683,0.0,779.8210894734926,124.508231,1002.757361,0.0,1127.265592
2026-07-16_ttft_component_regression/phase1/input6000_rate3p33_reuse00_seed2,121,0.021477134213784145,15.119408539241617,15.1408856734554,763.2345289846683,0.0,778.3754146581236,9.664039,724.172106,0.0,733.836145
2026-07-16_ttft_component_regression/phase1/input6000_rate3p33_reuse00_seed2,154,0.0,17.089551872986092,17.089551872986092,763.2345289846683,0.0,780.3240808576544,22.995635,750.143223,0.0,773.138858
2026-07-16_ttft_component_regression/phase1/input6000_rate3p33_reuse00_seed2,157,0.06594427196524993,18.52623816277261,18.59218243473786,763.2345289846683,0.0,781.8267114194061,15.707331,754.364415,0.0,770.071746
2026-07-16_ttft_component_regression/phase1/input6000_rate3p33_reuse00_seed2,184,0.0,15.006912772725073,15.006912772725073,763.2345289846683,0.0,778.2414417573933,8.945572,739.962929,0.0,748.908501
2026-07-16_ttft_component_regression/phase1/input6000_rate3p33_reuse00_seed2,169,0.4859608540476917,21.024977906901064,21.510938760948758,763.2345289846683,0.0,784.745467745617,24.974645,765.969517,0.0,790.944162
2026-07-16_ttft_component_regression/phase1/input6000_rate3p33_reuse00_seed2,222,0.07923352749131304,12.891934881524683,12.971168409015997,763.2345289846683,0.0,776.2056973936842,4.274576,736.380332,0.0,740.654908
2026-07-16_ttft_component_regression/phase1/input6000_rate3p33_reuse00_seed2,214,0.1000099907073195,11.571921748166318,11.671931738873637,763.2345289846683,0.0,774.9064607235418,2.390797,727.270163,0.0,729.66096
2026-07-16_ttft_component_regression/phase1/input6000_rate3p33_reuse00_seed2,235,0.07913501586914605,12.92659639697613,13.005731412845277,763.2345289846683,0.0,776.2402603975136,11.753518,732.923074,0.0,744.676592
2026-07-16_ttft_component_regression/phase1/input6000_rate3p33_reuse00_seed2,271,0.09928894373154488,11.537620891062332,11.636909834793876,763.2345289846683,0.0,774.8714388194621,1.107455,725.789528,0.0,726.896983
2026-07-16_ttft_component_regression/phase1/input6000_rate3p33_reuse00_seed2,267,0.05371050882447103,11.180345835968154,11.234056344792625,763.2345289846683,0.0,774.4685853294609,17.331759,717.552076,0.0,734.883835
2026-07-16_ttft_component_regression/phase1/input6000_rate3p33_reuse00_seed2,278,0.07907849940537866,12.943862436167263,13.022940935572642,763.2345289846683,0.0,776.2574699202409,11.109915,730.308845,0.0,741.41876
2026-07-16_ttft_component_regression/phase1/input6000_rate3p33_reuse00_seed2,274,0.052852974727588424,10.845171002750314,10.898023977477903,763.2345289846683,0.0,774.1325529621462,12.491159,729.380508,0.0,741.871667
2026-07-16_ttft_component_regression/phase1/input6000_rate3p33_reuse00_seed2,286,0.02059236611970778,15.127889465523587,15.148481831643295,763.2345289846683,0.0,778.3830108163115,14.198495,734.859625,0.0,749.05812
2026-07-16_ttft_component_regression/phase1/input6000_rate3p33_reuse00_seed2,5,0.0,0.11352808234665658,0.11352808234665658,763.2345289846683,0.0,763.3480570670149,0.135991,676.342498,0.0,676.478489
2026-07-16_ttft_component_regression/phase1/input6000_rate3p33_reuse00_seed2,41,0.04167400728874336,254.16821720335182,254.20989121064056,763.2345289846683,0.0,1017.4444201953088,1270.145202,939.231645,0.0,2209.376847
2026-07-16_ttft_component_regression/phase1/input6000_rate3p33_reuse00_seed2,37,0.0,11.16660010595953,11.16660010595953,763.2345289846683,0.0,774.4011290906278,48.785973,713.485926,0.0,762.271899
2026-07-16_ttft_component_regression/phase1/input6000_rate3p33_reuse00_seed2,36,0.017747237022304088,6.353405909162227,6.371153146184531,763.2345289846683,0.0,769.6056821308528,4.813801,695.466988,0.0,700.280789
2026-07-16_ttft_component_regression/phase1/input6000_rate3p33_reuse00_seed2,38,0.0,11.08178931735466,11.08178931735466,763.2345289846683,0.0,774.3163183020229,416.924606,977.080255,0.0,1394.004861
2026-07-16_ttft_component_regression/phase1/input6000_rate3p33_reuse00_seed2,39,0.016492051114629213,233.8457195283838,233.86221157949842,763.2345289846683,0.0,997.0967405641667,1108.319696,988.299911,0.0,2096.619607
2026-07-16_ttft_component_regression/phase1/input6000_rate3p33_reuse00_seed2,54,0.04146243580302562,13.738232684339447,13.779695120142472,763.2345289846683,0.0,777.0142241048108,18.790837,716.521714,0.0,735.312551
2026-07-16_ttft_component_regression/phase1/input6000_rate3p33_reuse00_seed2,61,0.0,15.065758999244961,15.065758999244961,763.2345289846683,0.0,778.3002879839132,4.323785,723.027562,0.0,727.351347
2026-07-16_ttft_component_regression/phase1/input6000_rate3p33_reuse00_seed2,91,0.0,18.203091386816958,18.203091386816958,763.2345289846683,0.0,781.4376203714852,14.015476,735.962037,0.0,749.977513
2026-07-16_ttft_component_regression/phase1/input6000_rate3p33_reuse00_seed2,77,0.0,16.31779557285019,16.31779557285019,763.2345289846683,0.0,779.5523245575184,16.544838,729.95709,0.0,746.501928
2026-07-16_ttft_component_regression/phase1/input6000_rate3p33_reuse00_seed2,120,0.1009606811062488,18.124439497631013,18.22540017873726,763.2345289846683,0.0,781.4599291634055,7.982406,758.421993,0.0,766.404399
2026-07-16_ttft_component_regression/phase1/input6000_rate3p33_reuse00_seed2,131,0.0,15.823312464607046,15.823312464607046,763.2345289846683,0.0,779.0578414492753,20.502801,747.86709,0.0,768.369891
2026-07-16_ttft_component_regression/phase1/input6000_rate3p33_reuse00_seed2,105,0.0,17.158436281809287,17.158436281809287,763.2345289846683,0.0,780.3929652664775,20.158726,745.696452,0.0,765.855178
2026-07-16_ttft_component_regression/phase1/input6000_rate3p33_reuse00_seed2,107,0.09647139562304112,18.733451001364724,18.829922396987765,763.2345289846683,0.0,782.064451381656,122.349548,1007.037488,0.0,1129.387036
2026-07-16_ttft_component_regression/phase1/input6000_rate3p33_reuse00_seed2,143,0.0,17.1710787135006,17.1710787135006,763.2345289846683,0.0,780.4056076981689,23.371175,748.851154,0.0,772.222329
2026-07-16_ttft_component_regression/phase1/input6000_rate3p33_reuse00_seed2,160,0.0,17.075071932205017,17.075071932205017,763.2345289846683,0.0,780.3096009168733,483.73108,1032.581434,0.0,1516.312514
2026-07-16_ttft_component_regression/phase1/input6000_rate3p33_reuse00_seed2,159,0.0,16.30779642009016,16.30779642009016,763.2345289846683,0.0,779.5423254047585,14.244983,761.998541,0.0,776.243524
2026-07-16_ttft_component_regression/phase1/input6000_rate3p33_reuse00_seed2,165,0.05787754551923277,18.470101639151288,18.52797918467052,763.2345289846683,0.0,781.7625081693387,631.727991,1006.34629,0.0,1638.074281
2026-07-16_ttft_component_regression/phase1/input6000_rate3p33_reuse00_seed2,172,0.4858536538436576,20.333876900939725,20.819730554783384,763.2345289846683,0.0,784.0542595394517,176.16635,771.679937,0.0,947.846287
2026-07-16_ttft_component_regression/phase1/input6000_rate3p33_reuse00_seed2,197,0.5044201123387229,20.40903111811572,20.91345123045444,763.2345289846683,0.0,784.1479802151227,26.242808,746.004606,0.0,772.247414
2026-07-16_ttft_component_regression/phase1/input6000_rate3p33_reuse00_seed2,181,0.0632335883291307,18.507440429180253,18.570674017509383,763.2345289846683,0.0,781.8052030021777,14.136323,766.115989,0.0,780.252312
2026-07-16_ttft_component_regression/phase1/input6000_rate3p33_reuse00_seed2,193,0.07351133395140183,18.578364065603736,18.651875399555138,763.2345289846683,0.0,781.8864043842234,15.921757,752.166631,0.0,768.088388
2026-07-16_ttft_component_regression/phase1/input6000_rate3p33_reuse00_seed2,230,0.11847723124504723,18.676113989279788,18.794591220524836,763.2345289846683,0.0,782.0291202051931,17.574673,752.201508,0.0,769.776181
2026-07-16_ttft_component_regression/phase1/input6000_rate3p33_reuse00_seed2,237,0.5438183394796834,21.113225077748318,21.657043417228003,763.2345289846683,0.0,784.8915724018963,25.855609,760.789243,0.0,786.644852
2026-07-16_ttft_component_regression/phase1/input6000_rate3p33_reuse00_seed2,211,0.5673849326157336,21.206984877162718,21.774369809778452,763.2345289846683,0.0,785.0088987944467,12.543968,773.772656,0.0,786.316624
2026-07-16_ttft_component_regression/phase1/input6000_rate3p33_reuse00_seed2,220,0.12066600077927694,18.69054515186532,18.811211152644596,763.2345289846683,0.0,782.0457401373128,10.072137,751.936999,0.0,762.009136
2026-07-16_ttft_component_regression/phase1/input6000_rate3p33_reuse00_seed2,245,3458.531894052864,25.725773480189883,3484.257667533054,763.2345289846683,0.0,4247.492196517722,2119.121546,764.842381,0.0,2883.963927
2026-07-16_ttft_component_regression/phase1/input6000_rate3p33_reuse00_seed2,270,0.5315407683942064,21.06330663172415,21.594847400118354,763.2345289846683,0.0,784.8293763847867,12.001559,764.512052,0.0,776.513611
2026-07-16_ttft_component_regression/phase1/input6000_rate3p33_reuse00_seed2,256,1278.9800001935007,25.753166159510677,1304.7331663530115,763.2345289846683,0.0,2067.9676953376797,869.361263,766.460444,0.0,1635.821707
2026-07-16_ttft_component_regression/phase1/input6000_rate3p33_reuse00_seed2,294,0.05135763956512772,10.775286300108837,10.826643939673964,763.2345289846683,0.0,774.0611729243423,5.707995,729.559441,0.0,735.267436
2026-07-16_ttft_component_regression/phase1/input6000_rate3p33_reuse00_seed2,26,0.0,11.162930494824423,11.162930494824423,763.2345289846683,0.0,774.3974594794927,140.395393,939.510692,0.0,1079.906085
2026-07-16_ttft_component_regression/phase1/input6000_rate3p33_reuse00_seed2,11,0.0,0.14043656091395634,0.14043656091395634,763.2345289846683,0.0,763.3749655455822,0.016417,676.342498,0.0,676.358915
2026-07-16_ttft_component_regression/phase1/input6000_rate3p33_reuse00_seed2,25,0.017040691142915402,6.3775245056130165,6.394565196755932,763.2345289846683,0.0,769.6290941814242,8.065095,707.642831,0.0,715.707926
2026-07-16_ttft_component_regression/phase1/input6000_rate3p33_reuse00_seed2,43,0.0,11.064433838840985,11.064433838840985,763.2345289846683,0.0,774.2989628235092,12.730936,706.477964,0.0,719.2089
2026-07-16_ttft_component_regression/phase1/input6000_rate3p33_reuse00_seed2,52,0.014044852960723614,11.376277132963825,11.39032198592455,763.2345289846683,0.0,774.6248509705928,1.469891,710.887438,0.0,712.357329
2026-07-16_ttft_component_regression/phase1/input6000_rate3p33_reuse00_seed2,90,0.0,11.240151176951295,11.240151176951295,763.2345289846683,0.0,774.4746801616195,1.818703,701.25689,0.0,703.075593
2026-07-16_ttft_component_regression/phase1/input6000_rate3p33_reuse00_seed2,94,0.0,11.047000591172166,11.047000591172166,763.2345289846683,0.0,774.2815295758404,10.635552,700.311578,0.0,710.94713
2026-07-16_ttft_component_regression/phase1/input6000_rate3p33_reuse00_seed2,117,0.0,10.3690747826692,10.3690747826692,763.2345289846683,0.0,773.6036037673374,5.907046,706.038252,0.0,711.945298
2026-07-16_ttft_component_regression/phase1/input6000_rate3p33_reuse00_seed2,116,0.0,10.203286482897761,10.203286482897761,763.2345289846683,0.0,773.437815467566,7.599688,700.286426,0.0,707.886114
2026-07-16_ttft_component_regression/phase1/input6000_rate3p33_reuse00_seed2,125,0.0499644049881465,10.711729011387757,10.761693416375904,763.2345289846683,0.0,773.9962224010442,0.466847,710.399374,0.0,710.866221
2026-07-16_ttft_component_regression/phase1/input6000_rate3p33_reuse00_seed2,155,0.009941302715736823,10.672555457615546,10.682496760331283,763.2345289846683,0.0,773.9170257449996,12.758509,711.468526,0.0,724.227035
2026-07-16_ttft_component_regression/phase1/input6000_rate3p33_reuse00_seed2,166,0.0,16.305769296570453,16.305769296570453,763.2345289846683,0.0,779.5402982812387,386.131597,979.919244,0.0,1366.050841
2026-07-16_ttft_component_regression/phase1/input6000_rate3p33_reuse00_seed2,176,0.0,15.81312145959514,15.81312145959514,763.2345289846683,0.0,779.0476504442634,2.001778,737.698704,0.0,739.700482
2026-07-16_ttft_component_regression/phase1/input6000_rate3p33_reuse00_seed2,161,0.038033364640990025,12.734369272201151,12.772402636842141,763.2345289846683,0.0,776.0069316215104,11.596509,744.558314,0.0,756.154823
2026-07-16_ttft_component_regression/phase1/input6000_rate3p33_reuse00_seed2,163,0.0,14.995365093701789,14.995365093701789,763.2345289846683,0.0,778.2298940783701,272.079324,1021.483352,0.0,1293.562676
2026-07-16_ttft_component_regression/phase1/input6000_rate3p33_reuse00_seed2,188,0.0,14.974055073922852,14.974055073922852,763.2345289846683,0.0,778.2085840585911,2.005084,734.140688,0.0,736.145772
2026-07-16_ttft_component_regression/phase1/input6000_rate3p33_reuse00_seed2,226,0.0,16.37610588278613,16.37610588278613,763.2345289846683,0.0,779.6106348674543,18.136669,745.150354,0.0,763.287023
2026-07-16_ttft_component_regression/phase1/input6000_rate3p33_reuse00_seed2,215,0.07532295365931467,16.04966816751954,16.12499112117885,763.2345289846683,0.0,779.3595201058471,8.741248,740.939839,0.0,749.681087
2026-07-16_ttft_component_regression/phase1/input6000_rate3p33_reuse00_seed2,242,0.09747202945926875,11.45292887425214,11.550400903711408,763.2345289846683,0.0,774.7849298883797,9.743232,743.047278,0.0,752.79051
2026-07-16_ttft_component_regression/phase1/input6000_rate3p33_reuse00_seed2,259,0.07419821838084732,16.062393493387482,16.13659171176833,763.2345289846683,0.0,779.3711206964366,5.391852,758.558779,0.0,763.950631
2026-07-16_ttft_component_regression/phase1/input6000_rate3p33_reuse00_seed2,262,0.0,17.469136416792345,17.469136416792345,763.2345289846683,0.0,780.7036654014606,377.927033,1034.271445,0.0,1412.198478
2026-07-16_ttft_component_regression/phase1/input6000_rate3p33_reuse00_seed2,243,0.12811746612887287,13.665403658842182,13.793521124971054,763.2345289846683,0.0,777.0280501096394,395.818137,974.273094,0.0,1370.091231
2026-07-16_ttft_component_regression/phase1/input6000_rate3p33_reuse00_seed2,264,0.0,18.267570998353985,18.267570998353985,763.2345289846683,0.0,781.5020999830223,727.200837,997.928875,0.0,1725.129712
2026-07-16_ttft_component_regression/phase1/input6000_rate3p33_reuse00_seed2,254,0.12804643462382775,13.715089859726248,13.843136294350076,763.2345289846683,0.0,777.0776652790183,10.569674,727.8954,0.0,738.465074
2026-07-16_ttft_component_regression/phase1/input6000_rate3p33_reuse00_seed2,252,0.1281029692846171,13.67785179801078,13.805954767295397,763.2345289846683,0.0,777.0404837519636,7.628561,727.621219,0.0,735.24978
2026-07-16_ttft_component_regression/phase1/input6000_rate3p33_reuse00_seed2,282,5062.253073499466,25.63525888889663,5087.888332388363,763.2345289846683,0.0,5851.122861373031,2987.982505,761.908444,0.0,3749.890949
2026-07-16_ttft_component_regression/phase1/input6000_rate3p33_reuse00_seed2,281,0.5073974708749379,20.962965591800018,21.470363062674956,763.2345289846683,0.0,784.7048920473433,77.82208,1024.057775,0.0,1101.879855
2026-07-16_ttft_component_regression/phase1/input6000_rate3p33_reuse00_seed2,279,0.09118630114607247,18.492820565403434,18.584006866549508,763.2345289846683,0.0,781.8185358512178,5.658072,767.011109,0.0,772.669181
2026-07-16_ttft_component_regression/phase1/input6000_rate3p33_reuse00_seed2,297,7177.127431701546,24.105205352610128,7201.232637054156,763.2345289846683,0.0,7964.467166038824,2223.6849629999997,722.014991,0.0,2945.699954
2026-07-16_ttft_component_regression/phase1/input6000_rate3p33_reuse00_seed2,6,0.0,0.10370460703479085,0.10370460703479085,763.2345289846683,0.0,763.3382335917031,0.065066,676.342498,0.0,676.407564
2026-07-16_ttft_component_regression/phase1/input6000_rate3p33_reuse00_seed2,7,0.01805495836375295,6.34160567525596,6.359660633619713,763.2345289846683,0.0,769.5941896182879,4.673756,693.9379,0.0,698.611656
2026-07-16_ttft_component_regression/phase1/input6000_rate3p33_reuse00_seed2,28,0.015051019781564277,11.426750451853668,11.441801471635232,763.2345289846683,0.0,774.6763304563035,12.574472,709.717294,0.0,722.291766
2026-07-16_ttft_component_regression/phase1/input6000_rate3p33_reuse00_seed2,22,0.0,11.173943150401373,11.173943150401373,763.2345289846683,0.0,774.4084721350696,7.427062,699.917434,0.0,707.344496
2026-07-16_ttft_component_regression/phase1/input6000_rate3p33_reuse00_seed2,44,0.0,15.963427631705672,15.963427631705672,763.2345289846683,0.0,779.197956616374,15.577917,723.479466,0.0,739.057383
2026-07-16_ttft_component_regression/phase1/input6000_rate3p33_reuse00_seed2,27,0.0,11.07820431606369,11.07820431606369,763.2345289846683,0.0,774.3127333007319,3.405836,705.6619,0.0,709.067736
2026-07-16_ttft_component_regression/phase1/input6000_rate3p33_reuse00_seed2,35,0.04167400728874336,13.671597938782522,13.713271946071265,763.2345289846683,0.0,776.9478009307395,20.723721,716.666962,0.0,737.390683
2026-07-16_ttft_component_regression/phase1/input6000_rate3p33_reuse00_seed2,85,0.0831436048434116,19.771254554176238,19.85439815901965,763.2345289846683,0.0,783.0889271436879,251.946548,744.644728,0.0,996.591276
2026-07-16_ttft_component_regression/phase1/input6000_rate3p33_reuse00_seed2,60,0.0,16.312452357297946,16.312452357297946,763.2345289846683,0.0,779.5469813419662,2.971451,730.386178,0.0,733.357629
2026-07-16_ttft_component_regression/phase1/input6000_rate3p33_reuse00_seed2,75,0.0,16.316305821405773,16.316305821405773,763.2345289846683,0.0,779.550834806074,14.012762,730.981506,0.0,744.994268
2026-07-16_ttft_component_regression/phase1/input6000_rate3p33_reuse00_seed2,102,0.0,16.312715882881548,16.312715882881548,763.2345289846683,0.0,779.5472448675498,4.286608,739.384912,0.0,743.67152
2026-07-16_ttft_component_regression/phase1/input6000_rate3p33_reuse00_seed2,81,0.0,18.206708268669704,18.206708268669704,763.2345289846683,0.0,781.4412372533379,24.560205,736.292981,0.0,760.853186
2026-07-16_ttft_component_regression/phase1/input6000_rate3p33_reuse00_seed2,104,0.0,17.098581904082657,17.098581904082657,763.2345289846683,0.0,780.3331108887509,17.461963,744.260187,0.0,761.72215
2026-07-16_ttft_component_regression/phase1/input6000_rate3p33_reuse00_seed2,113,0.0,15.823829817619236,15.823829817619236,763.2345289846683,0.0,779.0583588022874,5.84675,741.302984,0.0,747.149734
2026-07-16_ttft_component_regression/phase1/input6000_rate3p33_reuse00_seed2,128,0.0,15.823312464607046,15.823312464607046,763.2345289846683,0.0,779.0578414492753,19.103815,742.201887,0.0,761.305702
2026-07-16_ttft_component_regression/phase1/input6000_rate3p33_reuse00_seed2,152,0.0,15.02273417110765,15.02273417110765,763.2345289846683,0.0,778.257263155776,14.157338,739.296059,0.0,753.453397
2026-07-16_ttft_component_regression/phase1/input6000_rate3p33_reuse00_seed2,170,0.0,16.60013831673293,16.60013831673293,763.2345289846683,0.0,779.8346673014012,15.756912,750.372975,0.0,766.129887
2026-07-16_ttft_component_regression/phase1/input6000_rate3p33_reuse00_seed2,156,0.0,16.31297837891645,16.31297837891645,763.2345289846683,0.0,779.5475073635847,2.237772,747.606439,0.0,749.844211
2026-07-16_ttft_component_regression/phase1/input6000_rate3p33_reuse00_seed2,182,0.037891894761568096,12.82149188640898,12.859383781170548,763.2345289846683,0.0,776.0939127658388,5.340085,737.226894,0.0,742.566979
2026-07-16_ttft_component_regression/phase1/input6000_rate3p33_reuse00_seed2,199,0.0793732239500898,12.822120968234104,12.901494192184193,763.2345289846683,0.0,776.1360231768524,18.027245,731.639964,0.0,749.667209
2026-07-16_ttft_component_regression/phase1/input6000_rate3p33_reuse00_seed2,202,0.027812136314824563,15.054045817528934,15.081857953843759,763.2345289846683,0.0,778.316386938512,17.966063,738.950004,0.0,756.916067
2026-07-16_ttft_component_regression/phase1/input6000_rate3p33_reuse00_seed2,225,0.08519272051252869,18.45171160956607,18.536904330078595,763.2345289846683,0.0,781.7714333147469,41.386135,1027.213351,0.0,1068.599486
2026-07-16_ttft_component_regression/phase1/input6000_rate3p33_reuse00_seed2,217,0.0,17.14780989816829,17.14780989816829,763.2345289846683,0.0,780.3823388828365,7.552036,747.199222,0.0,754.751258
2026-07-16_ttft_component_regression/phase1/input6000_rate3p33_reuse00_seed2,224,0.0,17.135503519779448,17.135503519779448,763.2345289846683,0.0,780.3700325044477,14.105867,752.322664,0.0,766.428531
2026-07-16_ttft_component_regression/phase1/input6000_rate3p33_reuse00_seed2,207,0.0,15.819006437782008,15.819006437782008,763.2345289846683,0.0,779.0535354224503,246.564555,736.627872,0.0,983.192427
2026-07-16_ttft_component_regression/phase1/input6000_rate3p33_reuse00_seed2,253,0.0,17.467491579670632,17.467491579670632,763.2345289846683,0.0,780.7020205643389,17.860822,741.681791,0.0,759.542613
2026-07-16_ttft_component_regression/phase1/input6000_rate3p33_reuse00_seed2,265,0.0,18.264814011817542,18.264814011817542,763.2345289846683,0.0,781.4993429964858,16.592589,746.882207,0.0,763.474796
2026-07-16_ttft_component_regression/phase1/input6000_rate3p33_reuse00_seed2,269,0.08256525080227337,18.43359049862503,18.516155749427302,763.2345289846683,0.0,781.7506847340956,6.907372,766.102007,0.0,773.009379
2026-07-16_ttft_component_regression/phase1/input6000_rate3p33_reuse00_seed2,247,0.14043251601931037,19.717156196213146,19.857588712232456,763.2345289846683,0.0,783.0921176969007,5.76866,750.586793,0.0,756.355453
2026-07-16_ttft_component_regression/phase1/input6000_rate3p33_reuse00_seed2,275,0.4942211563024249,20.906968062265474,21.4011892185679,763.2345289846683,0.0,784.6357182032361,12.455323,772.323347,0.0,784.77867
2026-07-16_ttft_component_regression/phase1/input6000_rate3p33_reuse00_seed2,15,0.0,0.13555661717787004,0.13555661717787004,763.2345289846683,0.0,763.3700856018461,0.021184,676.342498,0.0,676.363682
2026-07-16_ttft_component_regression/phase1/input6000_rate3p33_reuse00_seed2,30,0.0,11.203353675344582,11.203353675344582,763.2345289846683,0.0,774.4378826600129,448.186943,969.760401,0.0,1417.947344
2026-07-16_ttft_component_regression/phase1/input6000_rate3p33_reuse00_seed2,29,0.017809464161739393,6.351087981776231,6.36889744593797,763.2345289846683,0.0,769.6034264306062,12.45139,707.958191,0.0,720.409581
2026-07-16_ttft_component_regression/phase1/input6000_rate3p33_reuse00_seed2,48,0.041904898729124215,13.542742190302233,13.584647089031357,763.2345289846683,0.0,776.8191760736996,9.210714,716.650898,0.0,725.861612
2026-07-16_ttft_component_regression/phase1/input6000_rate3p33_reuse00_seed2,42,0.014044852960723614,11.376277132963825,11.39032198592455,763.2345289846683,0.0,774.6248509705928,4.835804,709.83147,0.0,714.667274
2026-07-16_ttft_component_regression/phase1/input6000_rate3p33_reuse00_seed2,34,0.0,11.059506131519857,11.059506131519857,763.2345289846683,0.0,774.2940351161881,41.181554,938.47201,0.0,979.653564
2026-07-16_ttft_component_regression/phase1/input6000_rate3p33_reuse00_seed2,83,0.0,15.90913861244857,15.90913861244857,763.2345289846683,0.0,779.1436675971169,3.065475,724.613578,0.0,727.679053
2026-07-16_ttft_component_regression/phase1/input6000_rate3p33_reuse00_seed2,98,0.0,14.95946981778257,14.95946981778257,763.2345289846683,0.0,778.1939988024508,43.049495,724.062986,0.0,767.112481
2026-07-16_ttft_component_regression/phase1/input6000_rate3p33_reuse00_seed2,92,0.04191529836813918,13.530367389076648,13.572282687444787,763.2345289846683,0.0,776.8068116721131,7.972741,717.97621,0.0,725.948951
2026-07-16_ttft_component_regression/phase1/input6000_rate3p33_reuse00_seed2,76,0.0,15.000008973853042,15.000008973853042,763.2345289846683,0.0,778.2345379585213,14.176284,725.080522,0.0,739.256806
2026-07-16_ttft_component_regression/phase1/input6000_rate3p33_reuse00_seed2,109,0.020556521560934217,10.297641007228627,10.318197528789561,763.2345289846683,0.0,773.5527265134579,13.365659,710.218574,0.0,723.584233
2026-07-16_ttft_component_regression/phase1/input6000_rate3p33_reuse00_seed2,124,0.05002738416130867,12.284287450018363,12.334314834179672,763.2345289846683,0.0,775.5688438188479,6.096882,725.240388,0.0,731.33727
2026-07-16_ttft_component_regression/phase1/input6000_rate3p33_reuse00_seed2,138,0.03187254597797504,15.007416340510904,15.03928888648888,763.2345289846683,0.0,778.2738178711571,6.633046,738.934937,0.0,745.567983
2026-07-16_ttft_component_regression/phase1/input6000_rate3p33_reuse00_seed2,148,0.003958788663830337,14.487450807206196,14.491409595870026,763.2345289846683,0.0,777.7259385805382,20.501911,736.846323,0.0,757.348234
2026-07-16_ttft_component_regression/phase1/input6000_rate3p33_reuse00_seed2,149,0.0,15.812497101190814,15.812497101190814,763.2345289846683,0.0,779.0470260858591,14.316501,734.607805,0.0,748.924306
2026-07-16_ttft_component_regression/phase1/input6000_rate3p33_reuse00_seed2,196,0.02626064756898672,5.7266129786870525,5.752873626256039,763.2345289846683,0.0,768.9874026109243,0.689966,705.943122,0.0,706.633088
2026-07-16_ttft_component_regression/phase1/input6000_rate3p33_reuse00_seed2,203,0.014285154577985248,10.560138534294998,10.574423688872983,763.2345289846683,0.0,773.8089526735413,7.466237,715.577151,0.0,723.043388
2026-07-16_ttft_component_regression/phase1/input6000_rate3p33_reuse00_seed2,229,0.014741752183295586,10.577580978615785,10.592322730799081,763.2345289846683,0.0,773.8268517154673,2.588538,714.061412,0.0,716.64995
2026-07-16_ttft_component_regression/phase1/input6000_rate3p33_reuse00_seed2,244,0.05205618049256185,11.140445174275836,11.192501354768398,763.2345289846683,0.0,774.4270303394367,11.862108,724.021221,0.0,735.883329
2026-07-16_ttft_component_regression/phase1/input6000_rate3p33_reuse00_seed2,263,0.12811048822222848,13.67162990085612,13.799740389078348,763.2345289846683,0.0,777.0342693737466,87.747074,973.482471,0.0,1061.229545
2026-07-16_ttft_component_regression/phase1/input6000_rate3p33_reuse00_seed2,249,0.0525866686772615,11.152817081328102,11.205403750005363,763.2345289846683,0.0,774.4399327346737,4.963385,721.876151,0.0,726.839536
2026-07-16_ttft_component_regression/phase1/input6000_rate3p33_reuse00_seed2,268,0.07306816310831059,16.07489580865692,16.14796397176523,763.2345289846683,0.0,779.3824929564335,2.953621,731.923728,0.0,734.877349
2026-07-16_ttft_component_regression/phase1/input6000_rate3p33_reuse00_seed2,261,0.09856451258613373,11.503560389729078,11.60212490231521,763.2345289846683,0.0,774.8366538869834,10.880534,739.693345,0.0,750.573879
2026-07-16_ttft_component_regression/phase1/input6000_rate3p33_reuse00_seed2,273,0.0,17.475014120715397,17.475014120715397,763.2345289846683,0.0,780.7095431053837,18.044302,749.097999,0.0,767.142301
2026-07-16_ttft_component_regression/phase1/input6000_rate3p33_reuse00_seed2,292,0.0,16.379160465526127,16.379160465526127,763.2345289846683,0.0,779.6136894501944,17.731557,735.276841,0.0,753.008398
2026-07-16_ttft_component_regression/phase1/input6000_rate3p33_reuse00_seed2,288,0.026730879146505546,15.06580927511409,15.092540154260595,763.2345289846683,0.0,778.3270691389289,10.804559,731.573608,0.0,742.378167
2026-07-16_ttft_component_regression/phase1/input6000_rate3p33_reuse00_seed2,21,0.0,11.207032880662824,11.207032880662824,763.2345289846683,0.0,774.4415618653311,139.881083,939.299012,0.0,1079.180095
2026-07-16_ttft_component_regression/phase1/input6000_rate3p33_reuse00_seed2,18,0.017871351250231024,6.348749026100671,6.366620377350902,763.2345289846683,0.0,769.6011493620192,11.76357,707.356879,0.0,719.120449
2026-07-16_ttft_component_regression/phase1/input6000_rate3p33_reuse00_seed2,12,0.0,0.1379973236786964,0.1379973236786964,763.2345289846683,0.0,763.372526308347,0.000883,676.342498,0.0,676.343381
2026-07-16_ttft_component_regression/phase1/input6000_rate3p33_reuse00_seed2,70,0.011279269951927115,10.735997057904504,10.747276327856431,763.2345289846683,0.0,773.9818053125247,167.19417,931.799085,0.0,1098.993255
2026-07-16_ttft_component_regression/phase1/input6000_rate3p33_reuse00_seed2,66,0.0,10.493774292402936,10.493774292402936,763.2345289846683,0.0,773.7283032770712,213.929951,971.002545,0.0,1184.932496
2026-07-16_ttft_component_regression/phase1/input6000_rate3p33_reuse00_seed2,79,0.01393266398765694,11.370702853175407,11.384635517163064,763.2345289846683,0.0,774.6191645018313,18.95099,709.430094,0.0,728.381084
2026-07-16_ttft_component_regression/phase1/input6000_rate3p33_reuse00_seed2,87,0.04191975406664971,13.524173724598663,13.566093478665312,763.2345289846683,0.0,776.8006224633335,20.458089,716.290002,0.0,736.748091
2026-07-16_ttft_component_regression/phase1/input6000_rate3p33_reuse00_seed2,65,0.01377746185462504,5.951107856661587,5.964885318516212,763.2345289846683,0.0,769.1994143031844,2.099019,709.599663,0.0,711.698682
2026-07-16_ttft_component_regression/phase1/input6000_rate3p33_reuse00_seed2,67,0.0,183.47107950725422,183.47107950725422,763.2345289846683,0.0,946.7056084919225,791.561287,983.366719,0.0,1774.928006
2026-07-16_ttft_component_regression/phase1/input6000_rate3p33_reuse00_seed2,97,1.0929630467323852,399.1529281904038,400.2458912371362,763.2345289846683,0.6227310391890395,1164.1031512609936,17.699064,722.910858,0.619393,741.229315
2026-07-16_ttft_component_regression/phase1/input6000_rate3p33_reuse00_seed2,123,0.05787754551923277,18.470101639151288,18.52797918467052,763.2345289846683,0.0,781.7625081693387,22.438525,752.115621,0.0,774.554146
2026-07-16_ttft_component_regression/phase1/input6000_rate3p33_reuse00_seed2,110,1.1248120632180327,23.245080898796964,24.369892962014998,763.2345289846683,0.6227310391890395,788.2271529858723,19.903391,729.66557,0.619393,750.188354
2026-07-16_ttft_component_regression/phase1/input6000_rate3p33_reuse00_seed2,119,0.0,16.582162375179035,16.582162375179035,763.2345289846683,0.0,779.8166913598473,10.775688,744.540761,0.0,755.316449
2026-07-16_ttft_component_regression/phase1/input6000_rate3p33_reuse00_seed2,150,1619.2302750773774,23.25389373489,1642.4841688122674,763.2345289846683,0.6227310391890395,2406.341428836125,1132.305317,766.021859,0.619393,1898.946569
2026-07-16_ttft_component_regression/phase1/input6000_rate3p33_reuse00_seed2,132,0.48716910206568786,20.339258804052246,20.826427906117935,763.2345289846683,0.0,784.0609568907862,5.793797,760.00459,0.0,765.798387
2026-07-16_ttft_component_regression/phase1/input6000_rate3p33_reuse00_seed2,158,0.0,17.114217161269167,17.114217161269167,763.2345289846683,0.0,780.3487461459374,16.936818,744.673245,0.0,761.610063
2026-07-16_ttft_component_regression/phase1/input6000_rate3p33_reuse00_seed2,141,2697.4365873296,25.731365609349947,2723.16795293895,763.2345289846683,0.0,3486.4024819236183,1743.0925359999999,764.567188,0.0,2507.659724
2026-07-16_ttft_component_regression/phase1/input6000_rate3p33_reuse00_seed2,191,1.1618341124388682,23.299044118398353,24.46087823083722,763.2345289846683,0.6227310391890395,788.3181382546945,453.441367,1001.037736,0.619393,1455.098496
2026-07-16_ttft_component_regression/phase1/input6000_rate3p33_reuse00_seed2,190,0.0,15.82685197032543,15.82685197032543,763.2345289846683,0.0,779.0613809549936,12.348606,754.468332,0.0,766.816938
2026-07-16_ttft_component_regression/phase1/input6000_rate3p33_reuse00_seed2,179,0.0,17.114217161269167,17.114217161269167,763.2345289846683,0.0,780.3487461459374,17.500395,745.132516,0.0,762.632911
2026-07-16_ttft_component_regression/phase1/input6000_rate3p33_reuse00_seed2,204,1.1306255516481958,23.25389373489,24.384519286538193,763.2345289846683,0.6227310391890395,788.2417793103955,18.873813,761.389567,0.619393,780.882773
2026-07-16_ttft_component_regression/phase1/input6000_rate3p33_reuse00_seed2,212,1930.6568754526627,25.35907489155575,1956.0159503442185,763.2345289846683,0.6227310391890395,2719.873210368076,1283.685233,775.25273,0.619393,2059.557356
2026-07-16_ttft_component_regression/phase1/input6000_rate3p33_reuse00_seed2,205,1.1540001656233472,23.288051994172232,24.44205215979558,763.2345289846683,0.6227310391890395,788.2993121836529,416.012489,1020.189025,0.619393,1436.820907
2026-07-16_ttft_component_regression/phase1/input6000_rate3p33_reuse00_seed2,251,0.04325133096217179,17.27507943938203,17.3183307703442,763.2345289846683,0.0,780.5528597550125,487.951536,999.13023,0.0,1487.081766
2026-07-16_ttft_component_regression/phase1/input6000_rate3p33_reuse00_seed2,250,1.4963923790815248,25.439121759726955,26.93551413880848,763.2345289846683,0.6227310391890395,790.7927741626658,20.460583,756.513416,0.619393,777.593392
2026-07-16_ttft_component_regression/phase1/input6000_rate3p33_reuse00_seed2,255,0.0,16.577827222661952,16.577827222661952,763.2345289846683,0.0,779.8123562073303,4.990638,743.268247,0.0,748.258885
2026-07-16_ttft_component_regression/phase1/input6000_rate3p33_reuse00_seed2,284,0.1001298198150925,11.577661647560635,11.677791467375728,763.2345289846683,0.0,774.912320452044,15.935295,733.299959,0.0,749.235254
2026-07-16_ttft_component_regression/phase1/input6000_rate3p33_reuse00_seed2,290,0.024050472277293046,10.45698753133087,10.481038003608164,763.2345289846683,0.0,773.7155669882765,9.174642,724.249701,0.0,733.424343
2026-07-16_ttft_component_regression/phase1/input6000_rate3p33_reuse00_seed2,1,0.018814167980293266,6.308440925395628,6.327255093375921,763.2345289846683,0.0,769.5617840780442,332.607214,927.033461,0.0,1259.640675
2026-07-16_ttft_component_regression/phase1/input6000_rate3p33_reuse00_seed2,3,0.0,11.26956218518386,11.26956218518386,763.2345289846683,0.0,774.5040911698521,115.48697,699.412282,0.0,814.899252
2026-07-16_ttft_component_regression/phase1/input6000_rate3p33_reuse00_seed2,0,0.0,0.1086187080370385,0.1086187080370385,763.2345289846683,0.0,763.3431476927053,0.0,689.692786,0.0,689.692786
2026-07-16_ttft_component_regression/phase1/input6000_rate3p33_reuse00_seed2,16,0.041936328995698935,13.455779027687734,13.497715356683434,763.2345289846683,0.0,776.7322443413517,396.040613,951.990453,0.0,1348.031066
2026-07-16_ttft_component_regression/phase1/input6000_rate3p33_reuse00_seed2,13,0.012467752442144667,11.298865932310283,11.311333684752428,763.2345289846683,0.0,774.5458626694207,86.462676,982.264615,0.0,1068.727291
2026-07-16_ttft_component_regression/phase1/input6000_rate3p33_reuse00_seed2,9,0.0,11.031327846248725,11.031327846248725,763.2345289846683,0.0,774.265856830917,14.290483,718.561583,0.0,732.852066
2026-07-16_ttft_component_regression/phase1/input6000_rate3p33_reuse00_seed2,24,0.0,15.903990747591312,15.903990747591312,763.2345289846683,0.0,779.1385197322596,15.366682,722.428042,0.0,737.794724
2026-07-16_ttft_component_regression/phase1/input6000_rate3p33_reuse00_seed2,55,0.0,17.320147695376455,17.320147695376455,763.2345289846683,0.0,780.5546766800447,18.609165,731.04765,0.0,749.656815
2026-07-16_ttft_component_regression/phase1/input6000_rate3p33_reuse00_seed2,78,0.041788423251041325,13.622752136127348,13.66454055937839,763.2345289846683,0.0,776.8990695440466,2.592191,731.472809,0.0,734.065
2026-07-16_ttft_component_regression/phase1/input6000_rate3p33_reuse00_seed2,80,0.0,15.944177611451673,15.944177611451673,763.2345289846683,0.0,779.1787065961199,166.111101,971.83398,0.0,1137.945081
2026-07-16_ttft_component_regression/phase1/input6000_rate3p33_reuse00_seed2,64,0.03790486311084458,12.81571408085005,12.853618943960894,763.2345289846683,0.0,776.0881479286292,0.86911,718.308914,0.0,719.178024
2026-07-16_ttft_component_regression/phase1/input6000_rate3p33_reuse00_seed2,108,0.03805556525238426,12.705122527642951,12.743178092895334,763.2345289846683,0.0,775.9777070775635,21.810352,732.484628,0.0,754.29498
2026-07-16_ttft_component_regression/phase1/input6000_rate3p33_reuse00_seed2,106,0.009941302715736823,10.672555457615546,10.682496760331283,763.2345289846683,0.0,773.9170257449996,18.956685,723.981665,0.0,742.93835
2026-07-16_ttft_component_regression/phase1/input6000_rate3p33_reuse00_seed2,142,0.0707930418064274,16.09923884512339,16.17003188692982,763.2345289846683,0.0,779.404560871598,242.322203,1015.552434,0.0,1257.874637
2026-07-16_ttft_component_regression/phase1/input6000_rate3p33_reuse00_seed2,147,0.0,296.2468385657066,296.2468385657066,763.2345289846683,0.0,1059.481367550375,1113.872419,947.046945,0.0,2060.919364
2026-07-16_ttft_component_regression/phase1/input6000_rate3p33_reuse00_seed2,137,1.3290225128331976,25.69697229588676,27.025994808719958,763.2345289846683,0.6227310391890395,790.8832548325772,9.173003999999999,729.446498,0.619393,739.238895
2026-07-16_ttft_component_regression/phase1/input6000_rate3p33_reuse00_seed2,153,1.1894167354434404,23.335932407731093,24.525349143174534,763.2345289846683,0.6227310391890395,788.3826091670318,25.666370999999998,744.793126,0.619393,771.07889
2026-07-16_ttft_component_regression/phase1/input6000_rate3p33_reuse00_seed2,146,0.0,16.383737184876974,16.383737184876974,763.2345289846683,0.0,779.6182661695452,354.376629,1038.975458,0.0,1393.352087
2026-07-16_ttft_component_regression/phase1/input6000_rate3p33_reuse00_seed2,126,0.04183335003499283,13.598214820579688,13.640048170614682,763.2345289846683,0.0,776.874577155283,21.276795,738.576428,0.0,759.853223
2026-07-16_ttft_component_regression/phase1/input6000_rate3p33_reuse00_seed2,175,0.463742992243546,20.242094814616337,20.705837806859883,763.2345289846683,0.0,783.9403667915282,7.174698,755.829321,0.0,763.004019
2026-07-16_ttft_component_regression/phase1/input6000_rate3p33_reuse00_seed2,140,0.1278373454465157,13.801319894661553,13.929157240108069,763.2345289846683,0.0,777.1636862247764,3.564878,744.288043,0.0,747.852921
2026-07-16_ttft_component_regression/phase1/input6000_rate3p33_reuse00_seed2,189,0.44706878862691873,20.85870508221936,21.305773870846277,763.2345289846683,0.0,784.5403028555145,20.15958,768.484588,0.0,788.644168
2026-07-16_ttft_component_regression/phase1/input6000_rate3p33_reuse00_seed2,168,0.05391751311878119,18.442325713210916,18.496243226329696,763.2345289846683,0.0,781.730772210998,24.804297,749.785264,0.0,774.589561
2026-07-16_ttft_component_regression/phase1/input6000_rate3p33_reuse00_seed2,218,689.837246289673,24.058141421751387,713.8953877114244,763.2345289846683,0.0,1477.1299166960926,611.512284,763.13713,0.0,1374.649414
2026-07-16_ttft_component_regression/phase1/input6000_rate3p33_reuse00_seed2,227,0.4650304619329758,20.247507947720344,20.71253840965332,763.2345289846683,0.0,783.9470673943216,7.95663,762.585109,0.0,770.541739
2026-07-16_ttft_component_regression/phase1/input6000_rate3p33_reuse00_seed2,210,338.4987543673423,25.679027392613452,364.1777817599558,763.2345289846683,0.0,1127.412310744624,435.166719,763.890287,0.0,1199.057006
2026-07-16_ttft_component_regression/phase1/input6000_rate3p33_reuse00_seed2,246,0.0,18.28915562892147,18.28915562892147,763.2345289846683,0.0,781.5236846135897,9.110649,756.076062,0.0,765.186711
2026-07-16_ttft_component_regression/phase1/input6000_rate3p33_reuse00_seed2,248,0.21136999550136154,19.49495089797751,19.70632089347887,763.2345289846683,0.0,782.9408498781471,62.063708,1009.352346,0.0,1071.416054
2026-07-16_ttft_component_regression/phase1/input6000_rate3p33_reuse00_seed2,236,0.0,16.585087420014297,16.585087420014297,763.2345289846683,0.0,779.8196164046825,24.743356,748.183276,0.0,772.926632
2026-07-16_ttft_component_regression/phase1/input6000_rate3p33_reuse00_seed2,19,0.0,0.12822592052976808,0.12822592052976808,763.2345289846683,0.0,763.362754905198,0.001598,676.342498,0.0,676.344096
2026-07-16_ttft_component_regression/phase1/input6000_rate3p33_reuse00_seed2,23,0.017431049024431298,6.364681242542675,6.382112291567106,763.2345289846683,0.0,769.6166412762353,15.983744,693.944812,0.0,709.928556
2026-07-16_ttft_component_regression/phase1/input6000_rate3p33_reuse00_seed2,49,0.0,11.170271019744524,11.170271019744524,763.2345289846683,0.0,774.4048000044128,1.796314,700.829434,0.0,702.625748
2026-07-16_ttft_component_regression/phase1/input6000_rate3p33_reuse00_seed2,62,0.0,10.383151814500241,10.383151814500241,763.2345289846683,0.0,773.6176807991685,17.469696,707.171404,0.0,724.6411
2026-07-16_ttft_component_regression/phase1/input6000_rate3p33_reuse00_seed2,72,0.0,10.384634994224731,10.384634994224731,763.2345289846683,0.0,773.619163978893,18.276956,706.790764,0.0,725.06772
2026-07-16_ttft_component_regression/phase1/input6000_rate3p33_reuse00_seed2,99,0.03806448245398887,12.681656004616187,12.719720487070175,763.2345289846683,0.0,775.9542494717384,16.746664,717.13413,0.0,733.880794
2026-07-16_ttft_component_regression/phase1/input6000_rate3p33_reuse00_seed2,93,0.013370615543237454,11.342934386313534,11.356305001856771,763.2345289846683,0.0,774.590833986525,12.406739,710.603662,0.0,723.010401
2026-07-16_ttft_component_regression/phase1/input6000_rate3p33_reuse00_seed2,88,0.0,11.05470803721655,11.05470803721655,763.2345289846683,0.0,774.2892370218848,11.198961,706.485228,0.0,717.684189
2026-07-16_ttft_component_regression/phase1/input6000_rate3p33_reuse00_seed2,134,0.09686231874831837,11.425042555890888,11.521904874639207,763.2345289846683,0.0,774.7564338593074,9.409843,711.800622,0.0,721.210465
2026-07-16_ttft_component_regression/phase1/input6000_rate3p33_reuse00_seed2,145,0.09735023877564002,11.447337646316628,11.544687885092268,763.2345289846683,0.0,774.7792168697605,9.587316,711.269326,0.0,720.856642
2026-07-16_ttft_component_regression/phase1/input6000_rate3p33_reuse00_seed2,171,0.03790486311084458,12.81571408085005,12.853618943960894,763.2345289846683,0.0,776.0881479286292,12.296288,726.00988,0.0,738.306168
2026-07-16_ttft_component_regression/phase1/input6000_rate3p33_reuse00_seed2,151,0.0,10.086689690893415,10.086689690893415,763.2345289846683,0.0,773.3212186755617,7.63128,706.405708,0.0,714.036988
2026-07-16_ttft_component_regression/phase1/input6000_rate3p33_reuse00_seed2,164,0.03773397661356016,12.879015194640271,12.916749171253832,763.2345289846683,0.0,776.1512781559221,317.238531,975.654915,0.0,1292.893446
2026-07-16_ttft_component_regression/phase1/input6000_rate3p33_reuse00_seed2,162,0.012274852334755042,10.78417420710019,10.796449059434945,763.2345289846683,0.0,774.0309780441032,6.176659,734.53384,0.0,740.710499
2026-07-16_ttft_component_regression/phase1/input6000_rate3p33_reuse00_seed2,185,0.0,15.965794905907625,15.965794905907625,763.2345289846683,0.0,779.2003238905759,18.95796,730.581188,0.0,749.539148
2026-07-16_ttft_component_regression/phase1/input6000_rate3p33_reuse00_seed2,208,0.06895957707704108,16.118086449746272,16.187046026823314,763.2345289846683,0.0,779.4215750114915,18.484683,740.646507,0.0,759.13119
2026-07-16_ttft_component_regression/phase1/input6000_rate3p33_reuse00_seed2,213,0.039039869127626206,17.28219229953716,17.32123216866479,763.2345289846683,0.0,780.555761153333,3.442475,740.344157,0.0,743.786632
2026-07-16_ttft_component_regression/phase1/input6000_rate3p33_reuse00_seed2,240,0.09880635127665198,11.51488694085943,11.613693292136082,763.2345289846683,0.0,774.8482222768043,7.601308,718.175206,0.0,725.776514
2026-07-16_ttft_component_regression/phase1/input6000_rate3p33_reuse00_seed2,266,0.021691808061821676,10.348388734138743,10.370080542200565,763.2345289846683,0.0,773.6046095268688,17.216504,725.092871,0.0,742.309375
2026-07-16_ttft_component_regression/phase1/input6000_rate3p33_reuse00_seed2,276,0.020670356931766776,10.302687004542669,10.323357361474436,763.2345289846683,0.0,773.5578863461427,16.454797,724.13616,0.0,740.590957
2026-07-16_ttft_component_regression/phase1/input6000_rate3p33_reuse00_seed2,260,0.007594538984881491,10.445518816861895,10.453113355846776,763.2345289846683,0.0,773.687642340515,11.585621,717.928123,0.0,729.513744
2026-07-16_ttft_component_regression/phase1/input6000_rate3p33_reuse00_seed2,298,0.00694108273499526,10.43014545734846,10.437086540083456,763.2345289846683,0.0,773.6716155247517,14.867127,711.14774,0.0,726.014867
2026-07-16_ttft_component_regression/phase1/input6000_rate3p33_reuse00_seed2,2,0.0,0.11107399807551883,0.11107399807551883,763.2345289846683,0.0,763.3456029827438,0.31702,676.342498,0.0,676.659518
2026-07-16_ttft_component_regression/phase1/input6000_rate3p33_reuse00_seed2,31,0.018644308798202204,6.316415022354927,6.335059331153129,763.2345289846683,0.0,769.5695883158214,5.713842,695.344012,0.0,701.057854
2026-07-16_ttft_component_regression/phase1/input6000_rate3p33_reuse00_seed2,45,0.018814167980293266,6.308440925395628,6.327255093375921,763.2345289846683,0.0,769.5617840780442,14.981471,707.898159,0.0,722.87963
2026-07-16_ttft_component_regression/phase1/input6000_rate3p33_reuse00_seed2,46,0.0,118.68527427627279,118.68527427627279,763.2345289846683,0.0,881.9198032609411,457.449028,939.700516,0.0,1397.149544
2026-07-16_ttft_component_regression/phase1/input6000_rate3p33_reuse00_seed2,63,0.0,10.362554414633566,10.362554414633566,763.2345289846683,0.0,773.5970833993018,15.856336,706.414892,0.0,722.271228
2026-07-16_ttft_component_regression/phase1/input6000_rate3p33_reuse00_seed2,73,0.0,16.302118920113987,16.302118920113987,763.2345289846683,0.0,779.5366479047823,267.866073,979.966255,0.0,1247.832328
2026-07-16_ttft_component_regression/phase1/input6000_rate3p33_reuse00_seed2,82,0.0,18.1050855598868,18.1050855598868,763.2345289846683,0.0,781.339614544555,22.879796,734.335605,0.0,757.215401
2026-07-16_ttft_component_regression/phase1/input6000_rate3p33_reuse00_seed2,86,0.03932356932650232,19.447531087410127,19.48685465673663,763.2345289846683,0.0,782.7213836414049,10.423918,742.731736,0.0,753.155654
2026-07-16_ttft_component_regression/phase1/input6000_rate3p33_reuse00_seed2,69,0.03806605306487927,12.664017230036304,12.702083283101183,763.2345289846683,0.0,775.9366122677694,18.384112,716.963954,0.0,735.348066
2026-07-16_ttft_component_regression/phase1/input6000_rate3p33_reuse00_seed2,68,0.008480086761792812,10.604882815530548,10.61336290229234,763.2345289846683,0.0,773.8478918869606,12.827757,710.475054,0.0,723.302811
2026-07-16_ttft_component_regression/phase1/input6000_rate3p33_reuse00_seed2,96,0.43224644776249593,22.05065913389473,22.482905581657224,763.2345289846683,0.0,785.7174345663254,475.782319,1013.003054,0.0,1488.785373
2026-07-16_ttft_component_regression/phase1/input6000_rate3p33_reuse00_seed2,71,0.0,14.971645344438476,14.971645344438476,763.2345289846683,0.0,778.2061743291067,207.546804,735.147806,0.0,942.69461
2026-07-16_ttft_component_regression/phase1/input6000_rate3p33_reuse00_seed2,95,0.0474874693048521,19.50926559198491,19.55675306128976,763.2345289846683,0.0,782.791282045958,16.954591,753.202755,0.0,770.157346
2026-07-16_ttft_component_regression/phase1/input6000_rate3p33_reuse00_seed2,129,0.433497972380953,22.056583214305306,22.490081186686258,763.2345289846683,0.0,785.7246101713545,8.040955,759.886444,0.0,767.927399
2026-07-16_ttft_component_regression/phase1/input6000_rate3p33_reuse00_seed2,135,697.0547073568098,25.69697229588676,722.7516796526966,763.2345289846683,0.6227310391890395,1486.608939676554,491.57975300000004,765.067588,0.619393,1257.266734
2026-07-16_ttft_component_regression/phase1/input6000_rate3p33_reuse00_seed2,139,114.3574769835844,25.571728101602897,139.9292050851873,763.2345289846683,0.0,903.1637340698555,115.70486399999999,760.411622,0.0,876.116486
2026-07-16_ttft_component_regression/phase1/input6000_rate3p33_reuse00_seed2,144,2488.819174286191,25.625540011964386,2514.4447142981553,763.2345289846683,0.0,3277.6792432828233,1658.401932,775.073894,0.0,2433.475826
2026-07-16_ttft_component_regression/phase1/input6000_rate3p33_reuse00_seed2,180,0.0,16.308362957855927,16.308362957855927,763.2345289846683,0.0,779.5428919425242,165.281468,989.137927,0.0,1154.419395
2026-07-16_ttft_component_regression/phase1/input6000_rate3p33_reuse00_seed2,187,0.4770184729620396,387.333678934981,387.810697407943,763.2345289846683,0.0,1151.0452263926113,505.858323,1027.847427,0.0,1533.70575
2026-07-16_ttft_component_regression/phase1/input6000_rate3p33_reuse00_seed2,174,0.0,14.562012245212816,14.562012245212816,763.2345289846683,0.0,777.7965412298811,11.594895,738.010006,0.0,749.604901
2026-07-16_ttft_component_regression/phase1/input6000_rate3p33_reuse00_seed2,206,0.5127152708710648,20.985316959071177,21.498032229942243,763.2345289846683,0.0,784.7325612146105,21.461359,769.054315,0.0,790.515674
2026-07-16_ttft_component_regression/phase1/input6000_rate3p33_reuse00_seed2,178,0.0,15.01600265417646,15.01600265417646,763.2345289846683,0.0,778.2505316388447,7.202047,747.17567,0.0,754.377717
2026-07-16_ttft_component_regression/phase1/input6000_rate3p33_reuse00_seed2,183,0.0,18.15741729488021,18.15741729488021,763.2345289846683,0.0,781.3919462795485,19.024138,743.192998,0.0,762.217136
2026-07-16_ttft_component_regression/phase1/input6000_rate3p33_reuse00_seed2,186,0.0726626092422928,19.695500396469157,19.76816300571145,763.2345289846683,0.0,783.0026919903797,49.41253,768.90133,0.0,818.31386
2026-07-16_ttft_component_regression/phase1/input6000_rate3p33_reuse00_seed2,221,1.2304712867039447,24.122012256264224,25.35248354296817,763.2345289846683,0.6227310391890395,789.2097435668254,28.194209,770.951675,0.619393,799.765277
2026-07-16_ttft_component_regression/phase1/input6000_rate3p33_reuse00_seed2,228,0.5153843139775094,20.99648173540814,21.51186604938565,763.2345289846683,0.0,784.7463950340539,5.605327,769.415685,0.0,775.021012
2026-07-16_ttft_component_regression/phase1/input6000_rate3p33_reuse00_seed2,234,0.4689275769982106,20.953151396214402,21.422078973212614,763.2345289846683,0.0,784.6566079578809,10.274254,772.672168,0.0,782.946422
2026-07-16_ttft_component_regression/phase1/input6000_rate3p33_reuse00_seed2,257,0.5274787836279535,21.04662781635525,21.574106599983203,763.2345289846683,0.0,784.8086355846515,2.941923,763.906103,0.0,766.848026
2026-07-16_ttft_component_regression/phase1/input6000_rate3p33_reuse00_seed2,272,0.0,16.604794001259034,16.604794001259034,763.2345289846683,0.0,779.8393229859273,20.718447,749.810052,0.0,770.528499
2026-07-16_ttft_component_regression/phase1/input6000_rate3p33_reuse00_seed2,10,0.0,11.207032880662824,11.207032880662824,763.2345289846683,0.0,774.4415618653311,5.725713,699.510746,0.0,705.236459
2026-07-16_ttft_component_regression/phase1/input6000_rate3p33_reuse00_seed2,4,0.0,0.11107399807551883,0.11107399807551883,763.2345289846683,0.0,763.3456029827438,0.581797,676.342498,0.0,676.924295
2026-07-16_ttft_component_regression/phase1/input6000_rate3p33_reuse00_seed2,20,0.011787971752713053,11.266110871145642,11.277898842898356,763.2345289846683,0.0,774.5124278275666,72.444681,952.6317,0.0,1025.076381
2026-07-16_ttft_component_regression/phase1/input6000_rate3p33_reuse00_seed2,17,0.0,11.039656877225209,11.039656877225209,763.2345289846683,0.0,774.2741858618934,3.239762,718.567887,0.0,721.807649
2026-07-16_ttft_component_regression/phase1/input6000_rate3p33_reuse00_seed2,8,0.017809464161739393,6.351087981776231,6.36889744593797,763.2345289846683,0.0,769.6034264306062,6.320591,694.003692,0.0,700.324283
2026-07-16_ttft_component_regression/phase1/input6000_rate3p33_reuse00_seed2,32,0.04193726147800865,13.462016091587193,13.503953353065201,763.2345289846683,0.0,776.7384823377334,4.120076,729.709481,0.0,733.829557
2026-07-16_ttft_component_regression/phase1/input6000_rate3p33_reuse00_seed2,33,0.0,15.911699110146657,15.911699110146657,763.2345289846683,0.0,779.1462280948149,64.282286,969.60406,0.0,1033.886346
2026-07-16_ttft_component_regression/phase1/input6000_rate3p33_reuse00_seed2,57,0.0545733063368098,19.562307454787813,19.616880761124623,763.2345289846683,0.0,782.8514097457929,103.571056,1019.587523,0.0,1123.158579
2026-07-16_ttft_component_regression/phase1/input6000_rate3p33_reuse00_seed2,56,0.0,18.13300260123452,18.13300260123452,763.2345289846683,0.0,781.3675315859027,20.288799,744.663524,0.0,764.952323
2026-07-16_ttft_component_regression/phase1/input6000_rate3p33_reuse00_seed2,74,0.46402256693454735,22.198273151652625,22.662295718587174,763.2345289846683,0.0,785.8968247032554,8.367985,758.992882,0.0,767.360867
2026-07-16_ttft_component_regression/phase1/input6000_rate3p33_reuse00_seed2,53,0.0,17.325275549921002,17.325275549921002,763.2345289846683,0.0,780.5598045345893,1.037675,730.25949,0.0,731.297165
2026-07-16_ttft_component_regression/phase1/input6000_rate3p33_reuse00_seed2,58,0.4614429951009085,22.18650530028451,22.64794829538542,763.2345289846683,0.0,785.8824772800536,662.921724,996.766995,0.0,1659.688719
2026-07-16_ttft_component_regression/phase1/input6000_rate3p33_reuse00_seed2,89,0.0,18.180377703159504,18.180377703159504,763.2345289846683,0.0,781.4149066878277,13.346382,746.45999,0.0,759.806372
2026-07-16_ttft_component_regression/phase1/input6000_rate3p33_reuse00_seed2,112,0.07891580328389339,17.980003956105037,18.05891975938893,763.2345289846683,0.0,781.2934487440572,6.920004,761.489116,0.0,768.40912
2026-07-16_ttft_component_regression/phase1/input6000_rate3p33_reuse00_seed2,100,1.0929630467323852,23.936596988922982,25.02956003565537,763.2345289846683,0.6227310391890395,788.8868200595126,20.491315999999998,754.390384,0.619393,775.501093
2026-07-16_ttft_component_regression/phase1/input6000_rate3p33_reuse00_seed2,118,0.4859608540476917,21.024977906901064,21.510938760948758,763.2345289846683,0.0,784.745467745617,2.486942,773.320564,0.0,775.807506
2026-07-16_ttft_component_regression/phase1/input6000_rate3p33_reuse00_seed2,114,0.5030832009889445,20.403677263974505,20.906760464963448,763.2345289846683,0.0,784.1412894496317,218.302709,1022.945836,0.0,1241.248545
2026-07-16_ttft_component_regression/phase1/input6000_rate3p33_reuse00_seed2,133,1.1823478230017086,24.052032672566312,25.234380495568022,763.2345289846683,0.6227310391890395,789.0916405194254,10.224356,762.787618,0.619393,773.631367
2026-07-16_ttft_component_regression/phase1/input6000_rate3p33_reuse00_seed2,136,1351.3224849483684,25.755826862423596,1377.078311810792,763.2345289846683,0.0,2140.31284079546,916.4556779999999,761.009429,0.0,1677.465107
2026-07-16_ttft_component_regression/phase1/input6000_rate3p33_reuse00_seed2,173,0.0,16.609515516332205,16.609515516332205,763.2345289846683,0.0,779.8440445010004,20.594384,745.74139,0.0,766.335774
2026-07-16_ttft_component_regression/phase1/input6000_rate3p33_reuse00_seed2,177,0.08658528241600935,18.030714874476658,18.117300156892668,763.2345289846683,0.0,781.351829141561,25.340133,750.757151,0.0,776.097284
2026-07-16_ttft_component_regression/phase1/input6000_rate3p33_reuse00_seed2,167,0.0,16.31580334276692,16.31580334276692,763.2345289846683,0.0,779.5503323274352,21.843625,746.974648,0.0,768.818273
2026-07-16_ttft_component_regression/phase1/input6000_rate3p33_reuse00_seed2,192,0.0,15.824598111600766,15.824598111600766,763.2345289846683,0.0,779.059127096269,11.344691,743.638134,0.0,754.982825
2026-07-16_ttft_component_regression/phase1/input6000_rate3p33_reuse00_seed2,216,0.5017479425399703,20.398321122901205,20.900069065441176,763.2345289846683,0.0,784.1345980501094,1.159679,772.919904,0.0,774.079583
2026-07-16_ttft_component_regression/phase1/input6000_rate3p33_reuse00_seed2,195,0.08447698797633178,18.016824377545355,18.101301365521685,763.2345289846683,0.0,781.3358303501899,291.172731,1036.527101,0.0,1327.699832
2026-07-16_ttft_component_regression/phase1/input6000_rate3p33_reuse00_seed2,194,0.0,16.60323482040237,16.60323482040237,763.2345289846683,0.0,779.8377638050706,12.240436,759.818117,0.0,772.058553
2026-07-16_ttft_component_regression/phase1/input6000_rate3p33_reuse00_seed2,198,0.5576214874595873,21.168466902435497,21.726088389895086,763.2345289846683,0.0,784.9606173745633,219.156743,1023.883446,0.0,1243.040189
2026-07-16_ttft_component_regression/phase1/input6000_rate3p33_reuse00_seed2,223,0.534257237336424,21.074415175021432,21.608672412357855,763.2345289846683,0.0,784.8432013970261,17.525711,767.695761,0.0,785.221472
2026-07-16_ttft_component_regression/phase1/input6000_rate3p33_reuse00_seed2,238,1.2203809755812645,24.108038782690304,25.32841975827157,763.2345289846683,0.6227310391890395,789.1856797821289,12.105599,764.163771,0.619393,776.888763
2026-07-16_ttft_component_regression/phase1/input6000_rate3p33_reuse00_seed2,239,1358.914023312977,25.663698297952404,1384.5777216109293,763.2345289846683,0.0,2147.8122505955976,906.848986,773.70455,0.0,1680.553536
2026-07-16_ttft_component_regression/phase1/input6000_rate3p33_reuse00_seed2,280,0.09253361860548782,18.50201838500124,18.594552003606726,763.2345289846683,0.0,781.829080988275,20.648853,750.848353,0.0,771.497206
2026-07-16_ttft_component_regression/phase1/input6000_rate3p33_reuse00_seed2,287,0.14824988955198806,19.77121558178712,19.91946547133911,763.2345289846683,0.0,783.1539944560074,12.904456,753.166256,0.0,766.070712
2026-07-16_ttft_component_regression/phase1/input6000_rate3p33_reuse00_seed2,258,0.5113832856855199,20.979731811273975,21.491115096959494,763.2345289846683,0.0,784.7256440816277,17.894314,763.59864,0.0,781.492954
2026-07-16_ttft_component_regression/phase1/input6000_rate3p33_reuse00_seed2,277,0.0,16.5624611285651,16.5624611285651,763.2345289846683,0.0,779.7969901132334,13.402106,748.885689,0.0,762.287795
2026-07-16_ttft_component_regression/phase1/input6000_rate3p33_reuse00_seed2,289,0.4663195743868047,20.252919413255558,20.719238987642363,763.2345289846683,0.0,783.9537679723106,7.72633,773.646988,0.0,781.373318
2026-07-16_ttft_component_regression/phase1/input6000_rate3p33_reuse00_seed2,293,273.47278885509246,25.638472104498266,299.1112609595907,763.2345289846683,0.0,1062.345789944259,217.379776,770.73001,0.0,988.109786
2026-07-16_ttft_component_regression/phase1/input6000_rate3p33_reuse00_seed2,283,0.5140489468384963,20.990900274413942,21.50494922125244,763.2345289846683,0.0,784.7394782059207,11.715738,760.916731,0.0,772.632469
2026-07-16_ttft_component_regression/phase1/input6000_rate3p33_reuse00_seed2,299,7386.058719770583,24.04587447821751,7410.1045942488,763.2345289846683,0.0,8173.339123233468,751.732897,760.319544,0.0,1512.052441
2026-07-16_ttft_component_regression/phase1/input6000_rate3p33_reuse00_seed2,14,0.0,0.1379973236786964,0.1379973236786964,763.2345289846683,0.0,763.372526308347,0.001888,676.342498,0.0,676.344386
2026-07-16_ttft_component_regression/phase1/input6000_rate3p33_reuse00_seed2,40,0.017871351250231024,6.348749026100671,6.366620377350902,763.2345289846683,0.0,769.6011493620192,6.408708,695.200748,0.0,701.609456
2026-07-16_ttft_component_regression/phase1/input6000_rate3p33_reuse00_seed2,47,0.0,11.199674910210188,11.199674910210188,763.2345289846683,0.0,774.4342038948785,18.362595,700.453274,0.0,718.815869
2026-07-16_ttft_component_regression/phase1/input6000_rate3p33_reuse00_seed2,59,0.03769618263385634,12.890462429476562,12.928158612110419,763.2345289846683,0.0,776.1626875967787,12.943374,716.910546,0.0,729.85392
2026-07-16_ttft_component_regression/phase1/input6000_rate3p33_reuse00_seed2,51,0.01704201273294309,11.529302085618193,11.546344098351137,763.2345289846683,0.0,774.7808730830194,76.387108,953.641268,0.0,1030.028376
2026-07-16_ttft_component_regression/phase1/input6000_rate3p33_reuse00_seed2,101,0.037752092986752875,12.873284238687601,12.911036331674355,763.2345289846683,0.0,776.1455653163426,13.372027,718.266546,0.0,731.638573
2026-07-16_ttft_component_regression/phase1/input6000_rate3p33_reuse00_seed2,50,0.0,11.092883748280062,11.092883748280062,763.2345289846683,0.0,774.3274127329483,18.550396,719.440047,0.0,737.990443
2026-07-16_ttft_component_regression/phase1/input6000_rate3p33_reuse00_seed2,103,0.0,15.02273417110765,15.02273417110765,763.2345289846683,0.0,778.257263155776,18.810663,724.399914,0.0,743.210577
2026-07-16_ttft_component_regression/phase1/input6000_rate3p33_reuse00_seed2,84,0.041526428384558466,13.720122645301881,13.76164907368644,763.2345289846683,0.0,776.9961780583546,4.808304,717.756274,0.0,722.564578
2026-07-16_ttft_component_regression/phase1/input6000_rate3p33_reuse00_seed2,111,0.0,14.572915004768607,14.572915004768607,763.2345289846683,0.0,777.8074439894368,0.765889,724.059658,0.0,724.825547
2026-07-16_ttft_component_regression/phase1/input6000_rate3p33_reuse00_seed2,127,0.08031836328376128,19.750934890062208,19.83125325334597,763.2345289846683,0.0,783.0657822380142,16.658759,768.427654,0.0,785.086413
2026-07-16_ttft_component_regression/phase1/input6000_rate3p33_reuse00_seed2,130,0.4899308032818097,21.04149855133669,21.5314293546185,763.2345289846683,0.0,784.7659583392867,144.597061,1025.963458,0.0,1170.560519
2026-07-16_ttft_component_regression/phase1/input6000_rate3p33_reuse00_seed2,115,1.2773112672740714,24.182048867641427,25.4593601349155,763.2345289846683,0.6227310391890395,789.3166201587728,6.129745,729.790658,0.619393,736.539796
2026-07-16_ttft_component_regression/phase1/input6000_rate3p33_reuse00_seed2,122,1.1821363323931848,24.065388102272163,25.247524434665348,763.2345289846683,0.6227310391890395,789.1047844585227,91.56787999999999,1018.778766,0.619393,1110.966039
2026-07-16_ttft_component_regression/phase1/input6000_rate3p33_reuse00_seed2,121,0.0,15.827831690560842,15.827831690560842,763.2345289846683,0.0,779.0623606752291,13.147615,749.765464,0.0,762.913079
2026-07-16_ttft_component_regression/phase1/input6000_rate3p33_reuse00_seed2,154,0.5004143366893382,20.3929627165178,20.89337705320714,763.2345289846683,0.0,784.1279060378754,1.380413,761.31134,0.0,762.691753
2026-07-16_ttft_component_regression/phase1/input6000_rate3p33_reuse00_seed2,184,0.0,17.326190807772047,17.326190807772047,763.2345289846683,0.0,780.5607197924403,6.806901,746.313146,0.0,753.120047
2026-07-16_ttft_component_regression/phase1/input6000_rate3p33_reuse00_seed2,201,1.269115920286359,24.17211641234274,25.4412323326291,763.2345289846683,0.6227310391890395,789.2984923564863,324.314801,996.033017,0.619393,1320.967211
2026-07-16_ttft_component_regression/phase1/input6000_rate3p33_reuse00_seed2,200,1.3800883639839867,428.4724705065203,429.8525588705043,763.2345289846683,0.6227310391890395,1193.7098188943617,2.580699,748.429587,0.619393,751.629679
2026-07-16_ttft_component_regression/phase1/input6000_rate3p33_reuse00_seed2,222,0.1614268557148981,19.86119102705127,20.022617882766166,763.2345289846683,0.0,783.2571468674345,36.243275,1019.459623,0.0,1055.702898
2026-07-16_ttft_component_regression/phase1/input6000_rate3p33_reuse00_seed2,231,1.169688997755432,23.309836472199457,24.47952546995489,763.2345289846683,0.6227310391890395,788.3367854938122,27.904586000000002,754.953739,0.619393,783.477718
2026-07-16_ttft_component_regression/phase1/input6000_rate3p33_reuse00_seed2,209,1.3994374804735765,25.78662412430221,27.186061604775787,763.2345289846683,0.6227310391890395,791.0433216286331,7.832393,740.960269,0.619393,749.412055
2026-07-16_ttft_component_regression/phase1/input6000_rate3p33_reuse00_seed2,214,0.0,18.332233616568544,18.332233616568544,763.2345289846683,0.0,781.5667626012369,21.472158,747.7428,0.0,769.214958
2026-07-16_ttft_component_regression/phase1/input6000_rate3p33_reuse00_seed2,219,1.2752605171249796,24.17958612826781,25.45484664539279,763.2345289846683,0.6227310391890395,789.31210666925,15.626145000000001,751.860817,0.619393,768.106355
2026-07-16_ttft_component_regression/phase1/input6000_rate3p33_reuse00_seed2,233,1.1625200280822203,24.03972354600084,25.20224357408306,763.2345289846683,0.6227310391890395,789.0595035979403,46.269791,1019.379729,0.619393,1066.268913
2026-07-16_ttft_component_regression/phase1/input6000_rate3p33_reuse00_seed2,241,2993.3185633754174,25.67598871304673,3018.994552088464,763.2345289846683,0.6227310391890395,3782.851812112321,1995.367913,759.342398,0.619393,2755.329704
2026-07-16_ttft_component_regression/phase1/input6000_rate3p33_reuse00_seed2,232,1.1801691075336498,24.06288179191472,25.24305089944837,763.2345289846683,0.6227310391890395,789.1003109233056,8.905147,763.259726,0.619393,772.784266
2026-07-16_ttft_component_regression/phase1/input6000_rate3p33_reuse00_seed2,245,1850.8893619712808,25.725773480189883,1876.6151354514707,763.2345289846683,0.6227310391890395,2640.472395475328,6845.988247,774.391767,0.619393,7620.999407
2026-07-16_ttft_component_regression/phase1/input6000_rate3p33_reuse00_seed2,291,1.132566079992109,23.256807248492922,24.389373328485032,763.2345289846683,0.6227310391890395,788.2466333523423,2.403593,763.828619,0.619393,766.851605
2026-07-16_ttft_component_regression/phase1/input6000_rate3p33_reuse00_seed2,288,361.00691107355897,25.71727971920634,386.7241907927653,763.2345289846683,0.6227310391890395,1150.5814508166227,278.322896,762.392064,0.619393,1041.334353
2026-07-16_ttft_component_regression/phase1/input6000_rate3p33_reuse00_seed2,296,79.25744200816236,25.605748319910457,104.86319032807282,763.2345289846683,0.6227310391890395,868.7204503519301,4092.511384,760.714514,0.619393,4853.845291
2026-07-16_ttft_component_regression/phase1/input6000_rate3p33_reuse00_seed2,285,1.2304712867039447,24.122012256264224,25.35248354296817,763.2345289846683,0.6227310391890395,789.2097435668254,0.7421040000000001,762.801815,0.619393,764.163312
2026-07-16_ttft_component_regression/phase1/input6000_rate3p33_reuse00_seed2,295,197.3783009405215,25.648032117498833,223.02633305802036,763.2345289846683,0.6227310391890395,986.8835930818776,178.05005699999998,762.276242,0.619393,940.945692
2026-07-16_ttft_component_regression/phase1/input6000_rate3p33_reuse00_seed2,5,0.0,0.11352808234665658,0.11352808234665658,763.2345289846683,0.0,763.3480570670149,0.135991,676.342498,0.0,676.478489
2026-07-16_ttft_component_regression/phase1/input6000_rate3p33_reuse00_seed2,41,0.04167400728874336,254.16821720335182,254.20989121064056,763.2345289846683,0.0,1017.4444201953088,1270.145202,939.231645,0.0,2209.376847
2026-07-16_ttft_component_regression/phase1/input6000_rate3p33_reuse00_seed2,37,0.0,11.16660010595953,11.16660010595953,763.2345289846683,0.0,774.4011290906278,48.785973,713.485926,0.0,762.271899
2026-07-16_ttft_component_regression/phase1/input6000_rate3p33_reuse00_seed2,36,0.017747237022304088,6.353405909162227,6.371153146184531,763.2345289846683,0.0,769.6056821308528,4.813801,695.466988,0.0,700.280789
2026-07-16_ttft_component_regression/phase1/input6000_rate3p33_reuse00_seed2,38,0.0,11.08178931735466,11.08178931735466,763.2345289846683,0.0,774.3163183020229,416.924606,977.080255,0.0,1394.004861
2026-07-16_ttft_component_regression/phase1/input6000_rate3p33_reuse00_seed2,39,0.016492051114629213,233.8457195283838,233.86221157949842,763.2345289846683,0.0,997.0967405641667,1108.319696,988.299911,0.0,2096.619607
2026-07-16_ttft_component_regression/phase1/input6000_rate3p33_reuse00_seed2,54,0.04146243580302562,13.738232684339447,13.779695120142472,763.2345289846683,0.0,777.0142241048108,18.790837,716.521714,0.0,735.312551
2026-07-16_ttft_component_regression/phase1/input6000_rate3p33_reuse00_seed2,61,0.0,15.065758999244961,15.065758999244961,763.2345289846683,0.0,778.3002879839132,4.323785,723.027562,0.0,727.351347
2026-07-16_ttft_component_regression/phase1/input6000_rate3p33_reuse00_seed2,91,0.0,18.203091386816958,18.203091386816958,763.2345289846683,0.0,781.4376203714852,14.015476,735.962037,0.0,749.977513
2026-07-16_ttft_component_regression/phase1/input6000_rate3p33_reuse00_seed2,77,0.0,16.31779557285019,16.31779557285019,763.2345289846683,0.0,779.5523245575184,16.544838,729.95709,0.0,746.501928
2026-07-16_ttft_component_regression/phase1/input6000_rate3p33_reuse00_seed2,120,0.08841910607023196,18.679578991137,18.767998097207233,763.2345289846683,0.0,782.0025270818755,7.982406,758.421993,0.0,766.404399
2026-07-16_ttft_component_regression/phase1/input6000_rate3p33_reuse00_seed2,131,0.0,15.823312464607046,15.823312464607046,763.2345289846683,0.0,779.0578414492753,20.502801,747.86709,0.0,768.369891
2026-07-16_ttft_component_regression/phase1/input6000_rate3p33_reuse00_seed2,105,0.0,17.158436281809287,17.158436281809287,763.2345289846683,0.0,780.3929652664775,20.158726,745.696452,0.0,765.855178
2026-07-16_ttft_component_regression/phase1/input6000_rate3p33_reuse00_seed2,107,0.09647139562304112,18.733451001364724,18.829922396987765,763.2345289846683,0.0,782.064451381656,122.349548,1007.037488,0.0,1129.387036
2026-07-16_ttft_component_regression/phase1/input6000_rate3p33_reuse00_seed2,143,0.0,18.31239631012755,18.31239631012755,763.2345289846683,0.0,781.5469252947958,23.371175,748.851154,0.0,772.222329
2026-07-16_ttft_component_regression/phase1/input6000_rate3p33_reuse00_seed2,160,0.0,17.075071932205017,17.075071932205017,763.2345289846683,0.0,780.3096009168733,483.73108,1032.581434,0.0,1516.312514
2026-07-16_ttft_component_regression/phase1/input6000_rate3p33_reuse00_seed2,159,0.0,16.30779642009016,16.30779642009016,763.2345289846683,0.0,779.5423254047585,14.244983,761.998541,0.0,776.243524
2026-07-16_ttft_component_regression/phase1/input6000_rate3p33_reuse00_seed2,165,0.05787754551923277,18.470101639151288,18.52797918467052,763.2345289846683,0.0,781.7625081693387,631.727991,1006.34629,0.0,1638.074281
2026-07-16_ttft_component_regression/phase1/input6000_rate3p33_reuse00_seed2,172,0.4689275769982106,20.953151396214402,21.422078973212614,763.2345289846683,0.0,784.6566079578809,176.16635,771.679937,0.0,947.846287
2026-07-16_ttft_component_regression/phase1/input6000_rate3p33_reuse00_seed2,197,0.5044201123387229,20.40903111811572,20.91345123045444,763.2345289846683,0.0,784.1479802151227,26.242808,746.004606,0.0,772.247414
2026-07-16_ttft_component_regression/phase1/input6000_rate3p33_reuse00_seed2,181,0.0632335883291307,18.507440429180253,18.570674017509383,763.2345289846683,0.0,781.8052030021777,14.136323,766.115989,0.0,780.252312
2026-07-16_ttft_component_regression/phase1/input6000_rate3p33_reuse00_seed2,193,0.08588113054140883,18.02607973493031,18.11196086547172,763.2345289846683,0.0,781.34648985014,15.921757,752.166631,0.0,768.088388
2026-07-16_ttft_component_regression/phase1/input6000_rate3p33_reuse00_seed2,230,0.0879977506719836,18.040000005114116,18.1279977557861,763.2345289846683,0.0,781.3625267404543,17.574673,752.201508,0.0,769.776181
2026-07-16_ttft_component_regression/phase1/input6000_rate3p33_reuse00_seed2,237,0.5017479425399703,20.398321122901205,20.900069065441176,763.2345289846683,0.0,784.1345980501094,25.855609,760.789243,0.0,786.644852
2026-07-16_ttft_component_regression/phase1/input6000_rate3p33_reuse00_seed2,211,0.6381224181391497,22.601795994760465,23.239918412899616,763.2345289846683,0.0,786.4744473975679,12.543968,773.772656,0.0,786.316624
2026-07-16_ttft_component_regression/phase1/input6000_rate3p33_reuse00_seed2,220,0.12066600077927694,18.69054515186532,18.811211152644596,763.2345289846683,0.0,782.0457401373128,10.072137,751.936999,0.0,762.009136
2026-07-16_ttft_component_regression/phase1/input6000_rate3p33_reuse00_seed2,270,0.08029780214708579,17.98917868685483,18.069476489001918,763.2345289846683,0.0,781.3040054736701,1.412193,760.161558,0.0,761.573751
2026-07-16_ttft_component_regression/phase1/input6000_rate3p33_reuse00_seed2,256,0.5151749426923209,20.45177702089506,20.966951963587384,763.2345289846683,0.0,784.2014809482556,15.141382,765.194868,0.0,780.33625
2026-07-16_ttft_component_regression/phase1/input6000_rate3p33_reuse00_seed2,294,0.05349353212994347,11.174903852247391,11.228397384377335,763.2345289846683,0.0,774.4629263690456,20.216271,715.009357,0.0,735.225628
2026-07-16_ttft_component_regression/phase1/input6000_rate3p33_reuse00_seed2,26,0.0,11.162930494824423,11.162930494824423,763.2345289846683,0.0,774.3974594794927,140.395393,939.510692,0.0,1079.906085
2026-07-16_ttft_component_regression/phase1/input6000_rate3p33_reuse00_seed2,11,0.0,0.14043656091395634,0.14043656091395634,763.2345289846683,0.0,763.3749655455822,0.016417,676.342498,0.0,676.358915
2026-07-16_ttft_component_regression/phase1/input6000_rate3p33_reuse00_seed2,25,0.017040691142915402,6.3775245056130165,6.394565196755932,763.2345289846683,0.0,769.6290941814242,8.065095,707.642831,0.0,715.707926
2026-07-16_ttft_component_regression/phase1/input6000_rate3p33_reuse00_seed2,43,0.0,11.064433838840985,11.064433838840985,763.2345289846683,0.0,774.2989628235092,12.730936,706.477964,0.0,719.2089
2026-07-16_ttft_component_regression/phase1/input6000_rate3p33_reuse00_seed2,52,0.014044852960723614,11.376277132963825,11.39032198592455,763.2345289846683,0.0,774.6248509705928,1.469891,710.887438,0.0,712.357329
2026-07-16_ttft_component_regression/phase1/input6000_rate3p33_reuse00_seed2,90,0.0,11.240151176951295,11.240151176951295,763.2345289846683,0.0,774.4746801616195,1.818703,701.25689,0.0,703.075593
2026-07-16_ttft_component_regression/phase1/input6000_rate3p33_reuse00_seed2,94,0.0,11.047000591172166,11.047000591172166,763.2345289846683,0.0,774.2815295758404,10.635552,700.311578,0.0,710.94713
2026-07-16_ttft_component_regression/phase1/input6000_rate3p33_reuse00_seed2,117,0.0,11.038231987927801,11.038231987927801,763.2345289846683,0.0,774.2727609725961,5.907046,706.038252,0.0,711.945298
2026-07-16_ttft_component_regression/phase1/input6000_rate3p33_reuse00_seed2,116,0.014741752183295586,10.577580978615785,10.592322730799081,763.2345289846683,0.0,773.8268517154673,7.599688,700.286426,0.0,707.886114
2026-07-16_ttft_component_regression/phase1/input6000_rate3p33_reuse00_seed2,125,0.021351958717228052,10.333097610545012,10.35444956926224,763.2345289846683,0.0,773.5889785539305,0.466847,710.399374,0.0,710.866221
2026-07-16_ttft_component_regression/phase1/input6000_rate3p33_reuse00_seed2,155,0.05019739350277289,10.722257146379077,10.77245453988185,763.2345289846683,0.0,774.0069835245502,12.758509,711.468526,0.0,724.227035
2026-07-16_ttft_component_regression/phase1/input6000_rate3p33_reuse00_seed2,166,0.0,16.305769296570453,16.305769296570453,763.2345289846683,0.0,779.5402982812387,386.131597,979.919244,0.0,1366.050841
2026-07-16_ttft_component_regression/phase1/input6000_rate3p33_reuse00_seed2,176,0.0,16.374836883704997,16.374836883704997,763.2345289846683,0.0,779.6093658683733,2.001778,737.698704,0.0,739.700482
2026-07-16_ttft_component_regression/phase1/input6000_rate3p33_reuse00_seed2,161,0.038033364640990025,12.734369272201151,12.772402636842141,763.2345289846683,0.0,776.0069316215104,11.596509,744.558314,0.0,756.154823
2026-07-16_ttft_component_regression/phase1/input6000_rate3p33_reuse00_seed2,163,0.0,14.995365093701789,14.995365093701789,763.2345289846683,0.0,778.2298940783701,272.079324,1021.483352,0.0,1293.562676
2026-07-16_ttft_component_regression/phase1/input6000_rate3p33_reuse00_seed2,188,0.0,14.974055073922852,14.974055073922852,763.2345289846683,0.0,778.2085840585911,2.005084,734.140688,0.0,736.145772
2026-07-16_ttft_component_regression/phase1/input6000_rate3p33_reuse00_seed2,226,0.0,17.467491579670632,17.467491579670632,763.2345289846683,0.0,780.7020205643389,18.136669,745.150354,0.0,763.287023
2026-07-16_ttft_component_regression/phase1/input6000_rate3p33_reuse00_seed2,215,0.07532295365931467,16.04966816751954,16.12499112117885,763.2345289846683,0.0,779.3595201058471,8.741248,740.939839,0.0,749.681087
2026-07-16_ttft_component_regression/phase1/input6000_rate3p33_reuse00_seed2,242,0.09747202945926875,11.45292887425214,11.550400903711408,763.2345289846683,0.0,774.7849298883797,9.743232,743.047278,0.0,752.79051
2026-07-16_ttft_component_regression/phase1/input6000_rate3p33_reuse00_seed2,259,0.027812136314824563,15.054045817528934,15.081857953843759,763.2345289846683,0.0,778.316386938512,5.391852,758.558779,0.0,763.950631
2026-07-16_ttft_component_regression/phase1/input6000_rate3p33_reuse00_seed2,262,0.0,15.815847030221619,15.815847030221619,763.2345289846683,0.0,779.0503760148899,377.927033,1034.271445,0.0,1412.198478
2026-07-16_ttft_component_regression/phase1/input6000_rate3p33_reuse00_seed2,243,0.12811746612887287,13.665403658842182,13.793521124971054,763.2345289846683,0.0,777.0280501096394,395.818137,974.273094,0.0,1370.091231
2026-07-16_ttft_component_regression/phase1/input6000_rate3p33_reuse00_seed2,264,0.0,16.542808674999563,16.542808674999563,763.2345289846683,0.0,779.7773376596679,727.200837,997.928875,0.0,1725.129712
2026-07-16_ttft_component_regression/phase1/input6000_rate3p33_reuse00_seed2,254,0.049922253457123054,12.39784895909592,12.447771212553043,763.2345289846683,0.0,775.6823001972213,10.569674,727.8954,0.0,738.465074
2026-07-16_ttft_component_regression/phase1/input6000_rate3p33_reuse00_seed2,252,0.07938916952516928,12.810424976981462,12.889814146506632,763.2345289846683,0.0,776.1243431311749,7.628561,727.621219,0.0,735.24978
2026-07-16_ttft_component_regression/phase1/input6000_rate3p33_reuse00_seed2,275,1.1403416244654427,23.26834011093667,24.408681735402112,763.2345289846683,0.6227310391890395,788.2659417592594,19.225734,753.680246,0.619393,773.525373
2026-07-16_ttft_component_regression/phase1/input6000_rate3p33_reuse00_seed2,279,0.4701967722656395,20.26914359344906,20.739340365714696,763.2345289846683,0.0,783.973869350383,15.01131,755.895167,0.0,770.906477
2026-07-16_ttft_component_regression/phase1/input6000_rate3p33_reuse00_seed2,297,0.5315407683942064,21.06330663172415,21.594847400118354,763.2345289846683,0.0,784.8293763847867,3.805647,716.092297,0.0,719.897944
2026-07-16_ttft_component_regression/phase1/input6000_rate3p33_reuse00_seed2,6,0.0,0.10370460703479085,0.10370460703479085,763.2345289846683,0.0,763.3382335917031,0.065066,676.342498,0.0,676.407564
2026-07-16_ttft_component_regression/phase1/input6000_rate3p33_reuse00_seed2,7,0.01805495836375295,6.34160567525596,6.359660633619713,763.2345289846683,0.0,769.5941896182879,4.673756,693.9379,0.0,698.611656
2026-07-16_ttft_component_regression/phase1/input6000_rate3p33_reuse00_seed2,28,0.015051019781564277,11.426750451853668,11.441801471635232,763.2345289846683,0.0,774.6763304563035,12.574472,709.717294,0.0,722.291766
2026-07-16_ttft_component_regression/phase1/input6000_rate3p33_reuse00_seed2,22,0.0,11.173943150401373,11.173943150401373,763.2345289846683,0.0,774.4084721350696,7.427062,699.917434,0.0,707.344496
2026-07-16_ttft_component_regression/phase1/input6000_rate3p33_reuse00_seed2,44,0.0,15.963427631705672,15.963427631705672,763.2345289846683,0.0,779.197956616374,15.577917,723.479466,0.0,739.057383
2026-07-16_ttft_component_regression/phase1/input6000_rate3p33_reuse00_seed2,27,0.0,11.07820431606369,11.07820431606369,763.2345289846683,0.0,774.3127333007319,3.405836,705.6619,0.0,709.067736
2026-07-16_ttft_component_regression/phase1/input6000_rate3p33_reuse00_seed2,35,0.04167400728874336,13.671597938782522,13.713271946071265,763.2345289846683,0.0,776.9478009307395,20.723721,716.666962,0.0,737.390683
2026-07-16_ttft_component_regression/phase1/input6000_rate3p33_reuse00_seed2,85,0.0831436048434116,19.771254554176238,19.85439815901965,763.2345289846683,0.0,783.0889271436879,251.946548,744.644728,0.0,996.591276
2026-07-16_ttft_component_regression/phase1/input6000_rate3p33_reuse00_seed2,60,0.0,16.312452357297946,16.312452357297946,763.2345289846683,0.0,779.5469813419662,2.971451,730.386178,0.0,733.357629
2026-07-16_ttft_component_regression/phase1/input6000_rate3p33_reuse00_seed2,75,0.0,16.316305821405773,16.316305821405773,763.2345289846683,0.0,779.550834806074,14.012762,730.981506,0.0,744.994268
2026-07-16_ttft_component_regression/phase1/input6000_rate3p33_reuse00_seed2,102,0.0,16.312715882881548,16.312715882881548,763.2345289846683,0.0,779.5472448675498,4.286608,739.384912,0.0,743.67152
2026-07-16_ttft_component_regression/phase1/input6000_rate3p33_reuse00_seed2,81,0.0,18.206708268669704,18.206708268669704,763.2345289846683,0.0,781.4412372533379,24.560205,736.292981,0.0,760.853186
2026-07-16_ttft_component_regression/phase1/input6000_rate3p33_reuse00_seed2,104,0.0,17.098581904082657,17.098581904082657,763.2345289846683,0.0,780.3331108887509,17.461963,744.260187,0.0,761.72215
2026-07-16_ttft_component_regression/phase1/input6000_rate3p33_reuse00_seed2,113,0.0,15.823829817619236,15.823829817619236,763.2345289846683,0.0,779.0583588022874,5.84675,741.302984,0.0,747.149734
2026-07-16_ttft_component_regression/phase1/input6000_rate3p33_reuse00_seed2,128,0.0,17.33057904308855,17.33057904308855,763.2345289846683,0.0,780.5651080277568,19.103815,742.201887,0.0,761.305702
2026-07-16_ttft_component_regression/phase1/input6000_rate3p33_reuse00_seed2,152,0.0,14.570750287898782,14.570750287898782,763.2345289846683,0.0,777.8052792725671,14.157338,739.296059,0.0,753.453397
2026-07-16_ttft_component_regression/phase1/input6000_rate3p33_reuse00_seed2,170,0.0,17.11103077305808,17.11103077305808,763.2345289846683,0.0,780.3455597577264,15.756912,750.372975,0.0,766.129887
2026-07-16_ttft_component_regression/phase1/input6000_rate3p33_reuse00_seed2,156,0.0,15.824598111600766,15.824598111600766,763.2345289846683,0.0,779.059127096269,2.237772,747.606439,0.0,749.844211
2026-07-16_ttft_component_regression/phase1/input6000_rate3p33_reuse00_seed2,182,0.041762901212075904,13.634992638230278,13.676755539442354,763.2345289846683,0.0,776.9112845241107,5.340085,737.226894,0.0,742.566979
2026-07-16_ttft_component_regression/phase1/input6000_rate3p33_reuse00_seed2,199,0.12808630407145583,13.690282409416529,13.818368713487985,763.2345289846683,0.0,777.0528976981562,18.027245,731.639964,0.0,749.667209
2026-07-16_ttft_component_regression/phase1/input6000_rate3p33_reuse00_seed2,202,0.027812136314824563,15.054045817528934,15.081857953843759,763.2345289846683,0.0,778.316386938512,17.966063,738.950004,0.0,756.916067
2026-07-16_ttft_component_regression/phase1/input6000_rate3p33_reuse00_seed2,225,0.1341684397248244,19.673465204635587,19.80763364436041,763.2345289846683,0.0,783.0421626290287,41.386135,1027.213351,0.0,1068.599486
2026-07-16_ttft_component_regression/phase1/input6000_rate3p33_reuse00_seed2,217,0.0,17.14780989816829,17.14780989816829,763.2345289846683,0.0,780.3823388828365,7.552036,747.199222,0.0,754.751258
2026-07-16_ttft_component_regression/phase1/input6000_rate3p33_reuse00_seed2,224,0.0,18.274586653871857,18.274586653871857,763.2345289846683,0.0,781.5091156385402,14.105867,752.322664,0.0,766.428531
2026-07-16_ttft_component_regression/phase1/input6000_rate3p33_reuse00_seed2,207,0.0,17.472606448906944,17.472606448906944,763.2345289846683,0.0,780.7071354335752,246.564555,736.627872,0.0,983.192427
2026-07-16_ttft_component_regression/phase1/input6000_rate3p33_reuse00_seed2,253,0.46245716492081124,20.236680035014583,20.699137199935393,763.2345289846683,0.0,783.9336661846037,24.697975,773.0527,0.0,797.750675
2026-07-16_ttft_component_regression/phase1/input6000_rate3p33_reuse00_seed2,235,1.1973435974191893,23.346012430473266,24.543356027892454,763.2345289846683,0.6227310391890395,788.4006160517497,5.348738,765.49668,0.619393,771.464811
2026-07-16_ttft_component_regression/phase1/input6000_rate3p33_reuse00_seed2,265,0.06014537722812045,17.85375372347905,17.91389910070717,763.2345289846683,0.0,781.1484280853754,5.335454,764.969718,0.0,770.305172
2026-07-16_ttft_component_regression/phase1/input6000_rate3p33_reuse00_seed2,269,0.4369447786460357,20.814083791362098,21.251028570008135,763.2345289846683,0.0,784.4855575546763,15.92436,763.343249,0.0,779.267609
2026-07-16_ttft_component_regression/phase1/input6000_rate3p33_reuse00_seed2,247,0.5795933667363137,22.3602692620699,22.939862628806214,763.2345289846683,0.0,786.1743916134744,7.452333,773.595182,0.0,781.047515
2026-07-16_ttft_component_regression/phase1/input6000_rate3p33_reuse00_seed2,282,998.3699594010089,24.07020971598577,1022.4401691169948,763.2345289846683,0.6227310391890395,1786.2974291408523,5811.842152,773.004124,0.619393,6585.465669
2026-07-16_ttft_component_regression/phase1/input6000_rate3p33_reuse00_seed2,278,2867.8198019791007,23.317798633479228,2891.1376006125797,763.2345289846683,0.6227310391890395,3654.9948606364374,3527.399704,760.149711,0.619393,4288.168808
2026-07-16_ttft_component_regression/phase1/input6000_rate3p33_reuse00_seed2,274,4475.859563847824,23.32564678082791,4499.1852106286515,763.2345289846683,0.6227310391890395,5263.042470652508,2847.958814,761.393068,0.619393,3609.971275
2026-07-16_ttft_component_regression/phase1/input6000_rate3p33_reuse00_seed2,281,2106.0862751661866,24.108038782690304,2130.194313948877,763.2345289846683,0.6227310391890395,2894.051573972735,5072.023151,775.683924,0.619393,5848.326468
2026-07-16_ttft_component_regression/phase1/input6000_rate3p33_reuse00_seed2,15,0.0,0.13555661717787004,0.13555661717787004,763.2345289846683,0.0,763.3700856018461,0.021184,676.342498,0.0,676.363682
2026-07-16_ttft_component_regression/phase1/input6000_rate3p33_reuse00_seed2,30,0.0,11.203353675344582,11.203353675344582,763.2345289846683,0.0,774.4378826600129,448.186943,969.760401,0.0,1417.947344
2026-07-16_ttft_component_regression/phase1/input6000_rate3p33_reuse00_seed2,29,0.017809464161739393,6.351087981776231,6.36889744593797,763.2345289846683,0.0,769.6034264306062,12.45139,707.958191,0.0,720.409581
2026-07-16_ttft_component_regression/phase1/input6000_rate3p33_reuse00_seed2,48,0.041904898729124215,13.542742190302233,13.584647089031357,763.2345289846683,0.0,776.8191760736996,9.210714,716.650898,0.0,725.861612
2026-07-16_ttft_component_regression/phase1/input6000_rate3p33_reuse00_seed2,42,0.014044852960723614,11.376277132963825,11.39032198592455,763.2345289846683,0.0,774.6248509705928,4.835804,709.83147,0.0,714.667274
2026-07-16_ttft_component_regression/phase1/input6000_rate3p33_reuse00_seed2,34,0.0,11.059506131519857,11.059506131519857,763.2345289846683,0.0,774.2940351161881,41.181554,938.47201,0.0,979.653564
2026-07-16_ttft_component_regression/phase1/input6000_rate3p33_reuse00_seed2,83,0.0,15.90913861244857,15.90913861244857,763.2345289846683,0.0,779.1436675971169,3.065475,724.613578,0.0,727.679053
2026-07-16_ttft_component_regression/phase1/input6000_rate3p33_reuse00_seed2,98,0.0,14.95946981778257,14.95946981778257,763.2345289846683,0.0,778.1939988024508,43.049495,724.062986,0.0,767.112481
2026-07-16_ttft_component_regression/phase1/input6000_rate3p33_reuse00_seed2,92,0.04191529836813918,13.530367389076648,13.572282687444787,763.2345289846683,0.0,776.8068116721131,7.972741,717.97621,0.0,725.948951
2026-07-16_ttft_component_regression/phase1/input6000_rate3p33_reuse00_seed2,76,0.0,15.000008973853042,15.000008973853042,763.2345289846683,0.0,778.2345379585213,14.176284,725.080522,0.0,739.256806
2026-07-16_ttft_component_regression/phase1/input6000_rate3p33_reuse00_seed2,109,0.020556521560934217,10.297641007228627,10.318197528789561,763.2345289846683,0.0,773.5527265134579,13.365659,710.218574,0.0,723.584233
2026-07-16_ttft_component_regression/phase1/input6000_rate3p33_reuse00_seed2,124,0.0380660149186766,12.669900456219382,12.707966471138059,763.2345289846683,0.0,775.9424954558064,6.096882,725.240388,0.0,731.33727
2026-07-16_ttft_component_regression/phase1/input6000_rate3p33_reuse00_seed2,138,0.07844187796798865,16.012835239081035,16.091277117049025,763.2345289846683,0.0,779.3258061017173,6.633046,738.934937,0.0,745.567983
2026-07-16_ttft_component_regression/phase1/input6000_rate3p33_reuse00_seed2,148,0.03208397768773784,15.004876439291047,15.036960416978784,763.2345289846683,0.0,778.271489401647,20.501911,736.846323,0.0,757.348234
2026-07-16_ttft_component_regression/phase1/input6000_rate3p33_reuse00_seed2,149,0.0,15.812497101190814,15.812497101190814,763.2345289846683,0.0,779.0470260858591,14.316501,734.607805,0.0,748.924306
2026-07-16_ttft_component_regression/phase1/input6000_rate3p33_reuse00_seed2,157,1.1821363323931848,24.065388102272163,25.247524434665348,763.2345289846683,0.6227310391890395,789.1047844585227,7.441151,730.22402,0.619393,738.284564
2026-07-16_ttft_component_regression/phase1/input6000_rate3p33_reuse00_seed2,169,1.186074478893658,24.070360306434242,25.2564347853279,763.2345289846683,0.6227310391890395,789.1136948091852,33.491611,739.887001,0.619393,773.998005
2026-07-16_ttft_component_regression/phase1/input6000_rate3p33_reuse00_seed2,196,0.05000932833874585,12.329896032459908,12.379905360798654,763.2345289846683,0.0,775.6144343454669,14.767949,738.761608,0.0,753.529557
2026-07-16_ttft_component_regression/phase1/input6000_rate3p33_reuse00_seed2,203,0.05216476672444357,10.812785568559324,10.864950335283767,763.2345289846683,0.0,774.099479319952,0.853036,727.309989,0.0,728.163025
2026-07-16_ttft_component_regression/phase1/input6000_rate3p33_reuse00_seed2,229,0.09904783119816164,11.526240489736761,11.625288320934922,763.2345289846683,0.0,774.8598173056032,19.666722,725.477899,0.0,745.144621
2026-07-16_ttft_component_regression/phase1/input6000_rate3p33_reuse00_seed2,244,0.05205618049256185,11.140445174275836,11.192501354768398,763.2345289846683,0.0,774.4270303394367,8.758868,721.564336,0.0,730.323204
2026-07-16_ttft_component_regression/phase1/input6000_rate3p33_reuse00_seed2,263,0.049981870948310234,12.35827937642527,12.408261247373579,763.2345289846683,0.0,775.6427902320419,85.706172,1007.55445,0.0,1093.260622
2026-07-16_ttft_component_regression/phase1/input6000_rate3p33_reuse00_seed2,249,0.16534892698843406,11.302789830078025,11.468138757066459,763.2345289846683,0.0,774.7026677417347,12.841708,726.926279,0.0,739.767987
2026-07-16_ttft_component_regression/phase1/input6000_rate3p33_reuse00_seed2,271,1.1657589479526589,23.304465371037864,24.470224318990525,763.2345289846683,0.6227310391890395,788.3274843428478,423.974334,1055.038015,0.619393,1479.631742
2026-07-16_ttft_component_regression/phase1/input6000_rate3p33_reuse00_seed2,268,0.0,16.309480170296226,16.309480170296226,763.2345289846683,0.0,779.5440091549644,519.646452,1027.245625,0.0,1546.892077
2026-07-16_ttft_component_regression/phase1/input6000_rate3p33_reuse00_seed2,261,0.05112624396523573,10.764629121743344,10.81575536570858,763.2345289846683,0.0,774.0502843503768,8.901264,740.430919,0.0,749.332183
2026-07-16_ttft_component_regression/phase1/input6000_rate3p33_reuse00_seed2,267,1.1605652847883765,24.037084068654135,25.19764935344251,763.2345289846683,0.6227310391890395,789.0549093772999,36.59047399999999,1013.880127,0.619393,1051.089994
2026-07-16_ttft_component_regression/phase1/input6000_rate3p33_reuse00_seed2,292,0.5167213726745417,21.00206132013985,21.51878269281439,763.2345289846683,0.0,784.7533116774827,15.342908,768.013992,0.0,783.3569
2026-07-16_ttft_component_regression/phase1/input6000_rate3p33_reuse00_seed2,273,0.0741222653734147,317.3279804894519,317.4021027548253,763.2345289846683,0.0,1080.6366317394936,900.089048,973.656519,0.0,1873.745567
2026-07-16_ttft_component_regression/phase1/input6000_rate3p33_reuse00_seed2,286,1.2773112672740714,24.182048867641427,25.4593601349155,763.2345289846683,0.6227310391890395,789.3166201587728,24.307423,765.093825,0.619393,790.020641
2026-07-16_ttft_component_regression/phase1/input6000_rate3p33_reuse00_seed2,21,0.0,11.207032880662824,11.207032880662824,763.2345289846683,0.0,774.4415618653311,139.881083,939.299012,0.0,1079.180095
2026-07-16_ttft_component_regression/phase1/input6000_rate3p33_reuse00_seed2,18,0.017871351250231024,6.348749026100671,6.366620377350902,763.2345289846683,0.0,769.6011493620192,11.76357,707.356879,0.0,719.120449
2026-07-16_ttft_component_regression/phase1/input6000_rate3p33_reuse00_seed2,12,0.0,0.1379973236786964,0.1379973236786964,763.2345289846683,0.0,763.372526308347,0.000883,676.342498,0.0,676.343381
2026-07-16_ttft_component_regression/phase1/input6000_rate3p33_reuse00_seed2,70,0.011279269951927115,10.735997057904504,10.747276327856431,763.2345289846683,0.0,773.9818053125247,167.19417,931.799085,0.0,1098.993255
2026-07-16_ttft_component_regression/phase1/input6000_rate3p33_reuse00_seed2,66,0.0,10.493774292402936,10.493774292402936,763.2345289846683,0.0,773.7283032770712,213.929951,971.002545,0.0,1184.932496
2026-07-16_ttft_component_regression/phase1/input6000_rate3p33_reuse00_seed2,79,0.01393266398765694,11.370702853175407,11.384635517163064,763.2345289846683,0.0,774.6191645018313,18.95099,709.430094,0.0,728.381084
2026-07-16_ttft_component_regression/phase1/input6000_rate3p33_reuse00_seed2,87,0.04191975406664971,13.524173724598663,13.566093478665312,763.2345289846683,0.0,776.8006224633335,20.458089,716.290002,0.0,736.748091
2026-07-16_ttft_component_regression/phase1/input6000_rate3p33_reuse00_seed2,65,0.01377746185462504,5.951107856661587,5.964885318516212,763.2345289846683,0.0,769.1994143031844,2.099019,709.599663,0.0,711.698682
2026-07-16_ttft_component_regression/phase1/input6000_rate3p33_reuse00_seed2,67,0.0,183.47107950725422,183.47107950725422,763.2345289846683,0.0,946.7056084919225,791.561287,983.366719,0.0,1774.928006
2026-07-16_ttft_component_regression/phase1/input6000_rate3p33_reuse00_seed2,97,1.0929630467323852,399.1529281904038,400.2458912371362,763.2345289846683,0.6227310391890395,1164.1031512609936,17.699064,722.910858,0.619393,741.229315
2026-07-16_ttft_component_regression/phase1/input6000_rate3p33_reuse00_seed2,123,0.05787754551923277,18.470101639151288,18.52797918467052,763.2345289846683,0.0,781.7625081693387,22.438525,752.115621,0.0,774.554146
2026-07-16_ttft_component_regression/phase1/input6000_rate3p33_reuse00_seed2,110,1.1248120632180327,23.245080898796964,24.369892962014998,763.2345289846683,0.6227310391890395,788.2271529858723,19.903391,729.66557,0.619393,750.188354
2026-07-16_ttft_component_regression/phase1/input6000_rate3p33_reuse00_seed2,119,0.0,16.582162375179035,16.582162375179035,763.2345289846683,0.0,779.8166913598473,10.775688,744.540761,0.0,755.316449
2026-07-16_ttft_component_regression/phase1/input6000_rate3p33_reuse00_seed2,150,1619.2302750773774,23.25389373489,1642.4841688122674,763.2345289846683,0.6227310391890395,2406.341428836125,1132.305317,766.021859,0.619393,1898.946569
2026-07-16_ttft_component_regression/phase1/input6000_rate3p33_reuse00_seed2,132,0.48716910206568786,20.339258804052246,20.826427906117935,763.2345289846683,0.0,784.0609568907862,5.793797,760.00459,0.0,765.798387
2026-07-16_ttft_component_regression/phase1/input6000_rate3p33_reuse00_seed2,158,0.0,17.114217161269167,17.114217161269167,763.2345289846683,0.0,780.3487461459374,16.936818,744.673245,0.0,761.610063
2026-07-16_ttft_component_regression/phase1/input6000_rate3p33_reuse00_seed2,141,2697.4365873296,25.731365609349947,2723.16795293895,763.2345289846683,0.0,3486.4024819236183,1743.0925359999999,764.567188,0.0,2507.659724
2026-07-16_ttft_component_regression/phase1/input6000_rate3p33_reuse00_seed2,191,1.1618341124388682,23.299044118398353,24.46087823083722,763.2345289846683,0.6227310391890395,788.3181382546945,453.441367,1001.037736,0.619393,1455.098496
2026-07-16_ttft_component_regression/phase1/input6000_rate3p33_reuse00_seed2,190,0.0,15.82685197032543,15.82685197032543,763.2345289846683,0.0,779.0613809549936,12.348606,754.468332,0.0,766.816938
2026-07-16_ttft_component_regression/phase1/input6000_rate3p33_reuse00_seed2,179,0.0,17.114217161269167,17.114217161269167,763.2345289846683,0.0,780.3487461459374,17.500395,745.132516,0.0,762.632911
2026-07-16_ttft_component_regression/phase1/input6000_rate3p33_reuse00_seed2,204,1.1306255516481958,23.25389373489,24.384519286538193,763.2345289846683,0.6227310391890395,788.2417793103955,18.873813,761.389567,0.619393,780.882773
2026-07-16_ttft_component_regression/phase1/input6000_rate3p33_reuse00_seed2,212,1930.6568754526627,25.35907489155575,1956.0159503442185,763.2345289846683,0.6227310391890395,2719.873210368076,1283.685233,775.25273,0.619393,2059.557356
2026-07-16_ttft_component_regression/phase1/input6000_rate3p33_reuse00_seed2,205,1.1540001656233472,23.288051994172232,24.44205215979558,763.2345289846683,0.6227310391890395,788.2993121836529,416.012489,1020.189025,0.619393,1436.820907
2026-07-16_ttft_component_regression/phase1/input6000_rate3p33_reuse00_seed2,251,0.04325133096217179,17.27507943938203,17.3183307703442,763.2345289846683,0.0,780.5528597550125,487.951536,999.13023,0.0,1487.081766
2026-07-16_ttft_component_regression/phase1/input6000_rate3p33_reuse00_seed2,250,1.4963923790815248,25.439121759726955,26.93551413880848,763.2345289846683,0.6227310391890395,790.7927741626658,20.460583,756.513416,0.619393,777.593392
2026-07-16_ttft_component_regression/phase1/input6000_rate3p33_reuse00_seed2,255,0.0,16.577827222661952,16.577827222661952,763.2345289846683,0.0,779.8123562073303,4.990638,743.268247,0.0,748.258885
2026-07-16_ttft_component_regression/phase1/input6000_rate3p33_reuse00_seed2,284,0.1001298198150925,11.577661647560635,11.677791467375728,763.2345289846683,0.0,774.912320452044,15.935295,733.299959,0.0,749.235254
2026-07-16_ttft_component_regression/phase1/input6000_rate3p33_reuse00_seed2,290,0.024050472277293046,10.45698753133087,10.481038003608164,763.2345289846683,0.0,773.7155669882765,9.174642,724.249701,0.0,733.424343
2026-07-16_ttft_component_regression/phase1/input6000_rate3p33_reuse00_seed2,1,0.018814167980293266,6.308440925395628,6.327255093375921,763.2345289846683,0.0,769.5617840780442,332.607214,927.033461,0.0,1259.640675
2026-07-16_ttft_component_regression/phase1/input6000_rate3p33_reuse00_seed2,3,0.0,11.26956218518386,11.26956218518386,763.2345289846683,0.0,774.5040911698521,115.48697,699.412282,0.0,814.899252
2026-07-16_ttft_component_regression/phase1/input6000_rate3p33_reuse00_seed2,0,0.0,0.1086187080370385,0.1086187080370385,763.2345289846683,0.0,763.3431476927053,0.0,689.692786,0.0,689.692786
2026-07-16_ttft_component_regression/phase1/input6000_rate3p33_reuse00_seed2,16,0.041936328995698935,13.455779027687734,13.497715356683434,763.2345289846683,0.0,776.7322443413517,396.040613,951.990453,0.0,1348.031066
2026-07-16_ttft_component_regression/phase1/input6000_rate3p33_reuse00_seed2,13,0.012467752442144667,11.298865932310283,11.311333684752428,763.2345289846683,0.0,774.5458626694207,86.462676,982.264615,0.0,1068.727291
2026-07-16_ttft_component_regression/phase1/input6000_rate3p33_reuse00_seed2,9,0.0,11.031327846248725,11.031327846248725,763.2345289846683,0.0,774.265856830917,14.290483,718.561583,0.0,732.852066
2026-07-16_ttft_component_regression/phase1/input6000_rate3p33_reuse00_seed2,24,0.0,15.903990747591312,15.903990747591312,763.2345289846683,0.0,779.1385197322596,15.366682,722.428042,0.0,737.794724
2026-07-16_ttft_component_regression/phase1/input6000_rate3p33_reuse00_seed2,55,0.0,17.320147695376455,17.320147695376455,763.2345289846683,0.0,780.5546766800447,18.609165,731.04765,0.0,749.656815
2026-07-16_ttft_component_regression/phase1/input6000_rate3p33_reuse00_seed2,78,0.041788423251041325,13.622752136127348,13.66454055937839,763.2345289846683,0.0,776.8990695440466,2.592191,731.472809,0.0,734.065
2026-07-16_ttft_component_regression/phase1/input6000_rate3p33_reuse00_seed2,80,0.0,15.944177611451673,15.944177611451673,763.2345289846683,0.0,779.1787065961199,166.111101,971.83398,0.0,1137.945081
2026-07-16_ttft_component_regression/phase1/input6000_rate3p33_reuse00_seed2,64,0.03790486311084458,12.81571408085005,12.853618943960894,763.2345289846683,0.0,776.0881479286292,0.86911,718.308914,0.0,719.178024
2026-07-16_ttft_component_regression/phase1/input6000_rate3p33_reuse00_seed2,108,0.03805556525238426,12.705122527642951,12.743178092895334,763.2345289846683,0.0,775.9777070775635,21.810352,732.484628,0.0,754.29498
2026-07-16_ttft_component_regression/phase1/input6000_rate3p33_reuse00_seed2,106,0.009941302715736823,10.672555457615546,10.682496760331283,763.2345289846683,0.0,773.9170257449996,18.956685,723.981665,0.0,742.93835
2026-07-16_ttft_component_regression/phase1/input6000_rate3p33_reuse00_seed2,142,0.0707930418064274,16.09923884512339,16.17003188692982,763.2345289846683,0.0,779.404560871598,242.322203,1015.552434,0.0,1257.874637
2026-07-16_ttft_component_regression/phase1/input6000_rate3p33_reuse00_seed2,147,0.0,296.2468385657066,296.2468385657066,763.2345289846683,0.0,1059.481367550375,1113.872419,947.046945,0.0,2060.919364
2026-07-16_ttft_component_regression/phase1/input6000_rate3p33_reuse00_seed2,137,1.3290225128331976,25.69697229588676,27.025994808719958,763.2345289846683,0.6227310391890395,790.8832548325772,9.173003999999999,729.446498,0.619393,739.238895
2026-07-16_ttft_component_regression/phase1/input6000_rate3p33_reuse00_seed2,153,1.1894167354434404,23.335932407731093,24.525349143174534,763.2345289846683,0.6227310391890395,788.3826091670318,25.666370999999998,744.793126,0.619393,771.07889
2026-07-16_ttft_component_regression/phase1/input6000_rate3p33_reuse00_seed2,146,0.0,16.383737184876974,16.383737184876974,763.2345289846683,0.0,779.6182661695452,354.376629,1038.975458,0.0,1393.352087
2026-07-16_ttft_component_regression/phase1/input6000_rate3p33_reuse00_seed2,126,0.04183335003499283,13.598214820579688,13.640048170614682,763.2345289846683,0.0,776.874577155283,21.276795,738.576428,0.0,759.853223
2026-07-16_ttft_component_regression/phase1/input6000_rate3p33_reuse00_seed2,175,0.463742992243546,20.242094814616337,20.705837806859883,763.2345289846683,0.0,783.9403667915282,7.174698,755.829321,0.0,763.004019
2026-07-16_ttft_component_regression/phase1/input6000_rate3p33_reuse00_seed2,140,0.1278373454465157,13.801319894661553,13.929157240108069,763.2345289846683,0.0,777.1636862247764,3.564878,744.288043,0.0,747.852921
2026-07-16_ttft_component_regression/phase1/input6000_rate3p33_reuse00_seed2,189,0.44706878862691873,20.85870508221936,21.305773870846277,763.2345289846683,0.0,784.5403028555145,20.15958,768.484588,0.0,788.644168
2026-07-16_ttft_component_regression/phase1/input6000_rate3p33_reuse00_seed2,168,0.05391751311878119,18.442325713210916,18.496243226329696,763.2345289846683,0.0,781.730772210998,24.804297,749.785264,0.0,774.589561
2026-07-16_ttft_component_regression/phase1/input6000_rate3p33_reuse00_seed2,218,689.837246289673,24.058141421751387,713.8953877114244,763.2345289846683,0.0,1477.1299166960926,611.512284,763.13713,0.0,1374.649414
2026-07-16_ttft_component_regression/phase1/input6000_rate3p33_reuse00_seed2,227,0.4650304619329758,20.247507947720344,20.71253840965332,763.2345289846683,0.0,783.9470673943216,7.95663,762.585109,0.0,770.541739
2026-07-16_ttft_component_regression/phase1/input6000_rate3p33_reuse00_seed2,210,338.4987543673423,25.679027392613452,364.1777817599558,763.2345289846683,0.0,1127.412310744624,435.166719,763.890287,0.0,1199.057006
2026-07-16_ttft_component_regression/phase1/input6000_rate3p33_reuse00_seed2,246,0.0,18.28915562892147,18.28915562892147,763.2345289846683,0.0,781.5236846135897,9.110649,756.076062,0.0,765.186711
2026-07-16_ttft_component_regression/phase1/input6000_rate3p33_reuse00_seed2,248,0.21136999550136154,19.49495089797751,19.70632089347887,763.2345289846683,0.0,782.9408498781471,62.063708,1009.352346,0.0,1071.416054
2026-07-16_ttft_component_regression/phase1/input6000_rate3p33_reuse00_seed2,236,0.0,16.585087420014297,16.585087420014297,763.2345289846683,0.0,779.8196164046825,24.743356,748.183276,0.0,772.926632
2026-07-16_ttft_component_regression/phase1/input6000_rate3p33_reuse00_seed2,19,0.0,0.12822592052976808,0.12822592052976808,763.2345289846683,0.0,763.362754905198,0.001598,676.342498,0.0,676.344096
2026-07-16_ttft_component_regression/phase1/input6000_rate3p33_reuse00_seed2,23,0.017431049024431298,6.364681242542675,6.382112291567106,763.2345289846683,0.0,769.6166412762353,15.983744,693.944812,0.0,709.928556
2026-07-16_ttft_component_regression/phase1/input6000_rate3p33_reuse00_seed2,49,0.0,11.170271019744524,11.170271019744524,763.2345289846683,0.0,774.4048000044128,1.796314,700.829434,0.0,702.625748
2026-07-16_ttft_component_regression/phase1/input6000_rate3p33_reuse00_seed2,62,0.0,10.383151814500241,10.383151814500241,763.2345289846683,0.0,773.6176807991685,17.469696,707.171404,0.0,724.6411
2026-07-16_ttft_component_regression/phase1/input6000_rate3p33_reuse00_seed2,72,0.0,10.384634994224731,10.384634994224731,763.2345289846683,0.0,773.619163978893,18.276956,706.790764,0.0,725.06772
2026-07-16_ttft_component_regression/phase1/input6000_rate3p33_reuse00_seed2,99,0.03806448245398887,12.681656004616187,12.719720487070175,763.2345289846683,0.0,775.9542494717384,16.746664,717.13413,0.0,733.880794
2026-07-16_ttft_component_regression/phase1/input6000_rate3p33_reuse00_seed2,93,0.013370615543237454,11.342934386313534,11.356305001856771,763.2345289846683,0.0,774.590833986525,12.406739,710.603662,0.0,723.010401
2026-07-16_ttft_component_regression/phase1/input6000_rate3p33_reuse00_seed2,88,0.0,11.05470803721655,11.05470803721655,763.2345289846683,0.0,774.2892370218848,11.198961,706.485228,0.0,717.684189
2026-07-16_ttft_component_regression/phase1/input6000_rate3p33_reuse00_seed2,134,0.09686231874831837,11.425042555890888,11.521904874639207,763.2345289846683,0.0,774.7564338593074,9.409843,711.800622,0.0,721.210465
2026-07-16_ttft_component_regression/phase1/input6000_rate3p33_reuse00_seed2,145,0.09735023877564002,11.447337646316628,11.544687885092268,763.2345289846683,0.0,774.7792168697605,9.587316,711.269326,0.0,720.856642
2026-07-16_ttft_component_regression/phase1/input6000_rate3p33_reuse00_seed2,171,0.03790486311084458,12.81571408085005,12.853618943960894,763.2345289846683,0.0,776.0881479286292,12.296288,726.00988,0.0,738.306168
2026-07-16_ttft_component_regression/phase1/input6000_rate3p33_reuse00_seed2,151,0.0,10.086689690893415,10.086689690893415,763.2345289846683,0.0,773.3212186755617,7.63128,706.405708,0.0,714.036988
2026-07-16_ttft_component_regression/phase1/input6000_rate3p33_reuse00_seed2,164,0.03773397661356016,12.879015194640271,12.916749171253832,763.2345289846683,0.0,776.1512781559221,317.238531,975.654915,0.0,1292.893446
2026-07-16_ttft_component_regression/phase1/input6000_rate3p33_reuse00_seed2,162,0.012274852334755042,10.78417420710019,10.796449059434945,763.2345289846683,0.0,774.0309780441032,6.176659,734.53384,0.0,740.710499
2026-07-16_ttft_component_regression/phase1/input6000_rate3p33_reuse00_seed2,185,0.0,15.965794905907625,15.965794905907625,763.2345289846683,0.0,779.2003238905759,18.95796,730.581188,0.0,749.539148
2026-07-16_ttft_component_regression/phase1/input6000_rate3p33_reuse00_seed2,208,0.06895957707704108,16.118086449746272,16.187046026823314,763.2345289846683,0.0,779.4215750114915,18.484683,740.646507,0.0,759.13119
2026-07-16_ttft_component_regression/phase1/input6000_rate3p33_reuse00_seed2,213,0.039039869127626206,17.28219229953716,17.32123216866479,763.2345289846683,0.0,780.555761153333,3.442475,740.344157,0.0,743.786632
2026-07-16_ttft_component_regression/phase1/input6000_rate3p33_reuse00_seed2,240,0.09880635127665198,11.51488694085943,11.613693292136082,763.2345289846683,0.0,774.8482222768043,7.601308,718.175206,0.0,725.776514
2026-07-16_ttft_component_regression/phase1/input6000_rate3p33_reuse00_seed2,266,0.021691808061821676,10.348388734138743,10.370080542200565,763.2345289846683,0.0,773.6046095268688,17.216504,725.092871,0.0,742.309375
2026-07-16_ttft_component_regression/phase1/input6000_rate3p33_reuse00_seed2,276,0.020670356931766776,10.302687004542669,10.323357361474436,763.2345289846683,0.0,773.5578863461427,16.454797,724.13616,0.0,740.590957
2026-07-16_ttft_component_regression/phase1/input6000_rate3p33_reuse00_seed2,260,0.007594538984881491,10.445518816861895,10.453113355846776,763.2345289846683,0.0,773.687642340515,11.585621,717.928123,0.0,729.513744
2026-07-16_ttft_component_regression/phase1/input6000_rate3p33_reuse00_seed2,298,0.00694108273499526,10.43014545734846,10.437086540083456,763.2345289846683,0.0,773.6716155247517,14.867127,711.14774,0.0,726.014867
2026-07-16_ttft_component_regression/phase1/input6000_rate3p33_reuse00_seed2,2,0.0,0.11107399807551883,0.11107399807551883,763.2345289846683,0.0,763.3456029827438,0.31702,676.342498,0.0,676.659518
2026-07-16_ttft_component_regression/phase1/input6000_rate3p33_reuse00_seed2,31,0.018644308798202204,6.316415022354927,6.335059331153129,763.2345289846683,0.0,769.5695883158214,5.713842,695.344012,0.0,701.057854
2026-07-16_ttft_component_regression/phase1/input6000_rate3p33_reuse00_seed2,45,0.018814167980293266,6.308440925395628,6.327255093375921,763.2345289846683,0.0,769.5617840780442,14.981471,707.898159,0.0,722.87963
2026-07-16_ttft_component_regression/phase1/input6000_rate3p33_reuse00_seed2,46,0.0,118.68527427627279,118.68527427627279,763.2345289846683,0.0,881.9198032609411,457.449028,939.700516,0.0,1397.149544
2026-07-16_ttft_component_regression/phase1/input6000_rate3p33_reuse00_seed2,63,0.0,10.362554414633566,10.362554414633566,763.2345289846683,0.0,773.5970833993018,15.856336,706.414892,0.0,722.271228
2026-07-16_ttft_component_regression/phase1/input6000_rate3p33_reuse00_seed2,73,0.0,16.302118920113987,16.302118920113987,763.2345289846683,0.0,779.5366479047823,267.866073,979.966255,0.0,1247.832328
2026-07-16_ttft_component_regression/phase1/input6000_rate3p33_reuse00_seed2,82,0.0,18.1050855598868,18.1050855598868,763.2345289846683,0.0,781.339614544555,22.879796,734.335605,0.0,757.215401
2026-07-16_ttft_component_regression/phase1/input6000_rate3p33_reuse00_seed2,86,0.03932356932650232,19.447531087410127,19.48685465673663,763.2345289846683,0.0,782.7213836414049,10.423918,742.731736,0.0,753.155654
2026-07-16_ttft_component_regression/phase1/input6000_rate3p33_reuse00_seed2,69,0.03806605306487927,12.664017230036304,12.702083283101183,763.2345289846683,0.0,775.9366122677694,18.384112,716.963954,0.0,735.348066
2026-07-16_ttft_component_regression/phase1/input6000_rate3p33_reuse00_seed2,68,0.008480086761792812,10.604882815530548,10.61336290229234,763.2345289846683,0.0,773.8478918869606,12.827757,710.475054,0.0,723.302811
2026-07-16_ttft_component_regression/phase1/input6000_rate3p33_reuse00_seed2,96,0.43224644776249593,22.05065913389473,22.482905581657224,763.2345289846683,0.0,785.7174345663254,475.782319,1013.003054,0.0,1488.785373
2026-07-16_ttft_component_regression/phase1/input6000_rate3p33_reuse00_seed2,71,0.0,14.971645344438476,14.971645344438476,763.2345289846683,0.0,778.2061743291067,207.546804,735.147806,0.0,942.69461
2026-07-16_ttft_component_regression/phase1/input6000_rate3p33_reuse00_seed2,95,0.0474874693048521,19.50926559198491,19.55675306128976,763.2345289846683,0.0,782.791282045958,16.954591,753.202755,0.0,770.157346
2026-07-16_ttft_component_regression/phase1/input6000_rate3p33_reuse00_seed2,129,0.433497972380953,22.056583214305306,22.490081186686258,763.2345289846683,0.0,785.7246101713545,8.040955,759.886444,0.0,767.927399
2026-07-16_ttft_component_regression/phase1/input6000_rate3p33_reuse00_seed2,135,697.0547073568098,25.69697229588676,722.7516796526966,763.2345289846683,0.6227310391890395,1486.608939676554,491.57975300000004,765.067588,0.619393,1257.266734
2026-07-16_ttft_component_regression/phase1/input6000_rate3p33_reuse00_seed2,139,114.3574769835844,25.571728101602897,139.9292050851873,763.2345289846683,0.0,903.1637340698555,115.70486399999999,760.411622,0.0,876.116486
2026-07-16_ttft_component_regression/phase1/input6000_rate3p33_reuse00_seed2,144,2488.819174286191,25.625540011964386,2514.4447142981553,763.2345289846683,0.0,3277.6792432828233,1658.401932,775.073894,0.0,2433.475826
2026-07-16_ttft_component_regression/phase1/input6000_rate3p33_reuse00_seed2,180,0.0,16.308362957855927,16.308362957855927,763.2345289846683,0.0,779.5428919425242,165.281468,989.137927,0.0,1154.419395
2026-07-16_ttft_component_regression/phase1/input6000_rate3p33_reuse00_seed2,187,0.4770184729620396,387.333678934981,387.810697407943,763.2345289846683,0.0,1151.0452263926113,505.858323,1027.847427,0.0,1533.70575
2026-07-16_ttft_component_regression/phase1/input6000_rate3p33_reuse00_seed2,174,0.0,14.562012245212816,14.562012245212816,763.2345289846683,0.0,777.7965412298811,11.594895,738.010006,0.0,749.604901
2026-07-16_ttft_component_regression/phase1/input6000_rate3p33_reuse00_seed2,206,0.5127152708710648,20.985316959071177,21.498032229942243,763.2345289846683,0.0,784.7325612146105,21.461359,769.054315,0.0,790.515674
2026-07-16_ttft_component_regression/phase1/input6000_rate3p33_reuse00_seed2,178,0.0,15.01600265417646,15.01600265417646,763.2345289846683,0.0,778.2505316388447,7.202047,747.17567,0.0,754.377717
2026-07-16_ttft_component_regression/phase1/input6000_rate3p33_reuse00_seed2,183,0.0,18.15741729488021,18.15741729488021,763.2345289846683,0.0,781.3919462795485,19.024138,743.192998,0.0,762.217136
2026-07-16_ttft_component_regression/phase1/input6000_rate3p33_reuse00_seed2,186,0.0726626092422928,19.695500396469157,19.76816300571145,763.2345289846683,0.0,783.0026919903797,49.41253,768.90133,0.0,818.31386
2026-07-16_ttft_component_regression/phase1/input6000_rate3p33_reuse00_seed2,221,1.2304712867039447,24.122012256264224,25.35248354296817,763.2345289846683,0.6227310391890395,789.2097435668254,28.194209,770.951675,0.619393,799.765277
2026-07-16_ttft_component_regression/phase1/input6000_rate3p33_reuse00_seed2,228,0.5153843139775094,20.99648173540814,21.51186604938565,763.2345289846683,0.0,784.7463950340539,5.605327,769.415685,0.0,775.021012
2026-07-16_ttft_component_regression/phase1/input6000_rate3p33_reuse00_seed2,234,0.4689275769982106,20.953151396214402,21.422078973212614,763.2345289846683,0.0,784.6566079578809,10.274254,772.672168,0.0,782.946422
2026-07-16_ttft_component_regression/phase1/input6000_rate3p33_reuse00_seed2,257,0.5274787836279535,21.04662781635525,21.574106599983203,763.2345289846683,0.0,784.8086355846515,2.941923,763.906103,0.0,766.848026
2026-07-16_ttft_component_regression/phase1/input6000_rate3p33_reuse00_seed2,272,0.0,16.604794001259034,16.604794001259034,763.2345289846683,0.0,779.8393229859273,20.718447,749.810052,0.0,770.528499
2026-07-16_ttft_component_regression/phase1/input6000_rate3p33_reuse00_seed2,10,0.0,11.207032880662824,11.207032880662824,763.2345289846683,0.0,774.4415618653311,5.725713,699.510746,0.0,705.236459
2026-07-16_ttft_component_regression/phase1/input6000_rate3p33_reuse00_seed2,4,0.0,0.11107399807551883,0.11107399807551883,763.2345289846683,0.0,763.3456029827438,0.581797,676.342498,0.0,676.924295
2026-07-16_ttft_component_regression/phase1/input6000_rate3p33_reuse00_seed2,20,0.011787971752713053,11.266110871145642,11.277898842898356,763.2345289846683,0.0,774.5124278275666,72.444681,952.6317,0.0,1025.076381
2026-07-16_ttft_component_regression/phase1/input6000_rate3p33_reuse00_seed2,17,0.0,11.039656877225209,11.039656877225209,763.2345289846683,0.0,774.2741858618934,3.239762,718.567887,0.0,721.807649
2026-07-16_ttft_component_regression/phase1/input6000_rate3p33_reuse00_seed2,8,0.017809464161739393,6.351087981776231,6.36889744593797,763.2345289846683,0.0,769.6034264306062,6.320591,694.003692,0.0,700.324283
2026-07-16_ttft_component_regression/phase1/input6000_rate3p33_reuse00_seed2,32,0.04193726147800865,13.462016091587193,13.503953353065201,763.2345289846683,0.0,776.7384823377334,4.120076,729.709481,0.0,733.829557
2026-07-16_ttft_component_regression/phase1/input6000_rate3p33_reuse00_seed2,33,0.0,15.911699110146657,15.911699110146657,763.2345289846683,0.0,779.1462280948149,64.282286,969.60406,0.0,1033.886346
2026-07-16_ttft_component_regression/phase1/input6000_rate3p33_reuse00_seed2,57,0.0545733063368098,19.562307454787813,19.616880761124623,763.2345289846683,0.0,782.8514097457929,103.571056,1019.587523,0.0,1123.158579
2026-07-16_ttft_component_regression/phase1/input6000_rate3p33_reuse00_seed2,56,0.0,18.13300260123452,18.13300260123452,763.2345289846683,0.0,781.3675315859027,20.288799,744.663524,0.0,764.952323
2026-07-16_ttft_component_regression/phase1/input6000_rate3p33_reuse00_seed2,74,0.46402256693454735,22.198273151652625,22.662295718587174,763.2345289846683,0.0,785.8968247032554,8.367985,758.992882,0.0,767.360867
2026-07-16_ttft_component_regression/phase1/input6000_rate3p33_reuse00_seed2,53,0.0,17.325275549921002,17.325275549921002,763.2345289846683,0.0,780.5598045345893,1.037675,730.25949,0.0,731.297165
2026-07-16_ttft_component_regression/phase1/input6000_rate3p33_reuse00_seed2,58,0.4614429951009085,22.18650530028451,22.64794829538542,763.2345289846683,0.0,785.8824772800536,662.921724,996.766995,0.0,1659.688719
2026-07-16_ttft_component_regression/phase1/input6000_rate3p33_reuse00_seed2,89,0.0,18.180377703159504,18.180377703159504,763.2345289846683,0.0,781.4149066878277,13.346382,746.45999,0.0,759.806372
2026-07-16_ttft_component_regression/phase1/input6000_rate3p33_reuse00_seed2,112,0.07891580328389339,17.980003956105037,18.05891975938893,763.2345289846683,0.0,781.2934487440572,6.920004,761.489116,0.0,768.40912
2026-07-16_ttft_component_regression/phase1/input6000_rate3p33_reuse00_seed2,100,1.0929630467323852,23.936596988922982,25.02956003565537,763.2345289846683,0.6227310391890395,788.8868200595126,20.491315999999998,754.390384,0.619393,775.501093
2026-07-16_ttft_component_regression/phase1/input6000_rate3p33_reuse00_seed2,118,0.4859608540476917,21.024977906901064,21.510938760948758,763.2345289846683,0.0,784.745467745617,2.486942,773.320564,0.0,775.807506
2026-07-16_ttft_component_regression/phase1/input6000_rate3p33_reuse00_seed2,114,0.5030832009889445,20.403677263974505,20.906760464963448,763.2345289846683,0.0,784.1412894496317,218.302709,1022.945836,0.0,1241.248545
2026-07-16_ttft_component_regression/phase1/input6000_rate3p33_reuse00_seed2,133,1.1823478230017086,24.052032672566312,25.234380495568022,763.2345289846683,0.6227310391890395,789.0916405194254,10.224356,762.787618,0.619393,773.631367
2026-07-16_ttft_component_regression/phase1/input6000_rate3p33_reuse00_seed2,136,1351.3224849483684,25.755826862423596,1377.078311810792,763.2345289846683,0.0,2140.31284079546,916.4556779999999,761.009429,0.0,1677.465107
2026-07-16_ttft_component_regression/phase1/input6000_rate3p33_reuse00_seed2,173,0.0,16.609515516332205,16.609515516332205,763.2345289846683,0.0,779.8440445010004,20.594384,745.74139,0.0,766.335774
2026-07-16_ttft_component_regression/phase1/input6000_rate3p33_reuse00_seed2,177,0.08658528241600935,18.030714874476658,18.117300156892668,763.2345289846683,0.0,781.351829141561,25.340133,750.757151,0.0,776.097284
2026-07-16_ttft_component_regression/phase1/input6000_rate3p33_reuse00_seed2,167,0.0,16.31580334276692,16.31580334276692,763.2345289846683,0.0,779.5503323274352,21.843625,746.974648,0.0,768.818273
2026-07-16_ttft_component_regression/phase1/input6000_rate3p33_reuse00_seed2,192,0.0,15.824598111600766,15.824598111600766,763.2345289846683,0.0,779.059127096269,11.344691,743.638134,0.0,754.982825
2026-07-16_ttft_component_regression/phase1/input6000_rate3p33_reuse00_seed2,216,0.5017479425399703,20.398321122901205,20.900069065441176,763.2345289846683,0.0,784.1345980501094,1.159679,772.919904,0.0,774.079583
2026-07-16_ttft_component_regression/phase1/input6000_rate3p33_reuse00_seed2,195,0.08447698797633178,18.016824377545355,18.101301365521685,763.2345289846683,0.0,781.3358303501899,291.172731,1036.527101,0.0,1327.699832
2026-07-16_ttft_component_regression/phase1/input6000_rate3p33_reuse00_seed2,194,0.0,16.60323482040237,16.60323482040237,763.2345289846683,0.0,779.8377638050706,12.240436,759.818117,0.0,772.058553
2026-07-16_ttft_component_regression/phase1/input6000_rate3p33_reuse00_seed2,198,0.5576214874595873,21.168466902435497,21.726088389895086,763.2345289846683,0.0,784.9606173745633,219.156743,1023.883446,0.0,1243.040189
2026-07-16_ttft_component_regression/phase1/input6000_rate3p33_reuse00_seed2,223,0.534257237336424,21.074415175021432,21.608672412357855,763.2345289846683,0.0,784.8432013970261,17.525711,767.695761,0.0,785.221472
2026-07-16_ttft_component_regression/phase1/input6000_rate3p33_reuse00_seed2,238,1.2203809755812645,24.108038782690304,25.32841975827157,763.2345289846683,0.6227310391890395,789.1856797821289,12.105599,764.163771,0.619393,776.888763
2026-07-16_ttft_component_regression/phase1/input6000_rate3p33_reuse00_seed2,239,1358.914023312977,25.663698297952404,1384.5777216109293,763.2345289846683,0.0,2147.8122505955976,906.848986,773.70455,0.0,1680.553536
2026-07-16_ttft_component_regression/phase1/input6000_rate3p33_reuse00_seed2,280,0.09253361860548782,18.50201838500124,18.594552003606726,763.2345289846683,0.0,781.829080988275,20.648853,750.848353,0.0,771.497206
2026-07-16_ttft_component_regression/phase1/input6000_rate3p33_reuse00_seed2,287,0.14824988955198806,19.77121558178712,19.91946547133911,763.2345289846683,0.0,783.1539944560074,12.904456,753.166256,0.0,766.070712
2026-07-16_ttft_component_regression/phase1/input6000_rate3p33_reuse00_seed2,258,0.5113832856855199,20.979731811273975,21.491115096959494,763.2345289846683,0.0,784.7256440816277,17.894314,763.59864,0.0,781.492954
2026-07-16_ttft_component_regression/phase1/input6000_rate3p33_reuse00_seed2,277,0.0,16.5624611285651,16.5624611285651,763.2345289846683,0.0,779.7969901132334,13.402106,748.885689,0.0,762.287795
2026-07-16_ttft_component_regression/phase1/input6000_rate3p33_reuse00_seed2,289,0.4663195743868047,20.252919413255558,20.719238987642363,763.2345289846683,0.0,783.9537679723106,7.72633,773.646988,0.0,781.373318
2026-07-16_ttft_component_regression/phase1/input6000_rate3p33_reuse00_seed2,293,273.47278885509246,25.638472104498266,299.1112609595907,763.2345289846683,0.0,1062.345789944259,217.379776,770.73001,0.0,988.109786
2026-07-16_ttft_component_regression/phase1/input6000_rate3p33_reuse00_seed2,283,0.5140489468384963,20.990900274413942,21.50494922125244,763.2345289846683,0.0,784.7394782059207,11.715738,760.916731,0.0,772.632469
2026-07-16_ttft_component_regression/phase1/input6000_rate3p33_reuse00_seed2,299,7386.058719770583,24.04587447821751,7410.1045942488,763.2345289846683,0.0,8173.339123233468,751.732897,760.319544,0.0,1512.052441
2026-07-16_ttft_component_regression/phase1/input6000_rate3p33_reuse00_seed2,14,0.0,0.1379973236786964,0.1379973236786964,763.2345289846683,0.0,763.372526308347,0.001888,676.342498,0.0,676.344386
2026-07-16_ttft_component_regression/phase1/input6000_rate3p33_reuse00_seed2,40,0.017871351250231024,6.348749026100671,6.366620377350902,763.2345289846683,0.0,769.6011493620192,6.408708,695.200748,0.0,701.609456
2026-07-16_ttft_component_regression/phase1/input6000_rate3p33_reuse00_seed2,47,0.0,11.199674910210188,11.199674910210188,763.2345289846683,0.0,774.4342038948785,18.362595,700.453274,0.0,718.815869
2026-07-16_ttft_component_regression/phase1/input6000_rate3p33_reuse00_seed2,59,0.03769618263385634,12.890462429476562,12.928158612110419,763.2345289846683,0.0,776.1626875967787,12.943374,716.910546,0.0,729.85392
2026-07-16_ttft_component_regression/phase1/input6000_rate3p33_reuse00_seed2,51,0.01704201273294309,11.529302085618193,11.546344098351137,763.2345289846683,0.0,774.7808730830194,76.387108,953.641268,0.0,1030.028376
2026-07-16_ttft_component_regression/phase1/input6000_rate3p33_reuse00_seed2,101,0.037752092986752875,12.873284238687601,12.911036331674355,763.2345289846683,0.0,776.1455653163426,13.372027,718.266546,0.0,731.638573
2026-07-16_ttft_component_regression/phase1/input6000_rate3p33_reuse00_seed2,50,0.0,11.092883748280062,11.092883748280062,763.2345289846683,0.0,774.3274127329483,18.550396,719.440047,0.0,737.990443
2026-07-16_ttft_component_regression/phase1/input6000_rate3p33_reuse00_seed2,103,0.0,15.02273417110765,15.02273417110765,763.2345289846683,0.0,778.257263155776,18.810663,724.399914,0.0,743.210577
2026-07-16_ttft_component_regression/phase1/input6000_rate3p33_reuse00_seed2,84,0.041526428384558466,13.720122645301881,13.76164907368644,763.2345289846683,0.0,776.9961780583546,4.808304,717.756274,0.0,722.564578
2026-07-16_ttft_component_regression/phase1/input6000_rate3p33_reuse00_seed2,111,0.0,14.572915004768607,14.572915004768607,763.2345289846683,0.0,777.8074439894368,0.765889,724.059658,0.0,724.825547
2026-07-16_ttft_component_regression/phase1/input6000_rate3p33_reuse00_seed2,127,0.08031836328376128,19.750934890062208,19.83125325334597,763.2345289846683,0.0,783.0657822380142,16.658759,768.427654,0.0,785.086413
2026-07-16_ttft_component_regression/phase1/input6000_rate3p33_reuse00_seed2,130,0.4899308032818097,21.04149855133669,21.5314293546185,763.2345289846683,0.0,784.7659583392867,144.597061,1025.963458,0.0,1170.560519
2026-07-16_ttft_component_regression/phase1/input6000_rate3p33_reuse00_seed2,115,1.2773112672740714,24.182048867641427,25.4593601349155,763.2345289846683,0.6227310391890395,789.3166201587728,6.129745,729.790658,0.619393,736.539796
2026-07-16_ttft_component_regression/phase1/input6000_rate3p33_reuse00_seed2,122,1.1821363323931848,24.065388102272163,25.247524434665348,763.2345289846683,0.6227310391890395,789.1047844585227,91.56787999999999,1018.778766,0.619393,1110.966039
2026-07-16_ttft_component_regression/phase1/input6000_rate3p33_reuse00_seed2,121,0.0,15.827831690560842,15.827831690560842,763.2345289846683,0.0,779.0623606752291,13.147615,749.765464,0.0,762.913079
2026-07-16_ttft_component_regression/phase1/input6000_rate3p33_reuse00_seed2,154,0.5004143366893382,20.3929627165178,20.89337705320714,763.2345289846683,0.0,784.1279060378754,1.380413,761.31134,0.0,762.691753
2026-07-16_ttft_component_regression/phase1/input6000_rate3p33_reuse00_seed2,184,0.0,17.326190807772047,17.326190807772047,763.2345289846683,0.0,780.5607197924403,6.806901,746.313146,0.0,753.120047
2026-07-16_ttft_component_regression/phase1/input6000_rate3p33_reuse00_seed2,201,1.269115920286359,24.17211641234274,25.4412323326291,763.2345289846683,0.6227310391890395,789.2984923564863,324.314801,996.033017,0.619393,1320.967211
2026-07-16_ttft_component_regression/phase1/input6000_rate3p33_reuse00_seed2,200,1.3800883639839867,428.4724705065203,429.8525588705043,763.2345289846683,0.6227310391890395,1193.7098188943617,2.580699,748.429587,0.619393,751.629679
2026-07-16_ttft_component_regression/phase1/input6000_rate3p33_reuse00_seed2,222,0.1614268557148981,19.86119102705127,20.022617882766166,763.2345289846683,0.0,783.2571468674345,36.243275,1019.459623,0.0,1055.702898
2026-07-16_ttft_component_regression/phase1/input6000_rate3p33_reuse00_seed2,231,1.169688997755432,23.309836472199457,24.47952546995489,763.2345289846683,0.6227310391890395,788.3367854938122,27.904586000000002,754.953739,0.619393,783.477718
2026-07-16_ttft_component_regression/phase1/input6000_rate3p33_reuse00_seed2,209,1.3994374804735765,25.78662412430221,27.186061604775787,763.2345289846683,0.6227310391890395,791.0433216286331,7.832393,740.960269,0.619393,749.412055
2026-07-16_ttft_component_regression/phase1/input6000_rate3p33_reuse00_seed2,214,0.0,18.332233616568544,18.332233616568544,763.2345289846683,0.0,781.5667626012369,21.472158,747.7428,0.0,769.214958
2026-07-16_ttft_component_regression/phase1/input6000_rate3p33_reuse00_seed2,219,1.2752605171249796,24.17958612826781,25.45484664539279,763.2345289846683,0.6227310391890395,789.31210666925,15.626145000000001,751.860817,0.619393,768.106355
2026-07-16_ttft_component_regression/phase1/input6000_rate3p33_reuse00_seed2,233,1.1625200280822203,24.03972354600084,25.20224357408306,763.2345289846683,0.6227310391890395,789.0595035979403,46.269791,1019.379729,0.619393,1066.268913
2026-07-16_ttft_component_regression/phase1/input6000_rate3p33_reuse00_seed2,241,2993.3185633754174,25.67598871304673,3018.994552088464,763.2345289846683,0.6227310391890395,3782.851812112321,1995.367913,759.342398,0.619393,2755.329704
2026-07-16_ttft_component_regression/phase1/input6000_rate3p33_reuse00_seed2,232,1.1801691075336498,24.06288179191472,25.24305089944837,763.2345289846683,0.6227310391890395,789.1003109233056,8.905147,763.259726,0.619393,772.784266
2026-07-16_ttft_component_regression/phase1/input6000_rate3p33_reuse00_seed2,245,1850.8893619712808,25.725773480189883,1876.6151354514707,763.2345289846683,0.6227310391890395,2640.472395475328,6845.988247,774.391767,0.619393,7620.999407
2026-07-16_ttft_component_regression/phase1/input6000_rate3p33_reuse00_seed2,291,1.132566079992109,23.256807248492922,24.389373328485032,763.2345289846683,0.6227310391890395,788.2466333523423,2.403593,763.828619,0.619393,766.851605
2026-07-16_ttft_component_regression/phase1/input6000_rate3p33_reuse00_seed2,288,361.00691107355897,25.71727971920634,386.7241907927653,763.2345289846683,0.6227310391890395,1150.5814508166227,278.322896,762.392064,0.619393,1041.334353
2026-07-16_ttft_component_regression/phase1/input6000_rate3p33_reuse00_seed2,296,79.25744200816236,25.605748319910457,104.86319032807282,763.2345289846683,0.6227310391890395,868.7204503519301,4092.511384,760.714514,0.619393,4853.845291
2026-07-16_ttft_component_regression/phase1/input6000_rate3p33_reuse00_seed2,285,1.2304712867039447,24.122012256264224,25.35248354296817,763.2345289846683,0.6227310391890395,789.2097435668254,0.7421040000000001,762.801815,0.619393,764.163312
2026-07-16_ttft_component_regression/phase1/input6000_rate3p33_reuse00_seed2,295,197.3783009405215,25.648032117498833,223.02633305802036,763.2345289846683,0.6227310391890395,986.8835930818776,178.05005699999998,762.276242,0.619393,940.945692
2026-07-16_ttft_component_regression/phase1/input6000_rate3p33_reuse00_seed2,5,0.0,0.11352808234665658,0.11352808234665658,763.2345289846683,0.0,763.3480570670149,0.135991,676.342498,0.0,676.478489
2026-07-16_ttft_component_regression/phase1/input6000_rate3p33_reuse00_seed2,41,0.04167400728874336,254.16821720335182,254.20989121064056,763.2345289846683,0.0,1017.4444201953088,1270.145202,939.231645,0.0,2209.376847
2026-07-16_ttft_component_regression/phase1/input6000_rate3p33_reuse00_seed2,37,0.0,11.16660010595953,11.16660010595953,763.2345289846683,0.0,774.4011290906278,48.785973,713.485926,0.0,762.271899
2026-07-16_ttft_component_regression/phase1/input6000_rate3p33_reuse00_seed2,36,0.017747237022304088,6.353405909162227,6.371153146184531,763.2345289846683,0.0,769.6056821308528,4.813801,695.466988,0.0,700.280789
2026-07-16_ttft_component_regression/phase1/input6000_rate3p33_reuse00_seed2,38,0.0,11.08178931735466,11.08178931735466,763.2345289846683,0.0,774.3163183020229,416.924606,977.080255,0.0,1394.004861
2026-07-16_ttft_component_regression/phase1/input6000_rate3p33_reuse00_seed2,39,0.016492051114629213,233.8457195283838,233.86221157949842,763.2345289846683,0.0,997.0967405641667,1108.319696,988.299911,0.0,2096.619607
2026-07-16_ttft_component_regression/phase1/input6000_rate3p33_reuse00_seed2,54,0.04146243580302562,13.738232684339447,13.779695120142472,763.2345289846683,0.0,777.0142241048108,18.790837,716.521714,0.0,735.312551
2026-07-16_ttft_component_regression/phase1/input6000_rate3p33_reuse00_seed2,61,0.0,15.065758999244961,15.065758999244961,763.2345289846683,0.0,778.3002879839132,4.323785,723.027562,0.0,727.351347
2026-07-16_ttft_component_regression/phase1/input6000_rate3p33_reuse00_seed2,91,0.0,18.203091386816958,18.203091386816958,763.2345289846683,0.0,781.4376203714852,14.015476,735.962037,0.0,749.977513
2026-07-16_ttft_component_regression/phase1/input6000_rate3p33_reuse00_seed2,77,0.0,16.31779557285019,16.31779557285019,763.2345289846683,0.0,779.5523245575184,16.544838,729.95709,0.0,746.501928
2026-07-16_ttft_component_regression/phase1/input6000_rate3p33_reuse00_seed2,120,0.08841910607023196,18.679578991137,18.767998097207233,763.2345289846683,0.0,782.0025270818755,7.982406,758.421993,0.0,766.404399
2026-07-16_ttft_component_regression/phase1/input6000_rate3p33_reuse00_seed2,131,0.0,15.823312464607046,15.823312464607046,763.2345289846683,0.0,779.0578414492753,20.502801,747.86709,0.0,768.369891
2026-07-16_ttft_component_regression/phase1/input6000_rate3p33_reuse00_seed2,105,0.0,17.158436281809287,17.158436281809287,763.2345289846683,0.0,780.3929652664775,20.158726,745.696452,0.0,765.855178
2026-07-16_ttft_component_regression/phase1/input6000_rate3p33_reuse00_seed2,107,0.09647139562304112,18.733451001364724,18.829922396987765,763.2345289846683,0.0,782.064451381656,122.349548,1007.037488,0.0,1129.387036
2026-07-16_ttft_component_regression/phase1/input6000_rate3p33_reuse00_seed2,143,0.0,18.31239631012755,18.31239631012755,763.2345289846683,0.0,781.5469252947958,23.371175,748.851154,0.0,772.222329
2026-07-16_ttft_component_regression/phase1/input6000_rate3p33_reuse00_seed2,160,0.0,17.075071932205017,17.075071932205017,763.2345289846683,0.0,780.3096009168733,483.73108,1032.581434,0.0,1516.312514
2026-07-16_ttft_component_regression/phase1/input6000_rate3p33_reuse00_seed2,159,0.0,16.30779642009016,16.30779642009016,763.2345289846683,0.0,779.5423254047585,14.244983,761.998541,0.0,776.243524
2026-07-16_ttft_component_regression/phase1/input6000_rate3p33_reuse00_seed2,165,0.05787754551923277,18.470101639151288,18.52797918467052,763.2345289846683,0.0,781.7625081693387,631.727991,1006.34629,0.0,1638.074281
2026-07-16_ttft_component_regression/phase1/input6000_rate3p33_reuse00_seed2,172,0.4689275769982106,20.953151396214402,21.422078973212614,763.2345289846683,0.0,784.6566079578809,176.16635,771.679937,0.0,947.846287
2026-07-16_ttft_component_regression/phase1/input6000_rate3p33_reuse00_seed2,197,0.5044201123387229,20.40903111811572,20.91345123045444,763.2345289846683,0.0,784.1479802151227,26.242808,746.004606,0.0,772.247414
2026-07-16_ttft_component_regression/phase1/input6000_rate3p33_reuse00_seed2,181,0.0632335883291307,18.507440429180253,18.570674017509383,763.2345289846683,0.0,781.8052030021777,14.136323,766.115989,0.0,780.252312
2026-07-16_ttft_component_regression/phase1/input6000_rate3p33_reuse00_seed2,193,0.08588113054140883,18.02607973493031,18.11196086547172,763.2345289846683,0.0,781.34648985014,15.921757,752.166631,0.0,768.088388
2026-07-16_ttft_component_regression/phase1/input6000_rate3p33_reuse00_seed2,230,0.0879977506719836,18.040000005114116,18.1279977557861,763.2345289846683,0.0,781.3625267404543,17.574673,752.201508,0.0,769.776181
2026-07-16_ttft_component_regression/phase1/input6000_rate3p33_reuse00_seed2,237,0.5017479425399703,20.398321122901205,20.900069065441176,763.2345289846683,0.0,784.1345980501094,25.855609,760.789243,0.0,786.644852
2026-07-16_ttft_component_regression/phase1/input6000_rate3p33_reuse00_seed2,211,0.6381224181391497,22.601795994760465,23.239918412899616,763.2345289846683,0.0,786.4744473975679,12.543968,773.772656,0.0,786.316624
2026-07-16_ttft_component_regression/phase1/input6000_rate3p33_reuse00_seed2,220,0.12066600077927694,18.69054515186532,18.811211152644596,763.2345289846683,0.0,782.0457401373128,10.072137,751.936999,0.0,762.009136
2026-07-16_ttft_component_regression/phase1/input6000_rate3p33_reuse00_seed2,270,0.08029780214708579,17.98917868685483,18.069476489001918,763.2345289846683,0.0,781.3040054736701,1.412193,760.161558,0.0,761.573751
2026-07-16_ttft_component_regression/phase1/input6000_rate3p33_reuse00_seed2,256,0.5151749426923209,20.45177702089506,20.966951963587384,763.2345289846683,0.0,784.2014809482556,15.141382,765.194868,0.0,780.33625
2026-07-16_ttft_component_regression/phase1/input6000_rate3p33_reuse00_seed2,294,0.05349353212994347,11.174903852247391,11.228397384377335,763.2345289846683,0.0,774.4629263690456,20.216271,715.009357,0.0,735.225628
2026-07-16_ttft_component_regression/phase1/input6000_rate3p33_reuse00_seed2,26,0.0,11.162930494824423,11.162930494824423,763.2345289846683,0.0,774.3974594794927,140.395393,939.510692,0.0,1079.906085
2026-07-16_ttft_component_regression/phase1/input6000_rate3p33_reuse00_seed2,11,0.0,0.14043656091395634,0.14043656091395634,763.2345289846683,0.0,763.3749655455822,0.016417,676.342498,0.0,676.358915
2026-07-16_ttft_component_regression/phase1/input6000_rate3p33_reuse00_seed2,25,0.017040691142915402,6.3775245056130165,6.394565196755932,763.2345289846683,0.0,769.6290941814242,8.065095,707.642831,0.0,715.707926
2026-07-16_ttft_component_regression/phase1/input6000_rate3p33_reuse00_seed2,43,0.0,11.064433838840985,11.064433838840985,763.2345289846683,0.0,774.2989628235092,12.730936,706.477964,0.0,719.2089
2026-07-16_ttft_component_regression/phase1/input6000_rate3p33_reuse00_seed2,52,0.014044852960723614,11.376277132963825,11.39032198592455,763.2345289846683,0.0,774.6248509705928,1.469891,710.887438,0.0,712.357329
2026-07-16_ttft_component_regression/phase1/input6000_rate3p33_reuse00_seed2,90,0.0,11.240151176951295,11.240151176951295,763.2345289846683,0.0,774.4746801616195,1.818703,701.25689,0.0,703.075593
2026-07-16_ttft_component_regression/phase1/input6000_rate3p33_reuse00_seed2,94,0.0,11.047000591172166,11.047000591172166,763.2345289846683,0.0,774.2815295758404,10.635552,700.311578,0.0,710.94713
2026-07-16_ttft_component_regression/phase1/input6000_rate3p33_reuse00_seed2,117,0.0,11.038231987927801,11.038231987927801,763.2345289846683,0.0,774.2727609725961,5.907046,706.038252,0.0,711.945298
2026-07-16_ttft_component_regression/phase1/input6000_rate3p33_reuse00_seed2,116,0.014741752183295586,10.577580978615785,10.592322730799081,763.2345289846683,0.0,773.8268517154673,7.599688,700.286426,0.0,707.886114
2026-07-16_ttft_component_regression/phase1/input6000_rate3p33_reuse00_seed2,125,0.021351958717228052,10.333097610545012,10.35444956926224,763.2345289846683,0.0,773.5889785539305,0.466847,710.399374,0.0,710.866221
2026-07-16_ttft_component_regression/phase1/input6000_rate3p33_reuse00_seed2,155,0.05019739350277289,10.722257146379077,10.77245453988185,763.2345289846683,0.0,774.0069835245502,12.758509,711.468526,0.0,724.227035
2026-07-16_ttft_component_regression/phase1/input6000_rate3p33_reuse00_seed2,166,0.0,16.305769296570453,16.305769296570453,763.2345289846683,0.0,779.5402982812387,386.131597,979.919244,0.0,1366.050841
2026-07-16_ttft_component_regression/phase1/input6000_rate3p33_reuse00_seed2,176,0.0,16.374836883704997,16.374836883704997,763.2345289846683,0.0,779.6093658683733,2.001778,737.698704,0.0,739.700482
2026-07-16_ttft_component_regression/phase1/input6000_rate3p33_reuse00_seed2,161,0.038033364640990025,12.734369272201151,12.772402636842141,763.2345289846683,0.0,776.0069316215104,11.596509,744.558314,0.0,756.154823
2026-07-16_ttft_component_regression/phase1/input6000_rate3p33_reuse00_seed2,163,0.0,14.995365093701789,14.995365093701789,763.2345289846683,0.0,778.2298940783701,272.079324,1021.483352,0.0,1293.562676
2026-07-16_ttft_component_regression/phase1/input6000_rate3p33_reuse00_seed2,188,0.0,14.974055073922852,14.974055073922852,763.2345289846683,0.0,778.2085840585911,2.005084,734.140688,0.0,736.145772
2026-07-16_ttft_component_regression/phase1/input6000_rate3p33_reuse00_seed2,226,0.0,17.467491579670632,17.467491579670632,763.2345289846683,0.0,780.7020205643389,18.136669,745.150354,0.0,763.287023
2026-07-16_ttft_component_regression/phase1/input6000_rate3p33_reuse00_seed2,215,0.07532295365931467,16.04966816751954,16.12499112117885,763.2345289846683,0.0,779.3595201058471,8.741248,740.939839,0.0,749.681087
2026-07-16_ttft_component_regression/phase1/input6000_rate3p33_reuse00_seed2,242,0.09747202945926875,11.45292887425214,11.550400903711408,763.2345289846683,0.0,774.7849298883797,9.743232,743.047278,0.0,752.79051
2026-07-16_ttft_component_regression/phase1/input6000_rate3p33_reuse00_seed2,259,0.027812136314824563,15.054045817528934,15.081857953843759,763.2345289846683,0.0,778.316386938512,5.391852,758.558779,0.0,763.950631
2026-07-16_ttft_component_regression/phase1/input6000_rate3p33_reuse00_seed2,262,0.0,15.815847030221619,15.815847030221619,763.2345289846683,0.0,779.0503760148899,377.927033,1034.271445,0.0,1412.198478
2026-07-16_ttft_component_regression/phase1/input6000_rate3p33_reuse00_seed2,243,0.12811746612887287,13.665403658842182,13.793521124971054,763.2345289846683,0.0,777.0280501096394,395.818137,974.273094,0.0,1370.091231
2026-07-16_ttft_component_regression/phase1/input6000_rate3p33_reuse00_seed2,264,0.0,16.542808674999563,16.542808674999563,763.2345289846683,0.0,779.7773376596679,727.200837,997.928875,0.0,1725.129712
2026-07-16_ttft_component_regression/phase1/input6000_rate3p33_reuse00_seed2,254,0.049922253457123054,12.39784895909592,12.447771212553043,763.2345289846683,0.0,775.6823001972213,10.569674,727.8954,0.0,738.465074
2026-07-16_ttft_component_regression/phase1/input6000_rate3p33_reuse00_seed2,252,0.07938916952516928,12.810424976981462,12.889814146506632,763.2345289846683,0.0,776.1243431311749,7.628561,727.621219,0.0,735.24978
2026-07-16_ttft_component_regression/phase1/input6000_rate3p33_reuse00_seed2,275,1.1403416244654427,23.26834011093667,24.408681735402112,763.2345289846683,0.6227310391890395,788.2659417592594,19.225734,753.680246,0.619393,773.525373
2026-07-16_ttft_component_regression/phase1/input6000_rate3p33_reuse00_seed2,279,0.4701967722656395,20.26914359344906,20.739340365714696,763.2345289846683,0.0,783.973869350383,15.01131,755.895167,0.0,770.906477
2026-07-16_ttft_component_regression/phase1/input6000_rate3p33_reuse00_seed2,297,0.5315407683942064,21.06330663172415,21.594847400118354,763.2345289846683,0.0,784.8293763847867,3.805647,716.092297,0.0,719.897944
2026-07-16_ttft_component_regression/phase1/input6000_rate3p33_reuse00_seed2,6,0.0,0.10370460703479085,0.10370460703479085,763.2345289846683,0.0,763.3382335917031,0.065066,676.342498,0.0,676.407564
2026-07-16_ttft_component_regression/phase1/input6000_rate3p33_reuse00_seed2,7,0.01805495836375295,6.34160567525596,6.359660633619713,763.2345289846683,0.0,769.5941896182879,4.673756,693.9379,0.0,698.611656
2026-07-16_ttft_component_regression/phase1/input6000_rate3p33_reuse00_seed2,28,0.015051019781564277,11.426750451853668,11.441801471635232,763.2345289846683,0.0,774.6763304563035,12.574472,709.717294,0.0,722.291766
2026-07-16_ttft_component_regression/phase1/input6000_rate3p33_reuse00_seed2,22,0.0,11.173943150401373,11.173943150401373,763.2345289846683,0.0,774.4084721350696,7.427062,699.917434,0.0,707.344496
2026-07-16_ttft_component_regression/phase1/input6000_rate3p33_reuse00_seed2,44,0.0,15.963427631705672,15.963427631705672,763.2345289846683,0.0,779.197956616374,15.577917,723.479466,0.0,739.057383
2026-07-16_ttft_component_regression/phase1/input6000_rate3p33_reuse00_seed2,27,0.0,11.07820431606369,11.07820431606369,763.2345289846683,0.0,774.3127333007319,3.405836,705.6619,0.0,709.067736
2026-07-16_ttft_component_regression/phase1/input6000_rate3p33_reuse00_seed2,35,0.04167400728874336,13.671597938782522,13.713271946071265,763.2345289846683,0.0,776.9478009307395,20.723721,716.666962,0.0,737.390683
2026-07-16_ttft_component_regression/phase1/input6000_rate3p33_reuse00_seed2,85,0.0831436048434116,19.771254554176238,19.85439815901965,763.2345289846683,0.0,783.0889271436879,251.946548,744.644728,0.0,996.591276
2026-07-16_ttft_component_regression/phase1/input6000_rate3p33_reuse00_seed2,60,0.0,16.312452357297946,16.312452357297946,763.2345289846683,0.0,779.5469813419662,2.971451,730.386178,0.0,733.357629
2026-07-16_ttft_component_regression/phase1/input6000_rate3p33_reuse00_seed2,75,0.0,16.316305821405773,16.316305821405773,763.2345289846683,0.0,779.550834806074,14.012762,730.981506,0.0,744.994268
2026-07-16_ttft_component_regression/phase1/input6000_rate3p33_reuse00_seed2,102,0.0,16.312715882881548,16.312715882881548,763.2345289846683,0.0,779.5472448675498,4.286608,739.384912,0.0,743.67152
2026-07-16_ttft_component_regression/phase1/input6000_rate3p33_reuse00_seed2,81,0.0,18.206708268669704,18.206708268669704,763.2345289846683,0.0,781.4412372533379,24.560205,736.292981,0.0,760.853186
2026-07-16_ttft_component_regression/phase1/input6000_rate3p33_reuse00_seed2,104,0.0,17.098581904082657,17.098581904082657,763.2345289846683,0.0,780.3331108887509,17.461963,744.260187,0.0,761.72215
2026-07-16_ttft_component_regression/phase1/input6000_rate3p33_reuse00_seed2,113,0.0,15.823829817619236,15.823829817619236,763.2345289846683,0.0,779.0583588022874,5.84675,741.302984,0.0,747.149734
2026-07-16_ttft_component_regression/phase1/input6000_rate3p33_reuse00_seed2,128,0.0,17.33057904308855,17.33057904308855,763.2345289846683,0.0,780.5651080277568,19.103815,742.201887,0.0,761.305702
2026-07-16_ttft_component_regression/phase1/input6000_rate3p33_reuse00_seed2,152,0.0,14.570750287898782,14.570750287898782,763.2345289846683,0.0,777.8052792725671,14.157338,739.296059,0.0,753.453397
2026-07-16_ttft_component_regression/phase1/input6000_rate3p33_reuse00_seed2,170,0.0,17.11103077305808,17.11103077305808,763.2345289846683,0.0,780.3455597577264,15.756912,750.372975,0.0,766.129887
2026-07-16_ttft_component_regression/phase1/input6000_rate3p33_reuse00_seed2,156,0.0,15.824598111600766,15.824598111600766,763.2345289846683,0.0,779.059127096269,2.237772,747.606439,0.0,749.844211
2026-07-16_ttft_component_regression/phase1/input6000_rate3p33_reuse00_seed2,182,0.041762901212075904,13.634992638230278,13.676755539442354,763.2345289846683,0.0,776.9112845241107,5.340085,737.226894,0.0,742.566979
2026-07-16_ttft_component_regression/phase1/input6000_rate3p33_reuse00_seed2,199,0.12808630407145583,13.690282409416529,13.818368713487985,763.2345289846683,0.0,777.0528976981562,18.027245,731.639964,0.0,749.667209
2026-07-16_ttft_component_regression/phase1/input6000_rate3p33_reuse00_seed2,202,0.027812136314824563,15.054045817528934,15.081857953843759,763.2345289846683,0.0,778.316386938512,17.966063,738.950004,0.0,756.916067
2026-07-16_ttft_component_regression/phase1/input6000_rate3p33_reuse00_seed2,225,0.1341684397248244,19.673465204635587,19.80763364436041,763.2345289846683,0.0,783.0421626290287,41.386135,1027.213351,0.0,1068.599486
2026-07-16_ttft_component_regression/phase1/input6000_rate3p33_reuse00_seed2,217,0.0,17.14780989816829,17.14780989816829,763.2345289846683,0.0,780.3823388828365,7.552036,747.199222,0.0,754.751258
2026-07-16_ttft_component_regression/phase1/input6000_rate3p33_reuse00_seed2,224,0.0,18.274586653871857,18.274586653871857,763.2345289846683,0.0,781.5091156385402,14.105867,752.322664,0.0,766.428531
2026-07-16_ttft_component_regression/phase1/input6000_rate3p33_reuse00_seed2,207,0.0,17.472606448906944,17.472606448906944,763.2345289846683,0.0,780.7071354335752,246.564555,736.627872,0.0,983.192427
2026-07-16_ttft_component_regression/phase1/input6000_rate3p33_reuse00_seed2,253,0.46245716492081124,20.236680035014583,20.699137199935393,763.2345289846683,0.0,783.9336661846037,24.697975,773.0527,0.0,797.750675
2026-07-16_ttft_component_regression/phase1/input6000_rate3p33_reuse00_seed2,235,1.1973435974191893,23.346012430473266,24.543356027892454,763.2345289846683,0.6227310391890395,788.4006160517497,5.348738,765.49668,0.619393,771.464811
2026-07-16_ttft_component_regression/phase1/input6000_rate3p33_reuse00_seed2,265,0.06014537722812045,17.85375372347905,17.91389910070717,763.2345289846683,0.0,781.1484280853754,5.335454,764.969718,0.0,770.305172
2026-07-16_ttft_component_regression/phase1/input6000_rate3p33_reuse00_seed2,269,0.4369447786460357,20.814083791362098,21.251028570008135,763.2345289846683,0.0,784.4855575546763,15.92436,763.343249,0.0,779.267609
2026-07-16_ttft_component_regression/phase1/input6000_rate3p33_reuse00_seed2,247,0.5795933667363137,22.3602692620699,22.939862628806214,763.2345289846683,0.0,786.1743916134744,7.452333,773.595182,0.0,781.047515
2026-07-16_ttft_component_regression/phase1/input6000_rate3p33_reuse00_seed2,282,998.3699594010089,24.07020971598577,1022.4401691169948,763.2345289846683,0.6227310391890395,1786.2974291408523,5811.842152,773.004124,0.619393,6585.465669
2026-07-16_ttft_component_regression/phase1/input6000_rate3p33_reuse00_seed2,278,2867.8198019791007,23.317798633479228,2891.1376006125797,763.2345289846683,0.6227310391890395,3654.9948606364374,3527.399704,760.149711,0.619393,4288.168808
2026-07-16_ttft_component_regression/phase1/input6000_rate3p33_reuse00_seed2,274,4475.859563847824,23.32564678082791,4499.1852106286515,763.2345289846683,0.6227310391890395,5263.042470652508,2847.958814,761.393068,0.619393,3609.971275
2026-07-16_ttft_component_regression/phase1/input6000_rate3p33_reuse00_seed2,281,2106.0862751661866,24.108038782690304,2130.194313948877,763.2345289846683,0.6227310391890395,2894.051573972735,5072.023151,775.683924,0.619393,5848.326468
2026-07-16_ttft_component_regression/phase1/input6000_rate3p33_reuse00_seed2,15,0.0,0.13555661717787004,0.13555661717787004,763.2345289846683,0.0,763.3700856018461,0.021184,676.342498,0.0,676.363682
2026-07-16_ttft_component_regression/phase1/input6000_rate3p33_reuse00_seed2,30,0.0,11.203353675344582,11.203353675344582,763.2345289846683,0.0,774.4378826600129,448.186943,969.760401,0.0,1417.947344
2026-07-16_ttft_component_regression/phase1/input6000_rate3p33_reuse00_seed2,29,0.017809464161739393,6.351087981776231,6.36889744593797,763.2345289846683,0.0,769.6034264306062,12.45139,707.958191,0.0,720.409581
2026-07-16_ttft_component_regression/phase1/input6000_rate3p33_reuse00_seed2,48,0.041904898729124215,13.542742190302233,13.584647089031357,763.2345289846683,0.0,776.8191760736996,9.210714,716.650898,0.0,725.861612
2026-07-16_ttft_component_regression/phase1/input6000_rate3p33_reuse00_seed2,42,0.014044852960723614,11.376277132963825,11.39032198592455,763.2345289846683,0.0,774.6248509705928,4.835804,709.83147,0.0,714.667274
2026-07-16_ttft_component_regression/phase1/input6000_rate3p33_reuse00_seed2,34,0.0,11.059506131519857,11.059506131519857,763.2345289846683,0.0,774.2940351161881,41.181554,938.47201,0.0,979.653564
2026-07-16_ttft_component_regression/phase1/input6000_rate3p33_reuse00_seed2,83,0.0,15.90913861244857,15.90913861244857,763.2345289846683,0.0,779.1436675971169,3.065475,724.613578,0.0,727.679053
2026-07-16_ttft_component_regression/phase1/input6000_rate3p33_reuse00_seed2,98,0.0,14.95946981778257,14.95946981778257,763.2345289846683,0.0,778.1939988024508,43.049495,724.062986,0.0,767.112481
2026-07-16_ttft_component_regression/phase1/input6000_rate3p33_reuse00_seed2,92,0.04191529836813918,13.530367389076648,13.572282687444787,763.2345289846683,0.0,776.8068116721131,7.972741,717.97621,0.0,725.948951
2026-07-16_ttft_component_regression/phase1/input6000_rate3p33_reuse00_seed2,76,0.0,15.000008973853042,15.000008973853042,763.2345289846683,0.0,778.2345379585213,14.176284,725.080522,0.0,739.256806
2026-07-16_ttft_component_regression/phase1/input6000_rate3p33_reuse00_seed2,109,0.020556521560934217,10.297641007228627,10.318197528789561,763.2345289846683,0.0,773.5527265134579,13.365659,710.218574,0.0,723.584233
2026-07-16_ttft_component_regression/phase1/input6000_rate3p33_reuse00_seed2,124,0.0380660149186766,12.669900456219382,12.707966471138059,763.2345289846683,0.0,775.9424954558064,6.096882,725.240388,0.0,731.33727
2026-07-16_ttft_component_regression/phase1/input6000_rate3p33_reuse00_seed2,138,0.07844187796798865,16.012835239081035,16.091277117049025,763.2345289846683,0.0,779.3258061017173,6.633046,738.934937,0.0,745.567983
2026-07-16_ttft_component_regression/phase1/input6000_rate3p33_reuse00_seed2,148,0.03208397768773784,15.004876439291047,15.036960416978784,763.2345289846683,0.0,778.271489401647,20.501911,736.846323,0.0,757.348234
2026-07-16_ttft_component_regression/phase1/input6000_rate3p33_reuse00_seed2,149,0.0,15.812497101190814,15.812497101190814,763.2345289846683,0.0,779.0470260858591,14.316501,734.607805,0.0,748.924306
2026-07-16_ttft_component_regression/phase1/input6000_rate3p33_reuse00_seed2,157,1.1821363323931848,24.065388102272163,25.247524434665348,763.2345289846683,0.6227310391890395,789.1047844585227,7.441151,730.22402,0.619393,738.284564
2026-07-16_ttft_component_regression/phase1/input6000_rate3p33_reuse00_seed2,169,1.186074478893658,24.070360306434242,25.2564347853279,763.2345289846683,0.6227310391890395,789.1136948091852,33.491611,739.887001,0.619393,773.998005
2026-07-16_ttft_component_regression/phase1/input6000_rate3p33_reuse00_seed2,196,0.05000932833874585,12.329896032459908,12.379905360798654,763.2345289846683,0.0,775.6144343454669,14.767949,738.761608,0.0,753.529557
2026-07-16_ttft_component_regression/phase1/input6000_rate3p33_reuse00_seed2,203,0.05216476672444357,10.812785568559324,10.864950335283767,763.2345289846683,0.0,774.099479319952,0.853036,727.309989,0.0,728.163025
2026-07-16_ttft_component_regression/phase1/input6000_rate3p33_reuse00_seed2,229,0.09904783119816164,11.526240489736761,11.625288320934922,763.2345289846683,0.0,774.8598173056032,19.666722,725.477899,0.0,745.144621
2026-07-16_ttft_component_regression/phase1/input6000_rate3p33_reuse00_seed2,244,0.05205618049256185,11.140445174275836,11.192501354768398,763.2345289846683,0.0,774.4270303394367,8.758868,721.564336,0.0,730.323204
2026-07-16_ttft_component_regression/phase1/input6000_rate3p33_reuse00_seed2,263,0.049981870948310234,12.35827937642527,12.408261247373579,763.2345289846683,0.0,775.6427902320419,85.706172,1007.55445,0.0,1093.260622
2026-07-16_ttft_component_regression/phase1/input6000_rate3p33_reuse00_seed2,249,0.16534892698843406,11.302789830078025,11.468138757066459,763.2345289846683,0.0,774.7026677417347,12.841708,726.926279,0.0,739.767987
2026-07-16_ttft_component_regression/phase1/input6000_rate3p33_reuse00_seed2,271,1.1657589479526589,23.304465371037864,24.470224318990525,763.2345289846683,0.6227310391890395,788.3274843428478,423.974334,1055.038015,0.619393,1479.631742
2026-07-16_ttft_component_regression/phase1/input6000_rate3p33_reuse00_seed2,268,0.0,16.309480170296226,16.309480170296226,763.2345289846683,0.0,779.5440091549644,519.646452,1027.245625,0.0,1546.892077
2026-07-16_ttft_component_regression/phase1/input6000_rate3p33_reuse00_seed2,261,0.05112624396523573,10.764629121743344,10.81575536570858,763.2345289846683,0.0,774.0502843503768,8.901264,740.430919,0.0,749.332183
2026-07-16_ttft_component_regression/phase1/input6000_rate3p33_reuse00_seed2,267,1.1605652847883765,24.037084068654135,25.19764935344251,763.2345289846683,0.6227310391890395,789.0549093772999,36.59047399999999,1013.880127,0.619393,1051.089994
2026-07-16_ttft_component_regression/phase1/input6000_rate3p33_reuse00_seed2,292,0.5167213726745417,21.00206132013985,21.51878269281439,763.2345289846683,0.0,784.7533116774827,15.342908,768.013992,0.0,783.3569
2026-07-16_ttft_component_regression/phase1/input6000_rate3p33_reuse00_seed2,273,0.0741222653734147,317.3279804894519,317.4021027548253,763.2345289846683,0.0,1080.6366317394936,900.089048,973.656519,0.0,1873.745567
2026-07-16_ttft_component_regression/phase1/input6000_rate3p33_reuse00_seed2,286,1.2773112672740714,24.182048867641427,25.4593601349155,763.2345289846683,0.6227310391890395,789.3166201587728,24.307423,765.093825,0.619393,790.020641
2026-07-16_ttft_component_regression/phase1/input6000_rate3p33_reuse00_seed3,6,0.0,0.1327492465035658,0.1327492465035658,767.7141235352532,4.440892098500626e-15,767.8468727817567,0.016416,676.342498,0.0,676.358914
2026-07-16_ttft_component_regression/phase1/input6000_rate3p33_reuse00_seed3,12,0.0,11.492440473162459,11.492440473162459,767.7141235352532,4.440892098500626e-15,779.2065640084156,19.277473,705.311084,0.0,724.588557
2026-07-16_ttft_component_regression/phase1/input6000_rate3p33_reuse00_seed3,14,0.015505966163652338,11.72006887506768,11.735574841231333,767.7141235352532,4.440892098500626e-15,779.4496983764845,17.824327,709.441934,0.0,727.266261
2026-07-16_ttft_component_regression/phase1/input6000_rate3p33_reuse00_seed3,8,0.018403262203836455,6.614379950475702,6.632783212679539,767.7141235352532,4.440892098500626e-15,774.3469067479327,8.213384,693.965612,0.0,702.178996
2026-07-16_ttft_component_regression/phase1/input6000_rate3p33_reuse00_seed3,10,0.0,11.665773097132165,11.665773097132165,767.7141235352532,4.440892098500626e-15,779.3798966323853,7.577394,699.44521,0.0,707.022604
2026-07-16_ttft_component_regression/phase1/input6000_rate3p33_reuse00_seed3,33,0.042907666796577135,13.926825245520881,13.969732912317458,767.7141235352532,4.440892098500626e-15,781.6838564475706,2.924541,718.305202,0.0,721.229743
2026-07-16_ttft_component_regression/phase1/input6000_rate3p33_reuse00_seed3,61,0.0,11.735321962189447,11.735321962189447,767.7141235352532,4.440892098500626e-15,779.4494454974426,18.867589,700.200666,0.0,719.068255
2026-07-16_ttft_component_regression/phase1/input6000_rate3p33_reuse00_seed3,66,0.0,11.450188354953758,11.450188354953758,767.7141235352532,4.440892098500626e-15,779.1643118902069,2.630687,705.98302,0.0,708.613707
2026-07-16_ttft_component_regression/phase1/input6000_rate3p33_reuse00_seed3,72,0.010322858900898325,10.795814473386988,10.806137332287886,767.7141235352532,4.440892098500626e-15,778.5202608675411,17.333389,710.005198,0.0,727.338587
2026-07-16_ttft_component_regression/phase1/input6000_rate3p33_reuse00_seed3,51,0.01584625532075066,11.737664712114048,11.7535109674348,767.7141235352532,4.440892098500626e-15,779.4676345026879,4.764875,711.941358,0.0,716.706233
2026-07-16_ttft_component_regression/phase1/input6000_rate3p33_reuse00_seed3,95,0.012046026732871012,10.876321227548862,10.888367254281734,767.7141235352532,4.440892098500626e-15,778.602490789535,4.889877,710.809134,0.0,715.699011
2026-07-16_ttft_component_regression/phase1/input6000_rate3p33_reuse00_seed3,97,0.04084716922635979,13.038195228860305,13.079042398086665,767.7141235352532,4.440892098500626e-15,780.7931659333399,18.465485,724.623374,0.0,743.088859
2026-07-16_ttft_component_regression/phase1/input6000_rate3p33_reuse00_seed3,106,0.0,15.538555350379031,15.538555350379031,767.7141235352532,4.440892098500626e-15,783.2526788856322,14.802603,734.446545,0.0,749.249148
2026-07-16_ttft_component_regression/phase1/input6000_rate3p33_reuse00_seed3,126,0.0,16.302481529537484,16.302481529537484,767.7141235352532,4.440892098500626e-15,784.0166050647906,293.595993,994.690138,0.0,1288.286131
2026-07-16_ttft_component_regression/phase1/input6000_rate3p33_reuse00_seed3,138,0.04793204117701464,12.45581329146934,12.503745332646355,767.7141235352532,4.440892098500626e-15,780.2178688678995,15.540827,728.702245,0.0,744.243072
2026-07-16_ttft_component_regression/phase1/input6000_rate3p33_reuse00_seed3,125,0.0,14.768140141545766,14.768140141545766,767.7141235352532,4.440892098500626e-15,782.482263676799,18.699813,752.925171,0.0,771.624984
2026-07-16_ttft_component_regression/phase1/input6000_rate3p33_reuse00_seed3,158,0.0,15.555607243273935,15.555607243273935,767.7141235352532,4.440892098500626e-15,783.2697307785271,8.276536,737.656704,0.0,745.93324
2026-07-16_ttft_component_regression/phase1/input6000_rate3p33_reuse00_seed3,161,0.0,17.178437032922204,17.178437032922204,767.7141235352532,4.440892098500626e-15,784.8925605681754,19.085423,738.394194,0.0,757.479617
2026-07-16_ttft_component_regression/phase1/input6000_rate3p33_reuse00_seed3,193,0.0,10.702245455385196,10.702245455385196,767.7141235352532,4.440892098500626e-15,778.4163689906384,11.781873,715.748441,0.0,727.530314
2026-07-16_ttft_component_regression/phase1/input6000_rate3p33_reuse00_seed3,197,0.0,10.117917113549494,10.117917113549494,767.7141235352532,4.440892098500626e-15,777.8320406488027,4.804382,709.286901,0.0,714.091283
2026-07-16_ttft_component_regression/phase1/input6000_rate3p33_reuse00_seed3,229,0.01641796444367326,6.151778226984301,6.168196191427974,767.7141235352532,4.440892098500626e-15,773.8823197266812,16.752198,705.530349,0.0,722.282547
2026-07-16_ttft_component_regression/phase1/input6000_rate3p33_reuse00_seed3,261,0.0166092648029939,6.14392614328389,6.160535408086884,767.7141235352532,4.440892098500626e-15,773.87465894334,5.14272,701.501848,0.0,706.644568
2026-07-16_ttft_component_regression/phase1/input6000_rate3p33_reuse00_seed3,290,0.024644057706288774,5.757852811506723,5.782496869213012,767.7141235352532,4.440892098500626e-15,773.4966204044662,13.929081,702.060266,0.0,715.989347
2026-07-16_ttft_component_regression/phase1/input6000_rate3p33_reuse00_seed3,292,0.0,10.399854215306702,10.399854215306702,767.7141235352532,4.440892098500626e-15,778.1139777505599,102.039183,715.38258,0.0,817.421763
2026-07-16_ttft_component_regression/phase1/input6000_rate3p33_reuse00_seed3,5,0.01944725957718653,6.5644759742362675,6.583923233813454,767.7141235352532,4.440892098500626e-15,774.2980467690667,5.849401,694.021036,0.0,699.870437
2026-07-16_ttft_component_regression/phase1/input6000_rate3p33_reuse00_seed3,0,0.0,0.12525539487696102,0.12525539487696102,767.7141235352532,4.440892098500626e-15,767.8393789301301,0.415971,676.342498,0.0,676.758469
2026-07-16_ttft_component_regression/phase1/input6000_rate3p33_reuse00_seed3,34,0.0,0.11524958579539016,0.11524958579539016,767.7141235352532,4.440892098500626e-15,767.8293731210485,0.005376,676.342498,0.0,676.347874
2026-07-16_ttft_component_regression/phase1/input6000_rate3p33_reuse00_seed3,44,0.0,11.732163272008066,11.732163272008066,767.7141235352532,4.440892098500626e-15,779.4462868072612,10.452769,699.810906,0.0,710.263675
2026-07-16_ttft_component_regression/phase1/input6000_rate3p33_reuse00_seed3,48,0.0,11.444961326443021,11.444961326443021,767.7141235352532,4.440892098500626e-15,779.1590848616962,11.915513,705.682668,0.0,717.598181
2026-07-16_ttft_component_regression/phase1/input6000_rate3p33_reuse00_seed3,36,0.018845608267233593,6.5945768509791725,6.613422459246406,767.7141235352532,4.440892098500626e-15,774.3275459944996,7.110854,693.93438,0.0,701.045234
2026-07-16_ttft_component_regression/phase1/input6000_rate3p33_reuse00_seed3,56,0.011717679647822127,11.530592359167887,11.542310038815708,767.7141235352532,4.440892098500626e-15,779.2564335740689,7.541063,709.962702,0.0,717.503765
2026-07-16_ttft_component_regression/phase1/input6000_rate3p33_reuse00_seed3,59,0.042933814387683226,13.730996155684322,13.773929970072006,767.7141235352532,4.440892098500626e-15,781.4880535053252,21.091508,716.534098,0.0,737.625606
2026-07-16_ttft_component_regression/phase1/input6000_rate3p33_reuse00_seed3,83,0.0,17.13792389677657,17.13792389677657,767.7141235352532,4.440892098500626e-15,784.8520474320297,21.176291,729.918018,0.0,751.094309
2026-07-16_ttft_component_regression/phase1/input6000_rate3p33_reuse00_seed3,74,0.0,15.436681306330662,15.436681306330662,767.7141235352532,4.440892098500626e-15,783.1508048415839,6.108448,723.48545,0.0,729.593898
2026-07-16_ttft_component_regression/phase1/input6000_rate3p33_reuse00_seed3,112,0.0,14.683320658103886,14.683320658103886,767.7141235352532,4.440892098500626e-15,782.397444193357,5.073345,731.611696,0.0,736.685041
2026-07-16_ttft_component_regression/phase1/input6000_rate3p33_reuse00_seed3,91,0.0,17.999118291477057,17.999118291477057,767.7141235352532,4.440892098500626e-15,785.7132418267303,3.500156,735.271477,0.0,738.771633
2026-07-16_ttft_component_regression/phase1/input6000_rate3p33_reuse00_seed3,120,0.0,16.2763353376372,16.2763353376372,767.7141235352532,4.440892098500626e-15,783.9904588728904,2.960264,739.581465,0.0,742.541729
2026-07-16_ttft_component_regression/phase1/input6000_rate3p33_reuse00_seed3,148,0.019881639126745027,10.327220329703556,10.3471019688303,767.7141235352532,4.440892098500626e-15,778.0612255040835,8.966438,740.897723,0.0,749.864161
2026-07-16_ttft_component_regression/phase1/input6000_rate3p33_reuse00_seed3,157,0.040920786237398,12.977304981684636,13.018225767922035,767.7141235352532,4.440892098500626e-15,780.7323493031752,8.631084,729.780294,0.0,738.411378
2026-07-16_ttft_component_regression/phase1/input6000_rate3p33_reuse00_seed3,150,0.04815235949543262,12.375541358728935,12.423693718224367,767.7141235352532,4.440892098500626e-15,780.1378172534776,31.65174,982.284991,0.0,1013.936731
2026-07-16_ttft_component_regression/phase1/input6000_rate3p33_reuse00_seed3,164,0.0,15.497698436750403,15.497698436750403,767.7141235352532,4.440892098500626e-15,783.2118219720036,20.667711,734.793935,0.0,755.461646
2026-07-16_ttft_component_regression/phase1/input6000_rate3p33_reuse00_seed3,180,0.010783780267495153,10.817137123000078,10.827920903267573,767.7141235352532,4.440892098500626e-15,778.5420444385207,15.024195,730.107182,0.0,745.131377
2026-07-16_ttft_component_regression/phase1/input6000_rate3p33_reuse00_seed3,183,0.04093427424845187,12.879194138624442,12.920128412872893,767.7141235352532,4.440892098500626e-15,780.6342519481261,6.965235,730.134646,0.0,737.099881
2026-07-16_ttft_component_regression/phase1/input6000_rate3p33_reuse00_seed3,191,0.0,17.145226935685205,17.145226935685205,767.7141235352532,4.440892098500626e-15,784.8593504709384,188.415318,738.2342,0.0,926.649518
2026-07-16_ttft_component_regression/phase1/input6000_rate3p33_reuse00_seed3,196,0.0,17.059201214901286,17.059201214901286,767.7141235352532,4.440892098500626e-15,784.7733247501544,4.250424,752.950474,0.0,757.200898
2026-07-16_ttft_component_regression/phase1/input6000_rate3p33_reuse00_seed3,186,0.0,15.461467132683016,15.461467132683016,767.7141235352532,4.440892098500626e-15,783.1755906679361,20.910027,729.84197,0.0,750.751997
2026-07-16_ttft_component_regression/phase1/input6000_rate3p33_reuse00_seed3,212,0.0,17.146262098477575,17.146262098477575,767.7141235352532,4.440892098500626e-15,784.8603856337307,10.231892,751.760572,0.0,761.992464
2026-07-16_ttft_component_regression/phase1/input6000_rate3p33_reuse00_seed3,214,0.04536341744965926,19.013532636066135,19.058896053515795,767.7141235352532,4.440892098500626e-15,786.773019588769,365.126207,1018.132285,0.0,1383.258492
2026-07-16_ttft_component_regression/phase1/input6000_rate3p33_reuse00_seed3,227,0.04032166384682596,18.977628047162895,19.01794971100972,767.7141235352532,4.440892098500626e-15,786.7320732462629,10.640453,766.511597,0.0,777.15205
2026-07-16_ttft_component_regression/phase1/input6000_rate3p33_reuse00_seed3,213,0.0,18.013723773128145,18.013723773128145,767.7141235352532,4.440892098500626e-15,785.7278473083813,270.043628,1025.428742,0.0,1295.47237
2026-07-16_ttft_component_regression/phase1/input6000_rate3p33_reuse00_seed3,243,0.0,17.159545378902628,17.159545378902628,767.7141235352532,4.440892098500626e-15,784.8736689141558,22.584769,739.717421,0.0,762.30219
2026-07-16_ttft_component_regression/phase1/input6000_rate3p33_reuse00_seed3,276,0.0,10.720153433135438,10.720153433135438,767.7141235352532,4.440892098500626e-15,778.4342769683886,16.685663,723.706213,0.0,740.391876
2026-07-16_ttft_component_regression/phase1/input6000_rate3p33_reuse00_seed3,285,0.013412934840283828,10.94178129990745,10.955194234747735,767.7141235352532,4.440892098500626e-15,778.6693177700009,10.481972,730.500944,0.0,740.982916
2026-07-16_ttft_component_regression/phase1/input6000_rate3p33_reuse00_seed3,291,0.0217063006605163,10.41100765764922,10.432713958309737,767.7141235352532,4.440892098500626e-15,778.1468374935629,19.600874,725.592823,0.0,745.193697
2026-07-16_ttft_component_regression/phase1/input6000_rate3p33_reuse00_seed3,18,0.0,0.11775246782585364,0.11775246782585364,767.7141235352532,4.440892098500626e-15,767.8318760030791,0.016495,676.342498,0.0,676.358993
2026-07-16_ttft_component_regression/phase1/input6000_rate3p33_reuse00_seed3,39,0.018907393024981296,6.591662946500785,6.610570339525766,767.7141235352532,4.440892098500626e-15,774.324693874779,2.911416,695.463756,0.0,698.375172
2026-07-16_ttft_component_regression/phase1/input6000_rate3p33_reuse00_seed3,55,0.018076928508405025,6.627892003120877,6.645968931629282,767.7141235352532,4.440892098500626e-15,774.3600924668824,15.056213,694.627628,0.0,709.683841
2026-07-16_ttft_component_regression/phase1/input6000_rate3p33_reuse00_seed3,99,0.0,15.564031339463613,15.564031339463613,767.7141235352532,4.440892098500626e-15,783.2781548747168,0.113592,723.264586,0.0,723.378178
2026-07-16_ttft_component_regression/phase1/input6000_rate3p33_reuse00_seed3,90,0.04043638059718346,226.75492971266132,226.7953660932585,767.7141235352532,4.440892098500626e-15,994.5094896285117,1225.489626,940.189661,0.0,2165.679287
2026-07-16_ttft_component_regression/phase1/input6000_rate3p33_reuse00_seed3,85,0.0,10.887388719198182,10.887388719198182,767.7141235352532,4.440892098500626e-15,778.6015122544513,5.827818,714.561126,0.0,720.388944
2026-07-16_ttft_component_regression/phase1/input6000_rate3p33_reuse00_seed3,87,0.0,10.759930075194431,10.759930075194431,767.7141235352532,4.440892098500626e-15,778.4740536104476,370.080388,978.258015,0.0,1348.338403
2026-07-16_ttft_component_regression/phase1/input6000_rate3p33_reuse00_seed3,89,0.015551528405932694,11.047272844530335,11.062824372936268,767.7141235352532,4.440892098500626e-15,778.7769479081894,609.033968,989.313991,0.0,1598.347959
2026-07-16_ttft_component_regression/phase1/input6000_rate3p33_reuse00_seed3,155,0.021932748029150663,10.421587602336938,10.44352035036609,767.7141235352532,4.440892098500626e-15,778.1576438856192,1.750671,712.470862,0.0,714.221533
2026-07-16_ttft_component_regression/phase1/input6000_rate3p33_reuse00_seed3,171,0.0,10.920027679597082,10.920027679597082,767.7141235352532,4.440892098500626e-15,778.6341512148502,11.399288,699.877466,0.0,711.276754
2026-07-16_ttft_component_regression/phase1/input6000_rate3p33_reuse00_seed3,176,0.0,10.71646530722497,10.71646530722497,767.7141235352532,4.440892098500626e-15,778.4305888424782,12.736944,719.005623,0.0,731.742567
2026-07-16_ttft_component_regression/phase1/input6000_rate3p33_reuse00_seed3,168,0.016223566973685464,6.159452099466533,6.175675666440219,767.7141235352532,4.440892098500626e-15,773.8897992016934,8.663661,694.46574,0.0,703.129401
2026-07-16_ttft_component_regression/phase1/input6000_rate3p33_reuse00_seed3,192,0.0,15.470630975697748,15.470630975697748,767.7141235352532,4.440892098500626e-15,783.1847545109509,157.730481,727.031694,0.0,884.762175
2026-07-16_ttft_component_regression/phase1/input6000_rate3p33_reuse00_seed3,181,0.011817143170432627,10.865501423461307,10.87731856663174,767.7141235352532,4.440892098500626e-15,778.5914421018849,6.586482,727.258385,0.0,733.844867
2026-07-16_ttft_component_regression/phase1/input6000_rate3p33_reuse00_seed3,188,0.04090403252092706,12.995608884240102,13.03651291676103,767.7141235352532,4.440892098500626e-15,780.7506364520142,9.042052,728.282115,0.0,737.324167
2026-07-16_ttft_component_regression/phase1/input6000_rate3p33_reuse00_seed3,207,0.0,17.145226935685205,17.145226935685205,767.7141235352532,4.440892098500626e-15,784.8593504709384,19.153168,743.874089,0.0,763.027257
2026-07-16_ttft_component_regression/phase1/input6000_rate3p33_reuse00_seed3,219,0.0,17.134762585434736,17.134762585434736,767.7141235352532,4.440892098500626e-15,784.8488861206879,10.324683,744.686533,0.0,755.011216
2026-07-16_ttft_component_regression/phase1/input6000_rate3p33_reuse00_seed3,228,0.0,17.98312767436424,17.98312767436424,767.7141235352532,4.440892098500626e-15,785.6972512096174,1.569386,745.549426,0.0,747.118812
2026-07-16_ttft_component_regression/phase1/input6000_rate3p33_reuse00_seed3,226,0.0,17.145226935685205,17.145226935685205,767.7141235352532,4.440892098500626e-15,784.8593504709384,1.221122,745.496355,0.0,746.717477
2026-07-16_ttft_component_regression/phase1/input6000_rate3p33_reuse00_seed3,247,0.0,15.464529642508626,15.464529642508626,767.7141235352532,4.440892098500626e-15,783.1786531777618,175.558877,735.620166,0.0,911.179043
2026-07-16_ttft_component_regression/phase1/input6000_rate3p33_reuse00_seed3,244,0.040943384512276554,12.928348908226196,12.969292292738473,767.7141235352532,4.440892098500626e-15,780.6834158279917,19.300891,731.677997,0.0,750.978888
2026-07-16_ttft_component_regression/phase1/input6000_rate3p33_reuse00_seed3,298,0.0,10.320826006155173,10.320826006155173,767.7141235352532,4.440892098500626e-15,778.0349495414083,16.040211,704.793345,0.0,720.833556
2026-07-16_ttft_component_regression/phase1/input6000_rate3p33_reuse00_seed3,1,0.0,0.11524958579539016,0.11524958579539016,767.7141235352532,4.440892098500626e-15,767.8293731210485,2.176096,676.342498,0.0,678.518594
2026-07-16_ttft_component_regression/phase1/input6000_rate3p33_reuse00_seed3,31,0.0,11.729003744507132,11.729003744507132,767.7141235352532,4.440892098500626e-15,779.4431272797603,363.112872,939.500612,0.0,1302.613484
2026-07-16_ttft_component_regression/phase1/input6000_rate3p33_reuse00_seed3,30,0.01872097601055423,6.600340854698473,6.619061830709027,767.7141235352532,4.440892098500626e-15,774.3331853659622,2.45156,707.629263,0.0,710.080823
2026-07-16_ttft_component_regression/phase1/input6000_rate3p33_reuse00_seed3,21,0.01878346878988004,6.597469478004011,6.616252946793891,767.7141235352532,4.440892098500626e-15,774.3303764820471,8.641833,695.524972,0.0,704.166805
2026-07-16_ttft_component_regression/phase1/input6000_rate3p33_reuse00_seed3,54,0.0,16.586776966297723,16.586776966297723,767.7141235352532,4.440892098500626e-15,784.3009005015509,313.322144,998.723283,0.0,1312.045427
2026-07-16_ttft_component_regression/phase1/input6000_rate3p33_reuse00_seed3,43,0.0,11.470456650946518,11.470456650946518,767.7141235352532,4.440892098500626e-15,779.1845801861997,2.61699,719.612207,0.0,722.229197
2026-07-16_ttft_component_regression/phase1/input6000_rate3p33_reuse00_seed3,45,0.014823092976561708,11.68505851561739,11.699881608593952,767.7141235352532,4.440892098500626e-15,779.4140051438471,252.661411,953.836084,0.0,1206.497495
2026-07-16_ttft_component_regression/phase1/input6000_rate3p33_reuse00_seed3,53,0.04279800452296885,13.991382408448166,14.034180412971134,767.7141235352532,4.440892098500626e-15,781.7483039482244,8.102043,730.147049,0.0,738.249092
2026-07-16_ttft_component_regression/phase1/input6000_rate3p33_reuse00_seed3,58,0.0,18.353237264264543,18.353237264264543,767.7141235352532,4.440892098500626e-15,786.0673607995177,58.820282,969.371842,0.0,1028.192124
2026-07-16_ttft_component_regression/phase1/input6000_rate3p33_reuse00_seed3,86,0.0,17.198725506003928,17.198725506003928,767.7141235352532,4.440892098500626e-15,784.9128490412571,17.129582,730.065154,0.0,747.194736
2026-07-16_ttft_component_regression/phase1/input6000_rate3p33_reuse00_seed3,111,0.4693344020741852,20.8367224189332,21.306056821007385,767.7141235352532,4.440892098500626e-15,789.0201803562605,307.70007,1036.262452,0.0,1343.962522
2026-07-16_ttft_component_regression/phase1/input6000_rate3p33_reuse00_seed3,105,0.0,18.0822213473595,18.0822213473595,767.7141235352532,4.440892098500626e-15,785.7963448826126,12.420576,747.125116,0.0,759.545692
2026-07-16_ttft_component_regression/phase1/input6000_rate3p33_reuse00_seed3,78,0.0,18.071958193159144,18.071958193159144,767.7141235352532,4.440892098500626e-15,785.7860817284123,9.968485,735.724405,0.0,745.69289
2026-07-16_ttft_component_regression/phase1/input6000_rate3p33_reuse00_seed3,109,0.06775786585755979,19.16914835442425,19.23690622028181,767.7141235352532,4.440892098500626e-15,786.951029755535,153.757945,761.013522,0.0,914.771467
2026-07-16_ttft_component_regression/phase1/input6000_rate3p33_reuse00_seed3,128,0.4719570349931939,20.846150507212133,21.31810754220533,767.7141235352532,4.440892098500626e-15,789.0322310774585,7.34435,775.201154,0.0,782.545504
2026-07-16_ttft_component_regression/phase1/input6000_rate3p33_reuse00_seed3,102,0.0,17.195859347267316,17.195859347267316,767.7141235352532,4.440892098500626e-15,784.9099828825205,16.721674,735.511456,0.0,752.23313
2026-07-16_ttft_component_regression/phase1/input6000_rate3p33_reuse00_seed3,146,0.4447575549835392,20.746475804454,21.19123335943754,767.7141235352532,4.440892098500626e-15,788.9053568946907,24.387882,763.125371,0.0,787.513253
2026-07-16_ttft_component_regression/phase1/input6000_rate3p33_reuse00_seed3,131,3387.5650472055663,21.68295920223332,3409.2480064077995,767.7141235352532,4.440892098500626e-15,4176.962129943053,1876.8572840000002,759.520995,0.0,2636.378279
2026-07-16_ttft_component_regression/phase1/input6000_rate3p33_reuse00_seed3,173,0.048293328747208424,12.247990963043637,12.296284291790846,767.7141235352532,4.440892098500626e-15,780.010407827044,8.001625,727.341765,0.0,735.34339
2026-07-16_ttft_component_regression/phase1/input6000_rate3p33_reuse00_seed3,178,0.040882720955453665,13.013881615158914,13.054764336114367,767.7141235352532,4.440892098500626e-15,780.7688878713675,8.862376,739.217597,0.0,748.079973
2026-07-16_ttft_component_regression/phase1/input6000_rate3p33_reuse00_seed3,199,0.0,10.881466618514013,10.881466618514013,767.7141235352532,4.440892098500626e-15,778.5955901537671,7.377699,714.811629,0.0,722.189328
2026-07-16_ttft_component_regression/phase1/input6000_rate3p33_reuse00_seed3,211,0.014317527813983768,10.985927609081074,11.000245136895058,767.7141235352532,4.440892098500626e-15,778.7143686721482,219.279436,975.801621,0.0,1195.081057
2026-07-16_ttft_component_regression/phase1/input6000_rate3p33_reuse00_seed3,210,0.0,10.753630455633878,10.753630455633878,767.7141235352532,4.440892098500626e-15,778.4677539908871,15.95847,740.565152,0.0,756.523622
2026-07-16_ttft_component_regression/phase1/input6000_rate3p33_reuse00_seed3,216,0.040565052409728096,13.152841090451261,13.19340614286099,767.7141235352532,4.440892098500626e-15,780.9075296781142,7.325311,728.004953,0.0,735.330264
2026-07-16_ttft_component_regression/phase1/input6000_rate3p33_reuse00_seed3,225,0.0,15.591626305173774,15.591626305173774,767.7141235352532,4.440892098500626e-15,783.305749840427,22.55667,732.450133,0.0,755.006803
2026-07-16_ttft_component_regression/phase1/input6000_rate3p33_reuse00_seed3,237,0.0,15.577921749638586,15.577921749638586,767.7141235352532,4.440892098500626e-15,783.2920452848917,0.817256,736.273188,0.0,737.090444
2026-07-16_ttft_component_regression/phase1/input6000_rate3p33_reuse00_seed3,251,0.0,17.180393705700425,17.180393705700425,767.7141235352532,4.440892098500626e-15,784.8945172409536,46.087907,741.09483,0.0,787.182737
2026-07-16_ttft_component_regression/phase1/input6000_rate3p33_reuse00_seed3,255,0.0,18.0558762603919,18.0558762603919,767.7141235352532,4.440892098500626e-15,785.769999795645,17.089532,757.991291,0.0,775.080823
2026-07-16_ttft_component_regression/phase1/input6000_rate3p33_reuse00_seed3,248,0.0,17.19394308209442,17.19394308209442,767.7141235352532,4.440892098500626e-15,784.9080666173476,23.595898,737.183038,0.0,760.778936
2026-07-16_ttft_component_regression/phase1/input6000_rate3p33_reuse00_seed3,282,0.45503123675885415,20.784620268887277,21.23965150564613,767.7141235352532,4.440892098500626e-15,788.9537750408994,78.772003,1032.617305,0.0,1111.389308
2026-07-16_ttft_component_regression/phase1/input6000_rate3p33_reuse00_seed3,288,0.4460358552159899,20.751255024452803,21.19729087966879,767.7141235352532,4.440892098500626e-15,788.911414414922,98.074785,1025.573335,0.0,1123.64812
2026-07-16_ttft_component_regression/phase1/input6000_rate3p33_reuse00_seed3,280,0.060340379270262375,19.118285988902088,19.17862636817235,767.7141235352532,4.440892098500626e-15,786.8927499034255,25.603142,759.523815,0.0,785.126957
2026-07-16_ttft_component_regression/phase1/input6000_rate3p33_reuse00_seed3,294,0.4383913402133963,20.72253323275034,21.160924572963737,767.7141235352532,4.440892098500626e-15,788.8750481082169,22.258241,768.884303,0.0,791.142544
2026-07-16_ttft_component_regression/phase1/input6000_rate3p33_reuse00_seed3,264,0.06844040096716532,19.173795648739496,19.242236049706662,767.7141235352532,4.440892098500626e-15,786.9563595849598,23.56887,755.466024,0.0,779.034894
2026-07-16_ttft_component_regression/phase1/input6000_rate3p33_reuse00_seed3,295,6728.049359177787,21.63637552999478,6749.685734707781,767.7141235352532,4.440892098500626e-15,7517.399858243034,5003.161029999999,762.681287,0.0,5765.842317
2026-07-16_ttft_component_regression/phase1/input6000_rate3p33_reuse00_seed3,17,0.018531392037606963,6.608827757884282,6.627359149921889,767.7141235352532,4.440892098500626e-15,774.341482685175,13.845823,694.40478,0.0,708.250603
2026-07-16_ttft_component_regression/phase1/input6000_rate3p33_reuse00_seed3,13,0.0,0.15019602773110124,0.15019602773110124,767.7141235352532,4.440892098500626e-15,767.8643195629843,0.001081,676.342498,0.0,676.343579
2026-07-16_ttft_component_regression/phase1/input6000_rate3p33_reuse00_seed3,19,0.0,11.672089600154607,11.672089600154607,767.7141235352532,4.440892098500626e-15,779.3862131354078,33.898149,699.666458,0.0,733.564607
2026-07-16_ttft_component_regression/phase1/input6000_rate3p33_reuse00_seed3,32,0.015505966163652338,11.72006887506768,11.735574841231333,767.7141235352532,4.440892098500626e-15,779.4496983764845,16.938145,710.36491,0.0,727.303055
2026-07-16_ttft_component_regression/phase1/input6000_rate3p33_reuse00_seed3,29,0.0,11.502994253443829,11.502994253443829,767.7141235352532,4.440892098500626e-15,779.217117788697,6.689277,705.857452,0.0,712.546729
2026-07-16_ttft_component_regression/phase1/input6000_rate3p33_reuse00_seed3,60,0.0,19.3077697217842,19.3077697217842,767.7141235352532,4.440892098500626e-15,787.0218932570374,4.909606,735.382101,0.0,740.291707
2026-07-16_ttft_component_regression/phase1/input6000_rate3p33_reuse00_seed3,47,0.0,16.626481115633183,16.626481115633183,767.7141235352532,4.440892098500626e-15,784.3406046508863,347.985767,999.804563,0.0,1347.79033
2026-07-16_ttft_component_regression/phase1/input6000_rate3p33_reuse00_seed3,64,0.06984344223818181,20.473758549816836,20.543601992055017,767.7141235352532,4.440892098500626e-15,788.2577255273081,13.231661,743.783256,0.0,757.014917
2026-07-16_ttft_component_regression/phase1/input6000_rate3p33_reuse00_seed3,82,0.4682754789288773,22.23411206037587,22.70238753930475,767.7141235352532,4.440892098500626e-15,790.4165110745579,12.609765,764.746629,0.0,777.356394
2026-07-16_ttft_component_regression/phase1/input6000_rate3p33_reuse00_seed3,46,0.04272368702512425,14.023506373552701,14.066230060577825,767.7141235352532,4.440892098500626e-15,781.780353595831,5.126641,731.006729,0.0,736.13337
2026-07-16_ttft_component_regression/phase1/input6000_rate3p33_reuse00_seed3,70,5102.637346748691,22.85677406956811,5125.494120818259,767.7141235352532,4.440892098500626e-15,5893.208244353512,3142.425554,758.267523,0.0,3900.693077
2026-07-16_ttft_component_regression/phase1/input6000_rate3p33_reuse00_seed3,50,0.0,18.366695034858466,18.366695034858466,767.7141235352532,4.440892098500626e-15,786.0808185701117,439.096521,970.394338,0.0,1409.490859
2026-07-16_ttft_component_regression/phase1/input6000_rate3p33_reuse00_seed3,67,0.4894066579032249,22.314166963500664,22.80357362140389,767.7141235352532,4.440892098500626e-15,790.517697156657,9.886235,751.36921,0.0,761.255445
2026-07-16_ttft_component_regression/phase1/input6000_rate3p33_reuse00_seed3,88,5032.666973847677,22.832522533807467,5055.499496381484,767.7141235352532,4.440892098500626e-15,5823.213619916737,3485.767392,775.200412,0.0,4260.967804
2026-07-16_ttft_component_regression/phase1/input6000_rate3p33_reuse00_seed3,100,4677.756321546297,22.832522533807467,4700.5888440801045,767.7141235352532,4.440892098500626e-15,5468.302967615357,2862.247906,775.888814,0.0,3638.13672
2026-07-16_ttft_component_regression/phase1/input6000_rate3p33_reuse00_seed3,101,4540.635849216348,22.85303220132827,4563.488881417677,767.7141235352532,4.440892098500626e-15,5331.203004952929,2940.82866,1032.535854,0.0,3973.364514
2026-07-16_ttft_component_regression/phase1/input6000_rate3p33_reuse00_seed3,107,7391.84571561274,22.812362840020466,7414.6580784527605,767.7141235352532,4.440892098500626e-15,8182.372201988013,9406.187486,766.347092,0.0,10172.534578
2026-07-16_ttft_component_regression/phase1/input6000_rate3p33_reuse00_seed3,121,7531.086682193347,21.644481817956766,7552.731164011304,767.7141235352532,4.440892098500626e-15,8320.445287546558,11621.394261000001,762.643722,0.0,12384.037983
2026-07-16_ttft_component_regression/phase1/input6000_rate3p33_reuse00_seed3,145,6336.45841672398,22.82348987791965,6359.281906601899,767.7141235352532,4.440892098500626e-15,7126.996030137152,5899.068612,762.161551,0.0,6661.230163
2026-07-16_ttft_component_regression/phase1/input6000_rate3p33_reuse00_seed3,118,7611.501171022741,21.655321749182452,7633.156492771924,767.7141235352532,4.440892098500626e-15,8400.870616307177,12245.415179,757.117324,0.0,13002.532503
2026-07-16_ttft_component_regression/phase1/input6000_rate3p33_reuse00_seed3,141,5974.634527394023,21.659784062735344,5996.294311456759,767.7141235352532,4.440892098500626e-15,6764.008434992012,5530.362942000001,1035.024527,0.0,6565.387469
2026-07-16_ttft_component_regression/phase1/input6000_rate3p33_reuse00_seed3,108,7551.287423928619,22.832522533807467,7574.119946462427,767.7141235352532,4.440892098500626e-15,8341.83406999768,10513.901371,763.094157,0.0,11276.995528
2026-07-16_ttft_component_regression/phase1/input6000_rate3p33_reuse00_seed3,114,7598.15330580319,21.6683755005549,7619.821681303745,767.7141235352532,4.440892098500626e-15,8387.535804838999,10509.869109000001,765.684629,0.0,11275.553738
2026-07-16_ttft_component_regression/phase1/input6000_rate3p33_reuse00_seed3,160,6890.151076333556,22.849169502497794,6913.000245836054,767.7141235352532,4.440892098500626e-15,7680.714369371307,6395.123820000001,755.715307,0.0,7150.839127
2026-07-16_ttft_component_regression/phase1/input6000_rate3p33_reuse00_seed3,165,7060.807928879866,22.833982302084273,7083.6419111819505,767.7141235352532,4.440892098500626e-15,7851.356034717203,6953.166622000001,757.743601,0.0,7710.910223
2026-07-16_ttft_component_regression/phase1/input6000_rate3p33_reuse00_seed3,156,6373.566600302337,22.854292946223456,6396.420893248561,767.7141235352532,4.440892098500626e-15,7164.135016783814,5285.744321,760.725999,0.0,6046.47032
2026-07-16_ttft_component_regression/phase1/input6000_rate3p33_reuse00_seed3,202,6034.829965137394,22.831049677898843,6057.661014815292,767.7141235352532,4.440892098500626e-15,6825.375138350545,4361.051873,764.137919,0.0,5125.189792
2026-07-16_ttft_component_regression/phase1/input6000_rate3p33_reuse00_seed3,221,4134.8530948282605,22.85303220132827,4157.706127029589,767.7141235352532,4.440892098500626e-15,4925.420250564842,2412.658625,763.067217,0.0,3175.725842
2026-07-16_ttft_component_regression/phase1/input6000_rate3p33_reuse00_seed3,189,6767.82857750169,22.850470457046967,6790.679047958737,767.7141235352532,4.440892098500626e-15,7558.39317149399,5972.068285,765.612948,0.0,6737.681233
2026-07-16_ttft_component_regression/phase1/input6000_rate3p33_reuse00_seed3,224,4372.92934771093,22.8603945031631,4395.789742214093,767.7141235352532,4.440892098500626e-15,5163.503865749346,2533.255309,757.626174,0.0,3290.881483
2026-07-16_ttft_component_regression/phase1/input6000_rate3p33_reuse00_seed3,242,4476.229907924524,22.855540243094236,4499.085448167618,767.7141235352532,4.440892098500626e-15,5266.799571702871,3059.4234180000003,763.424173,0.0,3822.847591
2026-07-16_ttft_component_regression/phase1/input6000_rate3p33_reuse00_seed3,234,3529.341168056839,22.855540243094236,3552.196708299933,767.7141235352532,4.440892098500626e-15,4319.910831835186,2025.662959,760.675418,0.0,2786.338377
2026-07-16_ttft_component_regression/phase1/input6000_rate3p33_reuse00_seed3,205,6873.043527902781,21.689082493813697,6894.732610396594,767.7141235352532,4.440892098500626e-15,7662.446733931847,5585.866146,757.411345,0.0,6343.277491
2026-07-16_ttft_component_regression/phase1/input6000_rate3p33_reuse00_seed3,256,5714.460975778479,22.84652754081087,5737.30750331929,767.7141235352532,4.440892098500626e-15,6505.021626854543,3865.544582,759.343516,0.0,4624.888098
2026-07-16_ttft_component_regression/phase1/input6000_rate3p33_reuse00_seed3,252,2900.5502373053823,22.855540243094236,2923.4057775484766,767.7141235352532,4.440892098500626e-15,3691.11990108373,1809.567323,756.113695,0.0,2565.681018
2026-07-16_ttft_component_regression/phase1/input6000_rate3p33_reuse00_seed3,230,5194.417395294285,22.867268657814975,5217.284663952099,767.7141235352532,4.440892098500626e-15,5984.998787487352,3280.1768340000003,758.126812,0.0,4038.303646
2026-07-16_ttft_component_regression/phase1/input6000_rate3p33_reuse00_seed3,239,3382.9360983205806,22.87262076495524,3405.808719085536,767.7141235352532,4.440892098500626e-15,4173.522842620789,2155.6201410000003,770.175499,0.0,2925.79564
2026-07-16_ttft_component_regression/phase1/input6000_rate3p33_reuse00_seed3,262,7420.679546323581,22.861574224698263,7443.54112054828,767.7141235352532,4.440892098500626e-15,8211.255244083533,7369.805593,775.486683,0.0,8145.292276
2026-07-16_ttft_component_regression/phase1/input6000_rate3p33_reuse00_seed3,272,7141.233668840792,22.828064793884582,7164.061733634677,767.7141235352532,4.440892098500626e-15,7931.77585716993,15911.817047999999,763.937702,0.0,16675.75475
2026-07-16_ttft_component_regression/phase1/input6000_rate3p33_reuse00_seed3,273,9120.648474237454,22.826552811169233,9143.475027048624,767.7141235352532,4.440892098500626e-15,9911.189150583878,16924.031135999998,767.710912,0.0,17691.742048
2026-07-16_ttft_component_regression/phase1/input6000_rate3p33_reuse00_seed3,270,7684.660449179824,22.83686248514338,7707.497311664968,767.7141235352532,4.440892098500626e-15,8475.21143520022,12468.807486,757.915971,0.0,13226.723457
2026-07-16_ttft_component_regression/phase1/input6000_rate3p33_reuse00_seed3,267,7615.621006397714,22.845186578618442,7638.466192976332,767.7141235352532,4.440892098500626e-15,8406.180316511585,9495.815033,761.061996,0.0,10256.877029
2026-07-16_ttft_component_regression/phase1/input6000_rate3p33_reuse00_seed3,269,7707.235243745321,22.84652754081087,7730.081771286132,767.7141235352532,4.440892098500626e-15,8497.795894821385,10738.408637,758.849221,0.0,11497.257858
2026-07-16_ttft_component_regression/phase1/input6000_rate3p33_reuse00_seed3,271,7687.549923375551,22.841084036690418,7710.391007412241,767.7141235352532,4.440892098500626e-15,8478.105130947495,13862.454624999998,763.53618,0.0,14625.990805
2026-07-16_ttft_component_regression/phase1/input6000_rate3p33_reuse00_seed3,297,15557.618388481598,21.67913284296413,15579.297521324563,767.7141235352532,4.440892098500626e-15,16347.011644859816,18681.071511,761.240072,0.0,19442.311583
2026-07-16_ttft_component_regression/phase1/input6000_rate3p33_reuse00_seed3,278,13274.68599149369,22.83542896007532,13297.521420453766,767.7141235352532,4.440892098500626e-15,14065.23554398902,17976.058606,773.277656,0.0,18749.336262
2026-07-16_ttft_component_regression/phase1/input6000_rate3p33_reuse00_seed3,289,15136.853122990035,21.6683755005549,15158.521498490589,767.7141235352532,4.440892098500626e-15,15926.235622025843,18954.738341,765.103388,0.0,19719.841729
2026-07-16_ttft_component_regression/phase1/input6000_rate3p33_reuse00_seed3,287,14661.232591522843,22.84652754081087,14684.079119063654,767.7141235352532,4.440892098500626e-15,15451.793242598907,17994.646634,769.980851,0.0,18764.627485
2026-07-16_ttft_component_regression/phase1/input6000_rate3p33_reuse00_seed3,299,15993.624268475607,21.677832120787514,16015.302100596395,767.7141235352532,4.440892098500626e-15,16783.016224131647,26064.480639,762.585722,0.0,26827.066361
2026-07-16_ttft_component_regression/phase1/input6000_rate3p33_reuse00_seed3,27,0.0,11.681570364697075,11.681570364697075,767.7141235352532,4.440892098500626e-15,779.3956938999503,13.552238,699.52073,0.0,713.072968
2026-07-16_ttft_component_regression/phase1/input6000_rate3p33_reuse00_seed3,23,0.0,0.15019602773110124,0.15019602773110124,767.7141235352532,4.440892098500626e-15,767.8643195629843,0.018288,676.342498,0.0,676.360786
2026-07-16_ttft_component_regression/phase1/input6000_rate3p33_reuse00_seed3,25,0.01787706446929775,6.635747776168931,6.653624840638229,767.7141235352532,4.440892098500626e-15,774.3677483758914,48.149409,693.93438,0.0,742.083789
2026-07-16_ttft_component_regression/phase1/input6000_rate3p33_reuse00_seed3,41,0.0,11.474326761023846,11.474326761023846,767.7141235352532,4.440892098500626e-15,779.188450296277,11.054843,706.461836,0.0,717.516679
2026-07-16_ttft_component_regression/phase1/input6000_rate3p33_reuse00_seed3,69,0.0,10.718302735594959,10.718302735594959,767.7141235352532,4.440892098500626e-15,778.4324262708482,4.508344,707.545164,0.0,712.053508
2026-07-16_ttft_component_regression/phase1/input6000_rate3p33_reuse00_seed3,96,0.0,10.958637297245422,10.958637297245422,767.7141235352532,4.440892098500626e-15,778.6727608324986,2.524449,700.220762,0.0,702.745211
2026-07-16_ttft_component_regression/phase1/input6000_rate3p33_reuse00_seed3,79,0.0,10.952701444915801,10.952701444915801,767.7141235352532,4.440892098500626e-15,778.6668249801689,10.638248,700.448794,0.0,711.087042
2026-07-16_ttft_component_regression/phase1/input6000_rate3p33_reuse00_seed3,104,0.0,10.692143396713885,10.692143396713885,767.7141235352532,4.440892098500626e-15,778.406266931967,19.318959,706.299372,0.0,725.618331
2026-07-16_ttft_component_regression/phase1/input6000_rate3p33_reuse00_seed3,117,0.048247056220811504,12.317762215274366,12.366009271495177,767.7141235352532,4.440892098500626e-15,780.0801328067483,10.943232,716.95589,0.0,727.899122
2026-07-16_ttft_component_regression/phase1/input6000_rate3p33_reuse00_seed3,110,0.011587976577165064,10.854707724105385,10.86629570068255,767.7141235352532,4.440892098500626e-15,778.5804192359358,5.465967,710.367054,0.0,715.833021
2026-07-16_ttft_component_regression/phase1/input6000_rate3p33_reuse00_seed3,127,0.0,15.52122967913823,15.52122967913823,767.7141235352532,4.440892098500626e-15,783.2353532143914,18.615982,723.80705,0.0,742.423032
2026-07-16_ttft_component_regression/phase1/input6000_rate3p33_reuse00_seed3,149,0.0,17.140350407311555,17.140350407311555,767.7141235352532,4.440892098500626e-15,784.8544739425647,85.468409,1002.757931,0.0,1088.22634
2026-07-16_ttft_component_regression/phase1/input6000_rate3p33_reuse00_seed3,153,0.07324336768490394,18.170707336748777,18.24395070443368,767.7141235352532,4.440892098500626e-15,785.9580742396869,114.592251,761.813591,0.0,876.405842
2026-07-16_ttft_component_regression/phase1/input6000_rate3p33_reuse00_seed3,140,0.0,14.746915631690971,14.746915631690971,767.7141235352532,4.440892098500626e-15,782.4610391669441,2.321201,732.793538,0.0,735.114739
2026-07-16_ttft_component_regression/phase1/input6000_rate3p33_reuse00_seed3,147,0.0,16.30064777739901,16.30064777739901,767.7141235352532,4.440892098500626e-15,784.0147713126522,19.407953,750.723415,0.0,770.131368
2026-07-16_ttft_component_regression/phase1/input6000_rate3p33_reuse00_seed3,167,0.0,18.08637298401719,18.08637298401719,767.7141235352532,4.440892098500626e-15,785.8004965192704,23.504767,742.983854,0.0,766.488621
2026-07-16_ttft_component_regression/phase1/input6000_rate3p33_reuse00_seed3,195,0.49050610261031125,20.911737712462667,21.40224381507298,767.7141235352532,4.440892098500626e-15,789.1163673503262,2.489016,758.432054,0.0,760.92107
2026-07-16_ttft_component_regression/phase1/input6000_rate3p33_reuse00_seed3,185,0.07814036964131313,19.239254397368953,19.317394767010267,767.7141235352532,4.440892098500626e-15,787.0315183022634,173.978653,755.1738,0.0,929.152453
2026-07-16_ttft_component_regression/phase1/input6000_rate3p33_reuse00_seed3,184,0.0,18.109689601413614,18.109689601413614,767.7141235352532,4.440892098500626e-15,785.8238131366668,6.585483,753.175426,0.0,759.760909
2026-07-16_ttft_component_regression/phase1/input6000_rate3p33_reuse00_seed3,208,0.0,15.549953537842146,15.549953537842146,767.7141235352532,4.440892098500626e-15,783.2640770730953,11.537992,741.487626,0.0,753.025618
2026-07-16_ttft_component_regression/phase1/input6000_rate3p33_reuse00_seed3,220,0.0,15.538555350379031,15.538555350379031,767.7141235352532,4.440892098500626e-15,783.2526788856322,20.388153,737.975264,0.0,758.363417
2026-07-16_ttft_component_regression/phase1/input6000_rate3p33_reuse00_seed3,233,0.0,15.50658061514961,15.50658061514961,767.7141235352532,4.440892098500626e-15,783.2207041504028,10.299101,737.96141,0.0,748.260511
2026-07-16_ttft_component_regression/phase1/input6000_rate3p33_reuse00_seed3,235,0.0,17.16256727534712,17.16256727534712,767.7141235352532,4.440892098500626e-15,784.8766908106003,7.726486,745.776957,0.0,753.503443
2026-07-16_ttft_component_regression/phase1/input6000_rate3p33_reuse00_seed3,238,0.0,18.030608907815225,18.030608907815225,767.7141235352532,4.440892098500626e-15,785.7447324430684,3.595498,745.360504,0.0,748.956002
2026-07-16_ttft_component_regression/phase1/input6000_rate3p33_reuse00_seed3,293,0.02244526524568577,5.841576416916971,5.864021682162657,767.7141235352532,4.440892098500626e-15,773.5781452174158,1.187807,705.684527,0.0,706.872334
2026-07-16_ttft_component_regression/phase1/input6000_rate3p33_reuse00_seed3,2,0.0,0.1202544124697698,0.1202544124697698,767.7141235352532,4.440892098500626e-15,767.8343779477229,0.133625,676.342498,0.0,676.476123
2026-07-16_ttft_component_regression/phase1/input6000_rate3p33_reuse00_seed3,9,0.019329835108912587,6.570667622645936,6.589997457754849,767.7141235352532,4.440892098500626e-15,774.304120993008,14.315796,694.285612,0.0,708.601408
2026-07-16_ttft_component_regression/phase1/input6000_rate3p33_reuse00_seed3,28,0.0,11.713196643629065,11.713196643629065,767.7141235352532,4.440892098500626e-15,779.4273201788823,16.41331,701.08969,0.0,717.503
2026-07-16_ttft_component_regression/phase1/input6000_rate3p33_reuse00_seed3,37,0.01820848503093583,6.622550195541571,6.640758680572507,767.7141235352532,4.440892098500626e-15,774.3548822158257,15.783269,694.724812,0.0,710.508081
2026-07-16_ttft_component_regression/phase1/input6000_rate3p33_reuse00_seed3,52,0.0,11.488316813957285,11.488316813957285,767.7141235352532,4.440892098500626e-15,779.2024403492105,14.787297,706.20798,0.0,720.995277
2026-07-16_ttft_component_regression/phase1/input6000_rate3p33_reuse00_seed3,40,0.0,11.656306089785067,11.656306089785067,767.7141235352532,4.440892098500626e-15,779.3704296250382,4.936818,699.869946,0.0,704.806764
2026-07-16_ttft_component_regression/phase1/input6000_rate3p33_reuse00_seed3,76,0.0,15.51246336659774,15.51246336659774,767.7141235352532,4.440892098500626e-15,783.226586901851,109.533502,970.827964,0.0,1080.361466
2026-07-16_ttft_component_regression/phase1/input6000_rate3p33_reuse00_seed3,68,0.012844774477180273,10.914394328896938,10.927239103374118,767.7141235352532,4.440892098500626e-15,778.6413626386272,3.965094,711.02123,0.0,714.986324
2026-07-16_ttft_component_regression/phase1/input6000_rate3p33_reuse00_seed3,75,0.040778420912969425,13.074554139658549,13.115332560571519,767.7141235352532,4.440892098500626e-15,780.8294560958248,21.279535,730.675561,0.0,751.955096
2026-07-16_ttft_component_regression/phase1/input6000_rate3p33_reuse00_seed3,80,0.0,17.174506497183337,17.174506497183337,767.7141235352532,4.440892098500626e-15,784.8886300324365,2.532406,729.654786,0.0,732.187192
2026-07-16_ttft_component_regression/phase1/input6000_rate3p33_reuse00_seed3,124,0.0,17.156045030963135,17.156045030963135,767.7141235352532,4.440892098500626e-15,784.8701685662163,292.844667,996.473741,0.0,1289.318408
2026-07-16_ttft_component_regression/phase1/input6000_rate3p33_reuse00_seed3,137,0.0,16.29511796229609,16.29511796229609,767.7141235352532,4.440892098500626e-15,784.0092414975493,23.023031,745.461609,0.0,768.48464
2026-07-16_ttft_component_regression/phase1/input6000_rate3p33_reuse00_seed3,113,0.04805513360525875,12.41577199799767,12.463827131602928,767.7141235352532,4.440892098500626e-15,780.1779506668561,15.672654,718.228146,0.0,733.9008
2026-07-16_ttft_component_regression/phase1/input6000_rate3p33_reuse00_seed3,119,0.0,14.75758482964628,14.75758482964628,767.7141235352532,4.440892098500626e-15,782.4717083648994,20.496324,732.198678,0.0,752.695002
2026-07-16_ttft_component_regression/phase1/input6000_rate3p33_reuse00_seed3,122,0.0,16.30431074493132,16.30431074493132,767.7141235352532,4.440892098500626e-15,784.0184342801845,13.539888,749.464541,0.0,763.004429
2026-07-16_ttft_component_regression/phase1/input6000_rate3p33_reuse00_seed3,162,0.0760390529828183,19.225166188614786,19.301205241597604,767.7141235352532,4.440892098500626e-15,787.0153287768508,3.049855,751.87045,0.0,754.920305
2026-07-16_ttft_component_regression/phase1/input6000_rate3p33_reuse00_seed3,139,0.0,16.30431074493132,16.30431074493132,767.7141235352532,4.440892098500626e-15,784.0184342801845,343.236204,993.331378,0.0,1336.567582
2026-07-16_ttft_component_regression/phase1/input6000_rate3p33_reuse00_seed3,152,0.0,17.174190099931092,17.174190099931092,767.7141235352532,4.440892098500626e-15,784.8883136351843,6.12763,745.603908,0.0,751.731538
2026-07-16_ttft_component_regression/phase1/input6000_rate3p33_reuse00_seed3,169,0.5026071685586493,20.953504099807155,21.456111268365806,767.7141235352532,4.440892098500626e-15,789.170234803619,0.225225,761.145713,0.0,761.370938
2026-07-16_ttft_component_regression/phase1/input6000_rate3p33_reuse00_seed3,172,0.5026071685586493,20.953504099807155,21.456111268365806,767.7141235352532,4.440892098500626e-15,789.170234803619,13.45587,773.597546,0.0,787.053416
2026-07-16_ttft_component_regression/phase1/input6000_rate3p33_reuse00_seed3,209,0.0,18.069925271383806,18.069925271383806,767.7141235352532,4.440892098500626e-15,785.784048806637,22.950209,741.96127,0.0,764.911479
2026-07-16_ttft_component_regression/phase1/input6000_rate3p33_reuse00_seed3,201,0.08238036672939925,19.267528457630572,19.34990882435997,767.7141235352532,4.440892098500626e-15,787.0640323596132,4.579296,758.833026,0.0,763.412322
2026-07-16_ttft_component_regression/phase1/input6000_rate3p33_reuse00_seed3,194,0.07814036964131313,19.239254397368953,19.317394767010267,767.7141235352532,4.440892098500626e-15,787.0315183022634,25.384908,759.56817,0.0,784.953078
2026-07-16_ttft_component_regression/phase1/input6000_rate3p33_reuse00_seed3,222,0.0,18.069925271383806,18.069925271383806,767.7141235352532,4.440892098500626e-15,785.784048806637,2.473101,750.501675,0.0,752.974776
2026-07-16_ttft_component_regression/phase1/input6000_rate3p33_reuse00_seed3,204,0.08309188508867679,19.27225328110811,19.355345166196788,767.7141235352532,4.440892098500626e-15,787.06946870145,15.184661,755.170117,0.0,770.354778
2026-07-16_ttft_component_regression/phase1/input6000_rate3p33_reuse00_seed3,260,0.0,17.166572738905625,17.166572738905625,767.7141235352532,4.440892098500626e-15,784.8806962741588,23.944252,748.637539,0.0,772.581791
2026-07-16_ttft_component_regression/phase1/input6000_rate3p33_reuse00_seed3,240,0.0,15.518315267750632,15.518315267750632,767.7141235352532,4.440892098500626e-15,783.2324388030038,13.192297,739.742734,0.0,752.935031
2026-07-16_ttft_component_regression/phase1/input6000_rate3p33_reuse00_seed3,245,0.0,15.518315267750632,15.518315267750632,767.7141235352532,4.440892098500626e-15,783.2324388030038,11.316501,741.290729,0.0,752.60723
2026-07-16_ttft_component_regression/phase1/input6000_rate3p33_reuse00_seed3,265,0.0407068594382004,13.104746431559507,13.145453290997708,767.7141235352532,4.440892098500626e-15,780.8595768262509,14.396113,735.176389,0.0,749.572502
2026-07-16_ttft_component_regression/phase1/input6000_rate3p33_reuse00_seed3,279,0.04054494276796785,13.158833779843835,13.199378722611803,767.7141235352532,4.440892098500626e-15,780.9135022578649,11.822474,731.517143,0.0,743.339617
2026-07-16_ttft_component_regression/phase1/input6000_rate3p33_reuse00_seed3,22,0.0193887310809813,6.56758255334261,6.5869712844235915,767.7141235352532,4.440892098500626e-15,774.3010948196768,202.347329,927.033461,0.0,1129.38079
2026-07-16_ttft_component_regression/phase1/input6000_rate3p33_reuse00_seed3,20,0.0,0.13025234373431652,0.13025234373431652,767.7141235352532,4.440892098500626e-15,767.8443758789875,0.009898,689.692786,0.0,689.702684
2026-07-16_ttft_component_regression/phase1/input6000_rate3p33_reuse00_seed3,42,0.0,11.757401891577828,11.757401891577828,767.7141235352532,4.440892098500626e-15,779.471525426831,9.067353,700.917466,0.0,709.984819
2026-07-16_ttft_component_regression/phase1/input6000_rate3p33_reuse00_seed3,49,0.0,11.431658137010421,11.431658137010421,767.7141235352532,4.440892098500626e-15,779.1457816722636,0.822455,706.685356,0.0,707.507811
2026-07-16_ttft_component_regression/phase1/input6000_rate3p33_reuse00_seed3,57,0.0,11.436538153249053,11.436538153249053,767.7141235352532,4.440892098500626e-15,779.1506616885023,6.911121,706.213644,0.0,713.124765
2026-07-16_ttft_component_regression/phase1/input6000_rate3p33_reuse00_seed3,65,0.011949274051365016,11.541857213368049,11.553806487419413,767.7141235352532,4.440892098500626e-15,779.2679300226725,233.089281,953.030324,0.0,1186.119605
2026-07-16_ttft_component_regression/phase1/input6000_rate3p33_reuse00_seed3,71,0.04094365643706747,12.909938264234402,12.950881920671469,767.7141235352532,4.440892098500626e-15,780.6650054559246,11.982783,716.321138,0.0,728.303921
2026-07-16_ttft_component_regression/phase1/input6000_rate3p33_reuse00_seed3,63,0.0,11.451959448508932,11.451959448508932,767.7141235352532,4.440892098500626e-15,779.1660829837621,3.765351,718.912143,0.0,722.677494
2026-07-16_ttft_component_regression/phase1/input6000_rate3p33_reuse00_seed3,103,0.04093949640322862,12.891500553448978,12.932440049852207,767.7141235352532,4.440892098500626e-15,780.6465635851054,20.201872,718.14725,0.0,738.349122
2026-07-16_ttft_component_regression/phase1/input6000_rate3p33_reuse00_seed3,115,0.04826545523990802,12.300362192474216,12.348627647714125,767.7141235352532,4.440892098500626e-15,780.0627511829673,10.128447,718.098258,0.0,728.226705
2026-07-16_ttft_component_regression/phase1/input6000_rate3p33_reuse00_seed3,154,0.0,14.708665892578088,14.708665892578088,767.7141235352532,4.440892098500626e-15,782.4227894278313,5.981043,690.972077,0.0,696.95312
2026-07-16_ttft_component_regression/phase1/input6000_rate3p33_reuse00_seed3,144,0.040751361049852525,13.08664297506121,13.127394336111063,767.7141235352532,4.440892098500626e-15,780.8415178713642,19.0548,721.436815,0.0,740.491615
2026-07-16_ttft_component_regression/phase1/input6000_rate3p33_reuse00_seed3,130,0.021138527062441785,10.384660387997625,10.405798915060068,767.7141235352532,4.440892098500626e-15,778.1199224503132,5.872175,711.440142,0.0,717.312317
2026-07-16_ttft_component_regression/phase1/input6000_rate3p33_reuse00_seed3,132,0.04796986958949204,12.444392884276754,12.492362753866246,767.7141235352532,4.440892098500626e-15,780.2064862891194,18.839243,725.91446,0.0,744.753703
2026-07-16_ttft_component_regression/phase1/input6000_rate3p33_reuse00_seed3,135,0.0,14.770761262492213,14.770761262492213,767.7141235352532,4.440892098500626e-15,782.4848847977454,4.258868,731.328151,0.0,735.587019
2026-07-16_ttft_component_regression/phase1/input6000_rate3p33_reuse00_seed3,170,0.0,14.73069667246881,14.73069667246881,767.7141235352532,4.440892098500626e-15,782.4448202077219,22.141362,733.627399,0.0,755.768761
2026-07-16_ttft_component_regression/phase1/input6000_rate3p33_reuse00_seed3,190,0.07118427677681761,19.192423100944644,19.263607377721463,767.7141235352532,4.440892098500626e-15,786.9777309129746,23.587264,753.884388,0.0,777.471652
2026-07-16_ttft_component_regression/phase1/input6000_rate3p33_reuse00_seed3,179,0.0,17.18429056291228,17.18429056291228,767.7141235352532,4.440892098500626e-15,784.8984140981654,15.556174,754.887503,0.0,770.443677
2026-07-16_ttft_component_regression/phase1/input6000_rate3p33_reuse00_seed3,182,0.0,18.08845882293859,18.08845882293859,767.7141235352532,4.440892098500626e-15,785.8025823581918,223.610778,1003.372244,0.0,1226.983022
2026-07-16_ttft_component_regression/phase1/input6000_rate3p33_reuse00_seed3,215,0.012616944728216086,10.903484134177742,10.916101078905958,767.7141235352532,4.440892098500626e-15,778.6302246141591,8.015847,732.641169,0.0,740.657016
2026-07-16_ttft_component_regression/phase1/input6000_rate3p33_reuse00_seed3,223,0.011931620831623021,10.870908070121983,10.882839690953606,767.7141235352532,4.440892098500626e-15,778.5969632262068,5.292966,727.710105,0.0,733.003071
2026-07-16_ttft_component_regression/phase1/input6000_rate3p33_reuse00_seed3,231,0.0409386535449158,12.946731612413496,12.987670265958412,767.7141235352532,4.440892098500626e-15,780.7017938012116,1.112744,733.976976,0.0,735.08972
2026-07-16_ttft_component_regression/phase1/input6000_rate3p33_reuse00_seed3,250,0.040943969266743103,12.92221508813214,12.963159057398883,767.7141235352532,4.440892098500626e-15,780.6772825926521,11.142512,734.104059,0.0,745.246571
2026-07-16_ttft_component_regression/phase1/input6000_rate3p33_reuse00_seed3,254,0.0,15.433547189013218,15.433547189013218,767.7141235352532,4.440892098500626e-15,783.1476707242664,15.123581,743.165595,0.0,758.289176
2026-07-16_ttft_component_regression/phase1/input6000_rate3p33_reuse00_seed3,277,0.0098610132655894,10.774599406755808,10.784460420021396,767.7141235352532,4.440892098500626e-15,778.4985839552746,20.115712,742.35102,0.0,762.466732
2026-07-16_ttft_component_regression/phase1/input6000_rate3p33_reuse00_seed3,268,0.009514060824524153,10.758759284517895,10.768273345342418,767.7141235352532,4.440892098500626e-15,778.4823968805956,17.845637,724.618581,0.0,742.464218
2026-07-16_ttft_component_regression/phase1/input6000_rate3p33_reuse00_seed3,296,0.0,14.677606991223804,14.677606991223804,767.7141235352532,4.440892098500626e-15,782.391730526477,2.598422,733.558906,0.0,736.157328
2026-07-16_ttft_component_regression/phase1/input6000_rate3p33_reuse00_seed3,281,0.04094276085985419,12.903795325053572,12.944738085913427,767.7141235352532,4.440892098500626e-15,780.6588616211666,55.165842,1009.588404,0.0,1064.754246
2026-07-16_ttft_component_regression/phase1/input6000_rate3p33_reuse00_seed3,286,0.0,15.473669822083277,15.473669822083277,767.7141235352532,4.440892098500626e-15,783.1877933573364,18.518233,968.733738,0.0,987.251971
2026-07-16_ttft_component_regression/phase1/input6000_rate3p33_reuse00_seed3,11,0.0,11.719521023213252,11.719521023213252,767.7141235352532,4.440892098500626e-15,779.4336445584664,5.793922,699.581146,0.0,705.375068
2026-07-16_ttft_component_regression/phase1/input6000_rate3p33_reuse00_seed3,7,0.018531392037606963,6.608827757884282,6.627359149921889,767.7141235352532,4.440892098500626e-15,774.341482685175,0.682753,694.17262,0.0,694.855373
2026-07-16_ttft_component_regression/phase1/input6000_rate3p33_reuse00_seed3,3,0.0,0.15268363731950496,0.15268363731950496,767.7141235352532,4.440892098500626e-15,767.8668071725726,0.005305,676.342498,0.0,676.347803
2026-07-16_ttft_component_regression/phase1/input6000_rate3p33_reuse00_seed3,16,0.0,11.457358741655254,11.457358741655254,767.7141235352532,4.440892098500626e-15,779.1714822769085,15.265676,706.193388,0.0,721.459064
2026-07-16_ttft_component_regression/phase1/input6000_rate3p33_reuse00_seed3,24,0.0141373415518521,11.650292929141134,11.664430270692986,767.7141235352532,4.440892098500626e-15,779.3785538059461,0.954484,710.33835,0.0,711.292834
2026-07-16_ttft_component_regression/phase1/input6000_rate3p33_reuse00_seed3,35,0.04288018283495762,13.946234195040315,13.989114377875273,767.7141235352532,4.440892098500626e-15,781.7032379131284,19.557349,718.171954,0.0,737.729303
2026-07-16_ttft_component_regression/phase1/input6000_rate3p33_reuse00_seed3,84,0.0,10.737404256345222,10.737404256345222,767.7141235352532,4.440892098500626e-15,778.4515277915984,74.23194,706.145484,0.0,780.377424
2026-07-16_ttft_component_regression/phase1/input6000_rate3p33_reuse00_seed3,92,0.012844774477180273,10.914394328896938,10.927239103374118,767.7141235352532,4.440892098500626e-15,778.6413626386272,7.4354,710.244206,0.0,717.679606
2026-07-16_ttft_component_regression/phase1/input6000_rate3p33_reuse00_seed3,93,0.040882720955453665,13.013881615158914,13.054764336114367,767.7141235352532,4.440892098500626e-15,780.7688878713675,75.918216,716.728946,0.0,792.647162
2026-07-16_ttft_component_regression/phase1/input6000_rate3p33_reuse00_seed3,81,0.0,10.884427034642842,10.884427034642842,767.7141235352532,4.440892098500626e-15,778.598550569896,18.379627,700.588826,0.0,718.968453
2026-07-16_ttft_component_regression/phase1/input6000_rate3p33_reuse00_seed3,77,0.01595961865381553,6.169407992374109,6.1853676110279245,767.7141235352532,4.440892098500626e-15,773.8994911462811,0.020908,695.898028,0.0,695.918936
2026-07-16_ttft_component_regression/phase1/input6000_rate3p33_reuse00_seed3,98,0.0,15.52703548307328,15.52703548307328,767.7141235352532,4.440892098500626e-15,783.2411590183265,17.854613,731.35332,0.0,749.207933
2026-07-16_ttft_component_regression/phase1/input6000_rate3p33_reuse00_seed3,123,0.0,14.694658976766691,14.694658976766691,767.7141235352532,4.440892098500626e-15,782.4087825120199,19.522084,735.154425,0.0,754.676509
2026-07-16_ttft_component_regression/phase1/input6000_rate3p33_reuse00_seed3,133,0.0,16.271544805769732,16.271544805769732,767.7141235352532,4.440892098500626e-15,783.9856683410229,10.934458,758.909353,0.0,769.843811
2026-07-16_ttft_component_regression/phase1/input6000_rate3p33_reuse00_seed3,143,0.05178700753146355,19.05880472509877,19.110591732630233,767.7141235352532,4.440892098500626e-15,786.8247152678834,5.296569,750.804893,0.0,756.101462
2026-07-16_ttft_component_regression/phase1/input6000_rate3p33_reuse00_seed3,159,0.0,18.036346541689557,18.036346541689557,767.7141235352532,4.440892098500626e-15,785.7504700769427,1.745751,745.111303,0.0,746.857054
2026-07-16_ttft_component_regression/phase1/input6000_rate3p33_reuse00_seed3,134,0.0,17.10465331092712,17.10465331092712,767.7141235352532,4.440892098500626e-15,784.8187768461803,194.454429,1005.70307,0.0,1200.157499
2026-07-16_ttft_component_regression/phase1/input6000_rate3p33_reuse00_seed3,166,0.0,18.036346541689557,18.036346541689557,767.7141235352532,4.440892098500626e-15,785.7504700769427,8.218879,741.601199,0.0,749.820078
2026-07-16_ttft_component_regression/phase1/input6000_rate3p33_reuse00_seed3,177,0.0,15.4272549040717,15.4272549040717,767.7141235352532,4.440892098500626e-15,783.1413784393249,10.857952,737.89499,0.0,748.752942
2026-07-16_ttft_component_regression/phase1/input6000_rate3p33_reuse00_seed3,203,0.011931620831623021,10.870908070121983,10.882839690953606,767.7141235352532,4.440892098500626e-15,778.5969632262068,20.445311,728.889544,0.0,749.334855
2026-07-16_ttft_component_regression/phase1/input6000_rate3p33_reuse00_seed3,218,0.0166092648029939,6.14392614328389,6.160535408086884,767.7141235352532,4.440892098500626e-15,773.87465894334,16.345412,705.469765,0.0,721.815177
2026-07-16_ttft_component_regression/phase1/input6000_rate3p33_reuse00_seed3,232,0.0,10.943793222406393,10.943793222406393,767.7141235352532,4.440892098500626e-15,778.6579167576596,9.573522,716.542335,0.0,726.115857
2026-07-16_ttft_component_regression/phase1/input6000_rate3p33_reuse00_seed3,249,0.04084716922635979,13.038195228860305,13.079042398086665,767.7141235352532,4.440892098500626e-15,780.7931659333399,185.145006,1003.15231,0.0,1188.297316
2026-07-16_ttft_component_regression/phase1/input6000_rate3p33_reuse00_seed3,236,0.0,10.720153433135438,10.720153433135438,767.7141235352532,4.440892098500626e-15,778.4342769683886,14.318985,723.590567,0.0,737.909552
2026-07-16_ttft_component_regression/phase1/input6000_rate3p33_reuse00_seed3,263,0.0,18.04603297343136,18.04603297343136,767.7141235352532,4.440892098500626e-15,785.7601565086845,4.243842,754.577442,0.0,758.821284
2026-07-16_ttft_component_regression/phase1/input6000_rate3p33_reuse00_seed3,253,0.0,15.524136413602593,15.524136413602593,767.7141235352532,4.440892098500626e-15,783.2382599488558,87.628606,972.683967,0.0,1060.312573
2026-07-16_ttft_component_regression/phase1/input6000_rate3p33_reuse00_seed3,259,0.0,17.174506497183337,17.174506497183337,767.7141235352532,4.440892098500626e-15,784.8886300324365,17.583566,750.152652,0.0,767.736218
2026-07-16_ttft_component_regression/phase1/input6000_rate3p33_reuse00_seed3,246,0.013412934840283828,10.94178129990745,10.955194234747735,767.7141235352532,4.440892098500626e-15,778.6693177700009,20.791,737.442208,0.0,758.233208
2026-07-16_ttft_component_regression/phase1/input6000_rate3p33_reuse00_seed3,274,0.0,18.04603297343136,18.04603297343136,767.7141235352532,4.440892098500626e-15,785.7601565086845,21.57518,758.348403,0.0,779.923583
2026-07-16_ttft_component_regression/phase1/input6000_rate3p33_reuse00_seed3,284,0.06301849819667506,19.136726138366395,19.19974463656307,767.7141235352532,4.440892098500626e-15,786.9138681718163,4.354533,755.550021,0.0,759.904554
2026-07-16_ttft_component_regression/phase1/input6000_rate3p33_reuse00_seed3,4,0.0,0.15019602773110124,0.15019602773110124,767.7141235352532,4.440892098500626e-15,767.8643195629843,0.076812,676.342498,0.0,676.41931
2026-07-16_ttft_component_regression/phase1/input6000_rate3p33_reuse00_seed3,15,0.018658131346927304,6.60319100844304,6.621849139789967,767.7141235352532,4.440892098500626e-15,774.3359726750432,14.038586,695.010348,0.0,709.048934
2026-07-16_ttft_component_regression/phase1/input6000_rate3p33_reuse00_seed3,26,0.0,11.716359031125538,11.716359031125538,767.7141235352532,4.440892098500626e-15,779.4304825663787,10.25918,700.60601,0.0,710.86519
2026-07-16_ttft_component_regression/phase1/input6000_rate3p33_reuse00_seed3,38,0.0,11.48023796554561,11.48023796554561,767.7141235352532,4.440892098500626e-15,779.1943615007988,18.840662,707.228908,0.0,726.06957
2026-07-16_ttft_component_regression/phase1/input6000_rate3p33_reuse00_seed3,62,0.018845608267233593,6.5945768509791725,6.613422459246406,767.7141235352532,4.440892098500626e-15,774.3275459944996,6.969351,695.132012,0.0,702.101363
2026-07-16_ttft_component_regression/phase1/input6000_rate3p33_reuse00_seed3,73,0.0,10.964570003696318,10.964570003696318,767.7141235352532,4.440892098500626e-15,778.6786935389495,9.525886,700.334618,0.0,709.860504
2026-07-16_ttft_component_regression/phase1/input6000_rate3p33_reuse00_seed3,94,0.0,10.705720268347356,10.705720268347356,767.7141235352532,4.440892098500626e-15,778.4198438036005,13.893107,707.063116,0.0,720.956223
2026-07-16_ttft_component_regression/phase1/input6000_rate3p33_reuse00_seed3,116,0.0,10.37449383901168,10.37449383901168,767.7141235352532,4.440892098500626e-15,778.0886173742649,9.155691,700.730618,0.0,709.886309
2026-07-16_ttft_component_regression/phase1/input6000_rate3p33_reuse00_seed3,136,0.0,10.132272136271064,10.132272136271064,767.7141235352532,4.440892098500626e-15,777.8463956715242,9.777641,706.599532,0.0,716.377173
2026-07-16_ttft_component_regression/phase1/input6000_rate3p33_reuse00_seed3,129,0.0,10.346247031120908,10.346247031120908,767.7141235352532,4.440892098500626e-15,778.0603705663741,10.105633,700.444506,0.0,710.550139
2026-07-16_ttft_component_regression/phase1/input6000_rate3p33_reuse00_seed3,142,0.017920772085758735,10.239905522620194,10.257826294705954,767.7141235352532,4.440892098500626e-15,777.9719498299592,18.997153,710.561294,0.0,729.558447
2026-07-16_ttft_component_regression/phase1/input6000_rate3p33_reuse00_seed3,151,0.048294008575409636,12.236319638219632,12.28461364679504,767.7141235352532,4.440892098500626e-15,779.9987371820482,5.488219,723.309115,0.0,728.797334
2026-07-16_ttft_component_regression/phase1/input6000_rate3p33_reuse00_seed3,163,0.0,15.46758425301374,15.46758425301374,767.7141235352532,4.440892098500626e-15,783.181707788267,2.00343,731.046716,0.0,733.050146
2026-07-16_ttft_component_regression/phase1/input6000_rate3p33_reuse00_seed3,174,0.04093949640322862,12.891500553448978,12.932440049852207,767.7141235352532,4.440892098500626e-15,780.6465635851054,4.576769,729.601676,0.0,734.178445
2026-07-16_ttft_component_regression/phase1/input6000_rate3p33_reuse00_seed3,175,0.0,15.420930477244635,15.420930477244635,767.7141235352532,4.440892098500626e-15,783.1350540124978,15.301414,736.220052,0.0,751.521466
2026-07-16_ttft_component_regression/phase1/input6000_rate3p33_reuse00_seed3,187,0.0,17.132644218143557,17.132644218143557,767.7141235352532,4.440892098500626e-15,784.8467677533968,15.146525,739.409593,0.0,754.556118
2026-07-16_ttft_component_regression/phase1/input6000_rate3p33_reuse00_seed3,198,0.0409127068212976,12.848378845253137,12.889291552074434,767.7141235352532,4.440892098500626e-15,780.6034150873276,4.582997,727.717347,0.0,732.300344
2026-07-16_ttft_component_regression/phase1/input6000_rate3p33_reuse00_seed3,206,0.0,17.13792389677657,17.13792389677657,767.7141235352532,4.440892098500626e-15,784.8520474320297,20.538412,739.076942,0.0,759.615354
2026-07-16_ttft_component_regression/phase1/input6000_rate3p33_reuse00_seed3,200,0.0,15.439807421889226,15.439807421889226,767.7141235352532,4.440892098500626e-15,783.1539309571424,136.232779,735.474024,0.0,871.706803
2026-07-16_ttft_component_regression/phase1/input6000_rate3p33_reuse00_seed3,217,0.0,17.134762585434736,17.134762585434736,767.7141235352532,4.440892098500626e-15,784.8488861206879,8.599398,737.554828,0.0,746.154226
2026-07-16_ttft_component_regression/phase1/input6000_rate3p33_reuse00_seed3,258,0.012160359871408732,10.881740880287023,10.893901240158431,767.7141235352532,4.440892098500626e-15,778.6080247754116,203.834297,723.135742,0.0,926.970039
2026-07-16_ttft_component_regression/phase1/input6000_rate3p33_reuse00_seed3,241,0.0,10.709248598975035,10.709248598975035,767.7141235352532,4.440892098500626e-15,778.4233721342282,3.267576,728.093874,0.0,731.36145
2026-07-16_ttft_component_regression/phase1/input6000_rate3p33_reuse00_seed3,257,0.0,10.72960541273776,10.72960541273776,767.7141235352532,4.440892098500626e-15,778.443728947991,15.147984,725.88629,0.0,741.034274
2026-07-16_ttft_component_regression/phase1/input6000_rate3p33_reuse00_seed3,266,0.011587976577165064,10.854707724105385,10.86629570068255,767.7141235352532,4.440892098500626e-15,778.5804192359358,0.949539,722.326769,0.0,723.276308
2026-07-16_ttft_component_regression/phase1/input6000_rate3p33_reuse00_seed3,275,0.011817143170432627,10.865501423461307,10.87731856663174,767.7141235352532,4.440892098500626e-15,778.5914421018849,3.213837,718.645242,0.0,721.859079
2026-07-16_ttft_component_regression/phase1/input6000_rate3p33_reuse00_seed3,283,0.040882720955453665,13.013881615158914,13.054764336114367,767.7141235352532,4.440892098500626e-15,780.7688878713675,14.329553,721.033215,0.0,735.362768
2026-07-16_ttft_component_regression/phase1/input6000_rate3p33_reuse00_seed3,6,0.0,0.1327492465035658,0.1327492465035658,767.7141235352532,4.440892098500626e-15,767.8468727817567,0.016416,676.342498,0.0,676.358914
2026-07-16_ttft_component_regression/phase1/input6000_rate3p33_reuse00_seed3,12,0.0,11.492440473162459,11.492440473162459,767.7141235352532,4.440892098500626e-15,779.2065640084156,19.277473,705.311084,0.0,724.588557
2026-07-16_ttft_component_regression/phase1/input6000_rate3p33_reuse00_seed3,14,0.015505966163652338,11.72006887506768,11.735574841231333,767.7141235352532,4.440892098500626e-15,779.4496983764845,17.824327,709.441934,0.0,727.266261
2026-07-16_ttft_component_regression/phase1/input6000_rate3p33_reuse00_seed3,8,0.018403262203836455,6.614379950475702,6.632783212679539,767.7141235352532,4.440892098500626e-15,774.3469067479327,8.213384,693.965612,0.0,702.178996
2026-07-16_ttft_component_regression/phase1/input6000_rate3p33_reuse00_seed3,10,0.0,11.665773097132165,11.665773097132165,767.7141235352532,4.440892098500626e-15,779.3798966323853,7.577394,699.44521,0.0,707.022604
2026-07-16_ttft_component_regression/phase1/input6000_rate3p33_reuse00_seed3,33,0.042907666796577135,13.926825245520881,13.969732912317458,767.7141235352532,4.440892098500626e-15,781.6838564475706,2.924541,718.305202,0.0,721.229743
2026-07-16_ttft_component_regression/phase1/input6000_rate3p33_reuse00_seed3,61,0.0,11.735321962189447,11.735321962189447,767.7141235352532,4.440892098500626e-15,779.4494454974426,18.867589,700.200666,0.0,719.068255
2026-07-16_ttft_component_regression/phase1/input6000_rate3p33_reuse00_seed3,66,0.0,11.450188354953758,11.450188354953758,767.7141235352532,4.440892098500626e-15,779.1643118902069,2.630687,705.98302,0.0,708.613707
2026-07-16_ttft_component_regression/phase1/input6000_rate3p33_reuse00_seed3,72,0.010322858900898325,10.795814473386988,10.806137332287886,767.7141235352532,4.440892098500626e-15,778.5202608675411,17.333389,710.005198,0.0,727.338587
2026-07-16_ttft_component_regression/phase1/input6000_rate3p33_reuse00_seed3,51,0.01584625532075066,11.737664712114048,11.7535109674348,767.7141235352532,4.440892098500626e-15,779.4676345026879,4.764875,711.941358,0.0,716.706233
2026-07-16_ttft_component_regression/phase1/input6000_rate3p33_reuse00_seed3,95,0.012046026732871012,10.876321227548862,10.888367254281734,767.7141235352532,4.440892098500626e-15,778.602490789535,4.889877,710.809134,0.0,715.699011
2026-07-16_ttft_component_regression/phase1/input6000_rate3p33_reuse00_seed3,97,0.04084716922635979,13.038195228860305,13.079042398086665,767.7141235352532,4.440892098500626e-15,780.7931659333399,18.465485,724.623374,0.0,743.088859
2026-07-16_ttft_component_regression/phase1/input6000_rate3p33_reuse00_seed3,106,0.0,16.608326247395418,16.608326247395418,767.7141235352532,4.440892098500626e-15,784.3224497826486,14.802603,734.446545,0.0,749.249148
2026-07-16_ttft_component_regression/phase1/input6000_rate3p33_reuse00_seed3,126,0.0,16.602255213846593,16.602255213846593,767.7141235352532,4.440892098500626e-15,784.3163787490997,293.595993,994.690138,0.0,1288.286131
2026-07-16_ttft_component_regression/phase1/input6000_rate3p33_reuse00_seed3,138,0.04793204117701464,12.45581329146934,12.503745332646355,767.7141235352532,4.440892098500626e-15,780.2178688678995,15.540827,728.702245,0.0,744.243072
2026-07-16_ttft_component_regression/phase1/input6000_rate3p33_reuse00_seed3,125,0.014536851846810108,15.041330634878431,15.05586748672524,767.7141235352532,4.440892098500626e-15,782.7699910219784,18.699813,752.925171,0.0,771.624984
2026-07-16_ttft_component_regression/phase1/input6000_rate3p33_reuse00_seed3,158,0.016300281915427813,15.01973840034172,15.036038682257146,767.7141235352532,4.440892098500626e-15,782.7501622175104,8.276536,737.656704,0.0,745.93324
2026-07-16_ttft_component_regression/phase1/input6000_rate3p33_reuse00_seed3,161,0.0,16.590040734555927,16.590040734555927,767.7141235352532,4.440892098500626e-15,784.3041642698091,19.085423,738.394194,0.0,757.479617
2026-07-16_ttft_component_regression/phase1/input6000_rate3p33_reuse00_seed3,193,0.0,10.702245455385196,10.702245455385196,767.7141235352532,4.440892098500626e-15,778.4163689906384,11.781873,715.748441,0.0,727.530314
2026-07-16_ttft_component_regression/phase1/input6000_rate3p33_reuse00_seed3,197,0.0,10.688883931324762,10.688883931324762,767.7141235352532,4.440892098500626e-15,778.403007466578,4.804382,709.286901,0.0,714.091283
2026-07-16_ttft_component_regression/phase1/input6000_rate3p33_reuse00_seed3,229,0.018403262203836455,6.614379950475702,6.632783212679539,767.7141235352532,4.440892098500626e-15,774.3469067479327,16.752198,705.530349,0.0,722.282547
2026-07-16_ttft_component_regression/phase1/input6000_rate3p33_reuse00_seed3,261,0.0166092648029939,6.14392614328389,6.160535408086884,767.7141235352532,4.440892098500626e-15,773.87465894334,5.14272,701.501848,0.0,706.644568
2026-07-16_ttft_component_regression/phase1/input6000_rate3p33_reuse00_seed3,290,0.0485545608766981,5.874935810951961,5.92349037182866,767.7141235352532,4.440892098500626e-15,773.6376139070818,13.929081,702.060266,0.0,715.989347
2026-07-16_ttft_component_regression/phase1/input6000_rate3p33_reuse00_seed3,292,0.008446572489570231,10.597362086814927,10.605808659304497,767.7141235352532,4.440892098500626e-15,778.3199321945576,102.039183,715.38258,0.0,817.421763
2026-07-16_ttft_component_regression/phase1/input6000_rate3p33_reuse00_seed3,5,0.01944725957718653,6.5644759742362675,6.583923233813454,767.7141235352532,4.440892098500626e-15,774.2980467690667,5.849401,694.021036,0.0,699.870437
2026-07-16_ttft_component_regression/phase1/input6000_rate3p33_reuse00_seed3,0,0.0,0.12525539487696102,0.12525539487696102,767.7141235352532,4.440892098500626e-15,767.8393789301301,0.415971,676.342498,0.0,676.758469
2026-07-16_ttft_component_regression/phase1/input6000_rate3p33_reuse00_seed3,34,0.0,0.11524958579539016,0.11524958579539016,767.7141235352532,4.440892098500626e-15,767.8293731210485,0.005376,676.342498,0.0,676.347874
2026-07-16_ttft_component_regression/phase1/input6000_rate3p33_reuse00_seed3,44,0.0,11.732163272008066,11.732163272008066,767.7141235352532,4.440892098500626e-15,779.4462868072612,10.452769,699.810906,0.0,710.263675
2026-07-16_ttft_component_regression/phase1/input6000_rate3p33_reuse00_seed3,48,0.0,11.444961326443021,11.444961326443021,767.7141235352532,4.440892098500626e-15,779.1590848616962,11.915513,705.682668,0.0,717.598181
2026-07-16_ttft_component_regression/phase1/input6000_rate3p33_reuse00_seed3,36,0.018845608267233593,6.5945768509791725,6.613422459246406,767.7141235352532,4.440892098500626e-15,774.3275459944996,7.110854,693.93438,0.0,701.045234
2026-07-16_ttft_component_regression/phase1/input6000_rate3p33_reuse00_seed3,56,0.011717679647822127,11.530592359167887,11.542310038815708,767.7141235352532,4.440892098500626e-15,779.2564335740689,7.541063,709.962702,0.0,717.503765
2026-07-16_ttft_component_regression/phase1/input6000_rate3p33_reuse00_seed3,59,0.042933814387683226,13.730996155684322,13.773929970072006,767.7141235352532,4.440892098500626e-15,781.4880535053252,21.091508,716.534098,0.0,737.625606
2026-07-16_ttft_component_regression/phase1/input6000_rate3p33_reuse00_seed3,83,0.0,18.31114747682916,18.31114747682916,767.7141235352532,4.440892098500626e-15,786.0252710120824,21.176291,729.918018,0.0,751.094309
2026-07-16_ttft_component_regression/phase1/input6000_rate3p33_reuse00_seed3,74,0.0,15.436681306330662,15.436681306330662,767.7141235352532,4.440892098500626e-15,783.1508048415839,6.108448,723.48545,0.0,729.593898
2026-07-16_ttft_component_regression/phase1/input6000_rate3p33_reuse00_seed3,112,0.0,15.488746314443194,15.488746314443194,767.7141235352532,4.440892098500626e-15,783.2028698496964,5.073345,731.611696,0.0,736.685041
2026-07-16_ttft_component_regression/phase1/input6000_rate3p33_reuse00_seed3,91,0.0,17.999118291477057,17.999118291477057,767.7141235352532,4.440892098500626e-15,785.7132418267303,3.500156,735.271477,0.0,738.771633
2026-07-16_ttft_component_regression/phase1/input6000_rate3p33_reuse00_seed3,120,0.0,16.2763353376372,16.2763353376372,767.7141235352532,4.440892098500626e-15,783.9904588728904,2.960264,739.581465,0.0,742.541729
2026-07-16_ttft_component_regression/phase1/input6000_rate3p33_reuse00_seed3,148,0.043681009242032845,10.523469784755402,10.567150793997435,767.7141235352532,4.440892098500626e-15,778.2812743292507,8.966438,740.897723,0.0,749.864161
2026-07-16_ttft_component_regression/phase1/input6000_rate3p33_reuse00_seed3,157,0.07273240877454107,12.52489015100006,12.597622559774601,767.7141235352532,4.440892098500626e-15,780.3117460950277,8.631084,729.780294,0.0,738.411378
2026-07-16_ttft_component_regression/phase1/input6000_rate3p33_reuse00_seed3,150,0.04815235949543262,12.375541358728935,12.423693718224367,767.7141235352532,4.440892098500626e-15,780.1378172534776,31.65174,982.284991,0.0,1013.936731
2026-07-16_ttft_component_regression/phase1/input6000_rate3p33_reuse00_seed3,164,0.0,14.691835496165986,14.691835496165986,767.7141235352532,4.440892098500626e-15,782.4059590314191,20.667711,734.793935,0.0,755.461646
2026-07-16_ttft_component_regression/phase1/input6000_rate3p33_reuse00_seed3,180,0.012758073171765786,11.581510377641555,11.59426845081332,767.7141235352532,4.440892098500626e-15,779.3083919860665,15.024195,730.107182,0.0,745.131377
2026-07-16_ttft_component_regression/phase1/input6000_rate3p33_reuse00_seed3,183,0.042967457993166244,13.776948364975329,13.819915822968495,767.7141235352532,4.440892098500626e-15,781.5340393582217,6.965235,730.134646,0.0,737.099881
2026-07-16_ttft_component_regression/phase1/input6000_rate3p33_reuse00_seed3,191,0.0,17.145226935685205,17.145226935685205,767.7141235352532,4.440892098500626e-15,784.8593504709384,188.415318,738.2342,0.0,926.649518
2026-07-16_ttft_component_regression/phase1/input6000_rate3p33_reuse00_seed3,196,0.0,17.986641538832917,17.986641538832917,767.7141235352532,4.440892098500626e-15,785.7007650740861,4.250424,752.950474,0.0,757.200898
2026-07-16_ttft_component_regression/phase1/input6000_rate3p33_reuse00_seed3,186,0.0,16.526251697456527,16.526251697456527,767.7141235352532,4.440892098500626e-15,784.2403752327097,20.910027,729.84197,0.0,750.751997
2026-07-16_ttft_component_regression/phase1/input6000_rate3p33_reuse00_seed3,212,0.0,18.320025022222783,18.320025022222783,767.7141235352532,4.440892098500626e-15,786.034148557476,10.231892,751.760572,0.0,761.992464
2026-07-16_ttft_component_regression/phase1/input6000_rate3p33_reuse00_seed3,214,0.04740525232843895,20.308077069178328,20.355482321506766,767.7141235352532,4.440892098500626e-15,788.06960585676,365.126207,1018.132285,0.0,1383.258492
2026-07-16_ttft_component_regression/phase1/input6000_rate3p33_reuse00_seed3,227,0.0423536510227067,20.269850047422633,20.31220369844534,767.7141235352532,4.440892098500626e-15,788.0263272336986,10.640453,766.511597,0.0,777.15205
2026-07-16_ttft_component_regression/phase1/input6000_rate3p33_reuse00_seed3,213,0.0,19.243597114872884,19.243597114872884,767.7141235352532,4.440892098500626e-15,786.957720650126,270.043628,1025.428742,0.0,1295.47237
2026-07-16_ttft_component_regression/phase1/input6000_rate3p33_reuse00_seed3,243,0.0,18.334167511116444,18.334167511116444,767.7141235352532,4.440892098500626e-15,786.0482910463696,22.584769,739.717421,0.0,762.30219
2026-07-16_ttft_component_regression/phase1/input6000_rate3p33_reuse00_seed3,276,0.0,10.720153433135438,10.720153433135438,767.7141235352532,4.440892098500626e-15,778.4342769683886,16.685663,723.706213,0.0,740.391876
2026-07-16_ttft_component_regression/phase1/input6000_rate3p33_reuse00_seed3,285,0.0205684907224365,10.358461206437797,10.379029697160233,767.7141235352532,4.440892098500626e-15,778.0931532324134,10.481972,730.500944,0.0,740.982916
2026-07-16_ttft_component_regression/phase1/input6000_rate3p33_reuse00_seed3,291,0.04554825002570074,10.608708767826593,10.654257017852295,767.7141235352532,4.440892098500626e-15,778.3683805531055,19.600874,725.592823,0.0,745.193697
2026-07-16_ttft_component_regression/phase1/input6000_rate3p33_reuse00_seed3,18,0.0,0.11775246782585364,0.11775246782585364,767.7141235352532,4.440892098500626e-15,767.8318760030791,0.016495,676.342498,0.0,676.358993
2026-07-16_ttft_component_regression/phase1/input6000_rate3p33_reuse00_seed3,39,0.018907393024981296,6.591662946500785,6.610570339525766,767.7141235352532,4.440892098500626e-15,774.324693874779,2.911416,695.463756,0.0,698.375172
2026-07-16_ttft_component_regression/phase1/input6000_rate3p33_reuse00_seed3,55,0.018076928508405025,6.627892003120877,6.645968931629282,767.7141235352532,4.440892098500626e-15,774.3600924668824,15.056213,694.627628,0.0,709.683841
2026-07-16_ttft_component_regression/phase1/input6000_rate3p33_reuse00_seed3,99,0.0,15.564031339463613,15.564031339463613,767.7141235352532,4.440892098500626e-15,783.2781548747168,0.113592,723.264586,0.0,723.378178
2026-07-16_ttft_component_regression/phase1/input6000_rate3p33_reuse00_seed3,90,0.04043638059718346,226.75492971266132,226.7953660932585,767.7141235352532,4.440892098500626e-15,994.5094896285117,1225.489626,940.189661,0.0,2165.679287
2026-07-16_ttft_component_regression/phase1/input6000_rate3p33_reuse00_seed3,85,0.0,11.656306089785067,11.656306089785067,767.7141235352532,4.440892098500626e-15,779.3704296250382,5.827818,714.561126,0.0,720.388944
2026-07-16_ttft_component_regression/phase1/input6000_rate3p33_reuse00_seed3,87,0.0,11.520602980346476,11.520602980346476,767.7141235352532,4.440892098500626e-15,779.2347265155996,370.080388,978.258015,0.0,1348.338403
2026-07-16_ttft_component_regression/phase1/input6000_rate3p33_reuse00_seed3,89,0.015551528405932694,11.047272844530335,11.062824372936268,767.7141235352532,4.440892098500626e-15,778.7769479081894,609.033968,989.313991,0.0,1598.347959
2026-07-16_ttft_component_regression/phase1/input6000_rate3p33_reuse00_seed3,155,0.021932748029150663,10.421587602336938,10.44352035036609,767.7141235352532,4.440892098500626e-15,778.1576438856192,1.750671,712.470862,0.0,714.221533
2026-07-16_ttft_component_regression/phase1/input6000_rate3p33_reuse00_seed3,171,0.0,10.920027679597082,10.920027679597082,767.7141235352532,4.440892098500626e-15,778.6341512148502,11.399288,699.877466,0.0,711.276754
2026-07-16_ttft_component_regression/phase1/input6000_rate3p33_reuse00_seed3,176,0.0,10.71646530722497,10.71646530722497,767.7141235352532,4.440892098500626e-15,778.4305888424782,12.736944,719.005623,0.0,731.742567
2026-07-16_ttft_component_regression/phase1/input6000_rate3p33_reuse00_seed3,168,0.02339896830541087,5.8097344013300996,5.833133369635511,767.7141235352532,4.440892098500626e-15,773.5472569048887,8.663661,694.46574,0.0,703.129401
2026-07-16_ttft_component_regression/phase1/input6000_rate3p33_reuse00_seed3,192,0.0,15.470630975697748,15.470630975697748,767.7141235352532,4.440892098500626e-15,783.1847545109509,157.730481,727.031694,0.0,884.762175
2026-07-16_ttft_component_regression/phase1/input6000_rate3p33_reuse00_seed3,181,0.013793454469820627,11.633003048144296,11.646796502614118,767.7141235352532,4.440892098500626e-15,779.3609200378673,6.586482,727.258385,0.0,733.844867
2026-07-16_ttft_component_regression/phase1/input6000_rate3p33_reuse00_seed3,188,0.04090403252092706,12.995608884240102,13.03651291676103,767.7141235352532,4.440892098500626e-15,780.7506364520142,9.042052,728.282115,0.0,737.324167
2026-07-16_ttft_component_regression/phase1/input6000_rate3p33_reuse00_seed3,207,0.0,18.318922901524747,18.318922901524747,767.7141235352532,4.440892098500626e-15,786.0330464367779,19.153168,743.874089,0.0,763.027257
2026-07-16_ttft_component_regression/phase1/input6000_rate3p33_reuse00_seed3,219,0.0,18.307781680948125,18.307781680948125,767.7141235352532,4.440892098500626e-15,786.0219052162013,10.324683,744.686533,0.0,755.011216
2026-07-16_ttft_component_regression/phase1/input6000_rate3p33_reuse00_seed3,228,0.0,19.211021954738364,19.211021954738364,767.7141235352532,4.440892098500626e-15,786.9251454899916,1.569386,745.549426,0.0,747.118812
2026-07-16_ttft_component_regression/phase1/input6000_rate3p33_reuse00_seed3,226,0.0,18.318922901524747,18.318922901524747,767.7141235352532,4.440892098500626e-15,786.0330464367779,1.221122,745.496355,0.0,746.717477
2026-07-16_ttft_component_regression/phase1/input6000_rate3p33_reuse00_seed3,247,0.0,16.529512300997943,16.529512300997943,767.7141235352532,4.440892098500626e-15,784.2436358362511,175.558877,735.620166,0.0,911.179043
2026-07-16_ttft_component_regression/phase1/input6000_rate3p33_reuse00_seed3,244,0.042976586051428844,13.829282634893495,13.872259220944924,767.7141235352532,4.440892098500626e-15,781.5863827561981,19.300891,731.677997,0.0,750.978888
2026-07-16_ttft_component_regression/phase1/input6000_rate3p33_reuse00_seed3,298,0.005838472763694185,10.516964676524163,10.522803149287856,767.7141235352532,4.440892098500626e-15,778.236926684541,16.040211,704.793345,0.0,720.833556
2026-07-16_ttft_component_regression/phase1/input6000_rate3p33_reuse00_seed3,1,0.0,0.11524958579539016,0.11524958579539016,767.7141235352532,4.440892098500626e-15,767.8293731210485,2.176096,676.342498,0.0,678.518594
2026-07-16_ttft_component_regression/phase1/input6000_rate3p33_reuse00_seed3,31,0.0,11.729003744507132,11.729003744507132,767.7141235352532,4.440892098500626e-15,779.4431272797603,363.112872,939.500612,0.0,1302.613484
2026-07-16_ttft_component_regression/phase1/input6000_rate3p33_reuse00_seed3,30,0.01872097601055423,6.600340854698473,6.619061830709027,767.7141235352532,4.440892098500626e-15,774.3331853659622,2.45156,707.629263,0.0,710.080823
2026-07-16_ttft_component_regression/phase1/input6000_rate3p33_reuse00_seed3,21,0.01878346878988004,6.597469478004011,6.616252946793891,767.7141235352532,4.440892098500626e-15,774.3303764820471,8.641833,695.524972,0.0,704.166805
2026-07-16_ttft_component_regression/phase1/input6000_rate3p33_reuse00_seed3,54,0.0,16.586776966297723,16.586776966297723,767.7141235352532,4.440892098500626e-15,784.3009005015509,313.322144,998.723283,0.0,1312.045427
2026-07-16_ttft_component_regression/phase1/input6000_rate3p33_reuse00_seed3,43,0.0,11.470456650946518,11.470456650946518,767.7141235352532,4.440892098500626e-15,779.1845801861997,2.61699,719.612207,0.0,722.229197
2026-07-16_ttft_component_regression/phase1/input6000_rate3p33_reuse00_seed3,45,0.014823092976561708,11.68505851561739,11.699881608593952,767.7141235352532,4.440892098500626e-15,779.4140051438471,252.661411,953.836084,0.0,1206.497495
2026-07-16_ttft_component_regression/phase1/input6000_rate3p33_reuse00_seed3,53,0.04279800452296885,13.991382408448166,14.034180412971134,767.7141235352532,4.440892098500626e-15,781.7483039482244,8.102043,730.147049,0.0,738.249092
2026-07-16_ttft_component_regression/phase1/input6000_rate3p33_reuse00_seed3,58,0.0,18.353237264264543,18.353237264264543,767.7141235352532,4.440892098500626e-15,786.0673607995177,58.820282,969.371842,0.0,1028.192124
2026-07-16_ttft_component_regression/phase1/input6000_rate3p33_reuse00_seed3,86,0.0,18.375881944197104,18.375881944197104,767.7141235352532,4.440892098500626e-15,786.0900054794503,17.129582,730.065154,0.0,747.194736
2026-07-16_ttft_component_regression/phase1/input6000_rate3p33_reuse00_seed3,111,0.4722043496739064,22.249197065908014,22.72140141558192,767.7141235352532,4.440892098500626e-15,790.4355249508351,307.70007,1036.262452,0.0,1343.962522
2026-07-16_ttft_component_regression/phase1/input6000_rate3p33_reuse00_seed3,105,0.0,19.316525348849098,19.316525348849098,767.7141235352532,4.440892098500626e-15,787.0306488841022,12.420576,747.125116,0.0,759.545692
2026-07-16_ttft_component_regression/phase1/input6000_rate3p33_reuse00_seed3,78,0.0,18.071958193159144,18.071958193159144,767.7141235352532,4.440892098500626e-15,785.7860817284123,9.968485,735.724405,0.0,745.69289
2026-07-16_ttft_component_regression/phase1/input6000_rate3p33_reuse00_seed3,109,0.06984344223818181,20.473758549816836,20.543601992055017,767.7141235352532,4.440892098500626e-15,788.2577255273081,153.757945,761.013522,0.0,914.771467
2026-07-16_ttft_component_regression/phase1/input6000_rate3p33_reuse00_seed3,128,0.4823503016053687,19.779031772093614,20.261382073698982,767.7141235352532,4.440892098500626e-15,787.9755056089522,7.34435,775.201154,0.0,782.545504
2026-07-16_ttft_component_regression/phase1/input6000_rate3p33_reuse00_seed3,102,0.0,18.372830392411476,18.372830392411476,767.7141235352532,4.440892098500626e-15,786.0869539276647,16.721674,735.511456,0.0,752.23313
2026-07-16_ttft_component_regression/phase1/input6000_rate3p33_reuse00_seed3,146,0.08259558246168086,18.400750625126662,18.483346207588344,767.7141235352532,4.440892098500626e-15,786.1974697428416,17.44196,759.261422,0.0,776.703382
2026-07-16_ttft_component_regression/phase1/input6000_rate3p33_reuse00_seed3,173,0.0,10.13560268190381,10.13560268190381,767.7141235352532,4.440892098500626e-15,777.849726217157,14.358617,717.742034,0.0,732.100651
2026-07-16_ttft_component_regression/phase1/input6000_rate3p33_reuse00_seed3,178,0.0,10.925968980998057,10.925968980998057,767.7141235352532,4.440892098500626e-15,778.6400925162512,12.182357,716.719057,0.0,728.901414
2026-07-16_ttft_component_regression/phase1/input6000_rate3p33_reuse00_seed3,199,0.0,10.881466618514013,10.881466618514013,767.7141235352532,4.440892098500626e-15,778.5955901537671,5.359521,716.095273,0.0,721.454794
2026-07-16_ttft_component_regression/phase1/input6000_rate3p33_reuse00_seed3,211,0.016298722938929793,11.761218815495072,11.777517538434001,767.7141235352532,4.440892098500626e-15,779.4916410736872,213.206134,974.031533,0.0,1187.237667
2026-07-16_ttft_component_regression/phase1/input6000_rate3p33_reuse00_seed3,210,0.0,11.513895879628993,11.513895879628993,767.7141235352532,4.440892098500626e-15,779.2280194148822,16.194957,733.574872,0.0,749.769829
2026-07-16_ttft_component_regression/phase1/input6000_rate3p33_reuse00_seed3,216,0.04259751497937959,14.068295747034398,14.110893262013777,767.7141235352532,4.440892098500626e-15,781.8250167972669,22.16202,729.207541,0.0,751.369561
2026-07-16_ttft_component_regression/phase1/input6000_rate3p33_reuse00_seed3,225,0.0,16.664830014894385,16.664830014894385,767.7141235352532,4.440892098500626e-15,784.3789535501476,16.378835,733.89508,0.0,750.273915
2026-07-16_ttft_component_regression/phase1/input6000_rate3p33_reuse00_seed3,251,0.0,18.35636437971776,18.35636437971776,767.7141235352532,4.440892098500626e-15,786.070487914971,20.635206,741.857527,0.0,762.492733
2026-07-16_ttft_component_regression/phase1/input6000_rate3p33_reuse00_seed3,237,0.0,16.65023900136105,16.65023900136105,767.7141235352532,4.440892098500626e-15,784.3643625366142,18.060041,735.728341,0.0,753.788382
2026-07-16_ttft_component_regression/phase1/input6000_rate3p33_reuse00_seed3,255,0.0,19.28847617064014,19.28847617064014,767.7141235352532,4.440892098500626e-15,787.0025997058933,17.258098,757.236305,0.0,774.494403
2026-07-16_ttft_component_regression/phase1/input6000_rate3p33_reuse00_seed3,248,0.0,16.63842379829414,16.63842379829414,767.7141235352532,4.440892098500626e-15,784.3525473335474,0.377206,734.949029,0.0,735.326235
2026-07-16_ttft_component_regression/phase1/input6000_rate3p33_reuse00_seed3,282,0.06316034885309749,18.105022071965294,18.168182420818393,767.7141235352532,4.440892098500626e-15,785.8823059560716,71.020129,1033.014063,0.0,1104.034192
2026-07-16_ttft_component_regression/phase1/input6000_rate3p33_reuse00_seed3,288,0.45624609628739005,19.68877164820436,20.14501774449175,767.7141235352532,4.440892098500626e-15,787.8591412797449,90.758227,1025.449421,0.0,1116.207648
2026-07-16_ttft_component_regression/phase1/input6000_rate3p33_reuse00_seed3,280,0.06782728275957603,18.13556823777508,18.203395520534656,767.7141235352532,4.440892098500626e-15,785.9175190557878,22.86208,754.590409,0.0,777.452489
2026-07-16_ttft_component_regression/phase1/input6000_rate3p33_reuse00_seed3,294,0.4485476045173679,19.661452829626242,20.11000043414361,767.7141235352532,4.440892098500626e-15,787.8241239693967,12.632271,768.884495,0.0,781.516766
2026-07-16_ttft_component_regression/phase1/input6000_rate3p33_reuse00_seed3,264,0.07052731049563768,20.478706447183736,20.549233757679374,767.7141235352532,4.440892098500626e-15,788.2633572929326,23.13333,755.410986,0.0,778.544316
2026-07-16_ttft_component_regression/phase1/input6000_rate3p33_reuse00_seed3,17,0.018531392037606963,6.608827757884282,6.627359149921889,767.7141235352532,4.440892098500626e-15,774.341482685175,13.845823,694.40478,0.0,708.250603
2026-07-16_ttft_component_regression/phase1/input6000_rate3p33_reuse00_seed3,13,0.0,0.15019602773110124,0.15019602773110124,767.7141235352532,4.440892098500626e-15,767.8643195629843,0.001081,676.342498,0.0,676.343579
2026-07-16_ttft_component_regression/phase1/input6000_rate3p33_reuse00_seed3,19,0.0,11.672089600154607,11.672089600154607,767.7141235352532,4.440892098500626e-15,779.3862131354078,33.898149,699.666458,0.0,733.564607
2026-07-16_ttft_component_regression/phase1/input6000_rate3p33_reuse00_seed3,32,0.015505966163652338,11.72006887506768,11.735574841231333,767.7141235352532,4.440892098500626e-15,779.4496983764845,16.938145,710.36491,0.0,727.303055
2026-07-16_ttft_component_regression/phase1/input6000_rate3p33_reuse00_seed3,29,0.0,11.502994253443829,11.502994253443829,767.7141235352532,4.440892098500626e-15,779.217117788697,6.689277,705.857452,0.0,712.546729
2026-07-16_ttft_component_regression/phase1/input6000_rate3p33_reuse00_seed3,60,0.0,19.3077697217842,19.3077697217842,767.7141235352532,4.440892098500626e-15,787.0218932570374,4.909606,735.382101,0.0,740.291707
2026-07-16_ttft_component_regression/phase1/input6000_rate3p33_reuse00_seed3,47,0.0,16.626481115633183,16.626481115633183,767.7141235352532,4.440892098500626e-15,784.3406046508863,347.985767,999.804563,0.0,1347.79033
2026-07-16_ttft_component_regression/phase1/input6000_rate3p33_reuse00_seed3,64,0.06984344223818181,20.473758549816836,20.543601992055017,767.7141235352532,4.440892098500626e-15,788.2577255273081,13.231661,743.783256,0.0,757.014917
2026-07-16_ttft_component_regression/phase1/input6000_rate3p33_reuse00_seed3,46,0.04272368702512425,14.023506373552701,14.066230060577825,767.7141235352532,4.440892098500626e-15,781.780353595831,5.126641,731.006729,0.0,736.13337
2026-07-16_ttft_component_regression/phase1/input6000_rate3p33_reuse00_seed3,88,0.4656647330200223,22.224036913167982,22.689701646188006,767.7141235352532,4.440892098500626e-15,790.4038251814412,17.023714,770.503361,0.0,787.527075
2026-07-16_ttft_component_regression/phase1/input6000_rate3p33_reuse00_seed3,82,0.06576907753347967,20.44415796790536,20.509927045438843,767.7141235352532,4.440892098500626e-15,788.224050580692,14.007821,751.41027,0.0,765.418091
2026-07-16_ttft_component_regression/phase1/input6000_rate3p33_reuse00_seed3,50,0.0,18.366695034858466,18.366695034858466,767.7141235352532,4.440892098500626e-15,786.0808185701117,439.096521,970.394338,0.0,1409.490859
2026-07-16_ttft_component_regression/phase1/input6000_rate3p33_reuse00_seed3,67,0.4894066579032249,22.314166963500664,22.80357362140389,767.7141235352532,4.440892098500626e-15,790.517697156657,9.886235,751.36921,0.0,761.255445
2026-07-16_ttft_component_regression/phase1/input6000_rate3p33_reuse00_seed3,107,0.0,19.247547344933768,19.247547344933768,767.7141235352532,4.440892098500626e-15,786.961670880187,13.351388,756.492001,0.0,769.843389
2026-07-16_ttft_component_regression/phase1/input6000_rate3p33_reuse00_seed3,108,0.05711033353690193,20.380546889846354,20.437657223383255,767.7141235352532,4.440892098500626e-15,788.1517807586364,152.712262,1030.590414,0.0,1183.302676
2026-07-16_ttft_component_regression/phase1/input6000_rate3p33_reuse00_seed3,114,0.4654131903563603,20.822553883238843,21.287967073595205,767.7141235352532,4.440892098500626e-15,789.0020906088483,12.066148,765.56523,0.0,777.631378
2026-07-16_ttft_component_regression/phase1/input6000_rate3p33_reuse00_seed3,131,2993.0068713606297,22.07595220959349,3015.0828235702234,767.7141235352532,0.6225679987148514,3783.4195151041913,1619.040711,764.363405,0.619393,2384.023509
2026-07-16_ttft_component_regression/phase1/input6000_rate3p33_reuse00_seed3,141,562.1375424309967,21.68544672173474,583.8229891527315,767.7141235352532,4.440892098500626e-15,1351.5371126879845,505.031394,761.046024,0.0,1266.077418
2026-07-16_ttft_component_regression/phase1/input6000_rate3p33_reuse00_seed3,165,0.0,16.286736526987685,16.286736526987685,767.7141235352532,4.440892098500626e-15,784.0008600622409,20.498126,738.17616,0.0,758.674286
2026-07-16_ttft_component_regression/phase1/input6000_rate3p33_reuse00_seed3,160,0.48367344441341276,19.783510465940054,20.267183910353467,767.7141235352532,4.440892098500626e-15,787.9813074456066,0.370064,759.093556,0.0,759.46362
2026-07-16_ttft_component_regression/phase1/input6000_rate3p33_reuse00_seed3,156,0.49432028195780164,19.819215337314784,20.313535619272585,767.7141235352532,4.440892098500626e-15,788.0276591545257,4.052736,760.52161,0.0,764.574346
2026-07-16_ttft_component_regression/phase1/input6000_rate3p33_reuse00_seed3,202,0.0,15.50658061514961,15.50658061514961,767.7141235352532,4.440892098500626e-15,783.2207041504028,5.999934,740.778445,0.0,746.778379
2026-07-16_ttft_component_regression/phase1/input6000_rate3p33_reuse00_seed3,189,0.0,17.187199331639807,17.187199331639807,767.7141235352532,4.440892098500626e-15,784.901322866893,5.166186,752.739899,0.0,757.906085
2026-07-16_ttft_component_regression/phase1/input6000_rate3p33_reuse00_seed3,221,0.0,11.47825344765984,11.47825344765984,767.7141235352532,4.440892098500626e-15,779.1923769829131,17.156044,722.388305,0.0,739.544349
2026-07-16_ttft_component_regression/phase1/input6000_rate3p33_reuse00_seed3,205,0.0,17.17647467685018,17.17647467685018,767.7141235352532,4.440892098500626e-15,784.8905982121033,12.702041,743.708839,0.0,756.41088
2026-07-16_ttft_component_regression/phase1/input6000_rate3p33_reuse00_seed3,224,0.014251824099286084,11.656070042705265,11.670321866804551,767.7141235352532,4.440892098500626e-15,779.3844454020577,20.957398,729.290106,0.0,750.247504
2026-07-16_ttft_component_regression/phase1/input6000_rate3p33_reuse00_seed3,242,0.0,19.27592031640969,19.27592031640969,767.7141235352532,4.440892098500626e-15,786.9900438516629,200.426028,1020.096227,0.0,1220.522255
2026-07-16_ttft_component_regression/phase1/input6000_rate3p33_reuse00_seed3,234,0.0,16.586776966297723,16.586776966297723,767.7141235352532,4.440892098500626e-15,784.3009005015509,6.793554,730.665342,0.0,737.458896
2026-07-16_ttft_component_regression/phase1/input6000_rate3p33_reuse00_seed3,256,0.4617613537298505,22.2088969287063,22.67065828243615,767.7141235352532,4.440892098500626e-15,790.3847818176894,32.272757,761.72633,0.0,793.999087
2026-07-16_ttft_component_regression/phase1/input6000_rate3p33_reuse00_seed3,230,0.042859289998901214,13.959153884719504,14.002013174718405,767.7141235352532,4.440892098500626e-15,781.7161367099716,9.075249,729.367431,0.0,738.44268
2026-07-16_ttft_component_regression/phase1/input6000_rate3p33_reuse00_seed3,252,0.06241146759575064,20.41960623077477,20.482017698370523,767.7141235352532,4.440892098500626e-15,788.1961412336237,6.791575,761.656211,0.0,768.447786
2026-07-16_ttft_component_regression/phase1/input6000_rate3p33_reuse00_seed3,239,0.0,18.353237264264543,18.353237264264543,767.7141235352532,4.440892098500626e-15,786.0673607995177,10.857354,751.378673,0.0,762.236027
2026-07-16_ttft_component_regression/phase1/input6000_rate3p33_reuse00_seed3,271,0.4735173761961896,22.254217919879206,22.727735296075394,767.7141235352532,4.440892098500626e-15,790.4418588313285,18.047873,768.306816,0.0,786.354689
2026-07-16_ttft_component_regression/phase1/input6000_rate3p33_reuse00_seed3,297,2150.2643073884765,22.074667533897667,2172.3389749223743,767.7141235352532,4.440892098500626e-15,2940.0530984576276,1148.162341,761.404518,0.0,1909.566859
2026-07-16_ttft_component_regression/phase1/input6000_rate3p33_reuse00_seed3,267,0.47878651307482056,22.27426332560977,22.75304983868459,767.7141235352532,4.440892098500626e-15,790.4671733739377,23.176049,771.351921,0.0,794.52797
2026-07-16_ttft_component_regression/phase1/input6000_rate3p33_reuse00_seed3,289,2864.1248848347755,22.073369975722255,2886.198254810498,767.7141235352532,4.440892098500626e-15,3653.912378345751,1701.6919790000002,762.926182,0.0,2464.618161
2026-07-16_ttft_component_regression/phase1/input6000_rate3p33_reuse00_seed3,299,5151.589618400545,22.073369975722255,5173.662988376267,767.7141235352532,4.440892098500626e-15,5941.37711191152,2757.272908,760.400105,0.0,3517.673013
2026-07-16_ttft_component_regression/phase1/input6000_rate3p33_reuse00_seed3,295,2799.98419829618,22.028561453178522,2822.0127597493583,767.7141235352532,0.6225679987148514,3590.3494512833263,6507.2015679999995,761.064377,0.619393,7268.885338
2026-07-16_ttft_component_regression/phase1/input6000_rate3p33_reuse00_seed3,27,0.0,11.681570364697075,11.681570364697075,767.7141235352532,4.440892098500626e-15,779.3956938999503,13.552238,699.52073,0.0,713.072968
2026-07-16_ttft_component_regression/phase1/input6000_rate3p33_reuse00_seed3,23,0.0,0.15019602773110124,0.15019602773110124,767.7141235352532,4.440892098500626e-15,767.8643195629843,0.018288,676.342498,0.0,676.360786
2026-07-16_ttft_component_regression/phase1/input6000_rate3p33_reuse00_seed3,25,0.01787706446929775,6.635747776168931,6.653624840638229,767.7141235352532,4.440892098500626e-15,774.3677483758914,48.149409,693.93438,0.0,742.083789
2026-07-16_ttft_component_regression/phase1/input6000_rate3p33_reuse00_seed3,41,0.0,11.474326761023846,11.474326761023846,767.7141235352532,4.440892098500626e-15,779.188450296277,11.054843,706.461836,0.0,717.516679
2026-07-16_ttft_component_regression/phase1/input6000_rate3p33_reuse00_seed3,70,1.1796564085012606,22.85677406956811,24.03643047806937,767.7141235352532,0.6225679987148514,792.3731220120375,332.097489,955.115252,0.619393,1287.832134
2026-07-16_ttft_component_regression/phase1/input6000_rate3p33_reuse00_seed3,69,0.0,10.718302735594959,10.718302735594959,767.7141235352532,4.440892098500626e-15,778.4324262708482,4.508344,720.713935,0.0,725.222279
2026-07-16_ttft_component_regression/phase1/input6000_rate3p33_reuse00_seed3,96,0.0,10.692143396713885,10.692143396713885,767.7141235352532,4.440892098500626e-15,778.406266931967,8.065593,706.05806,0.0,714.123653
2026-07-16_ttft_component_regression/phase1/input6000_rate3p33_reuse00_seed3,100,1.1393753092829182,22.829563757028897,23.968939066311815,767.7141235352532,0.6225679987148514,792.3056306002799,13.351379,723.2526,0.619393,737.223372
2026-07-16_ttft_component_regression/phase1/input6000_rate3p33_reuse00_seed3,79,0.04087459961013891,13.019965444756478,13.060840044366616,767.7141235352532,4.440892098500626e-15,780.7749635796198,22.332667,718.160114,0.0,740.492781
2026-07-16_ttft_component_regression/phase1/input6000_rate3p33_reuse00_seed3,104,0.0,16.50651077792933,16.50651077792933,767.7141235352532,4.440892098500626e-15,784.2206343131825,10.835335,722.843114,0.0,733.678449
2026-07-16_ttft_component_regression/phase1/input6000_rate3p33_reuse00_seed3,121,1.1564947043562799,21.666974589226797,22.823469293583077,767.7141235352532,0.6225679987148514,791.1601608275512,23.383774,771.926311,0.619393,795.929478
2026-07-16_ttft_component_regression/phase1/input6000_rate3p33_reuse00_seed3,118,1.1706333310326908,21.676518799776566,22.847152130809256,767.7141235352532,0.6225679987148514,791.1838436647773,344.504792,1010.10955,0.619393,1355.233735
2026-07-16_ttft_component_regression/phase1/input6000_rate3p33_reuse00_seed3,101,1.169528904513631,22.850470457046967,24.019999361560597,767.7141235352532,0.6225679987148514,792.3566908955287,56.087654,961.420612,0.619393,1018.127659
2026-07-16_ttft_component_regression/phase1/input6000_rate3p33_reuse00_seed3,117,0.0,17.092041279335493,17.092041279335493,767.7141235352532,4.440892098500626e-15,784.8061648145887,3.090847,757.572028,0.0,760.662875
2026-07-16_ttft_component_regression/phase1/input6000_rate3p33_reuse00_seed3,110,0.0,18.32659412673456,18.32659412673456,767.7141235352532,4.440892098500626e-15,786.0407176619877,19.229654,734.696123,0.0,753.925777
2026-07-16_ttft_component_regression/phase1/input6000_rate3p33_reuse00_seed3,145,1.1726593270263974,21.677832120787514,22.850491447813912,767.7141235352532,0.6225679987148514,791.187182981782,22.985227000000002,776.777304,0.619393,800.381924
2026-07-16_ttft_component_regression/phase1/input6000_rate3p33_reuse00_seed3,147,0.46141239920021476,19.70692459276705,20.168336991967262,767.7141235352532,4.440892098500626e-15,787.8824605272205,247.752657,1036.358756,0.0,1284.111413
2026-07-16_ttft_component_regression/phase1/input6000_rate3p33_reuse00_seed3,195,0.0,15.524136413602593,15.524136413602593,767.7141235352532,4.440892098500626e-15,783.2382599488558,7.235185,741.666541,0.0,748.901726
2026-07-16_ttft_component_regression/phase1/input6000_rate3p33_reuse00_seed3,185,0.0,16.63842379829414,16.63842379829414,767.7141235352532,4.440892098500626e-15,784.3525473335474,150.24011,746.837311,0.0,897.077421
2026-07-16_ttft_component_regression/phase1/input6000_rate3p33_reuse00_seed3,184,0.04253546521105058,14.087422713619967,14.129958178831018,767.7141235352532,4.440892098500626e-15,781.8440817140842,7.177432,728.844934,0.0,736.022366
2026-07-16_ttft_component_regression/phase1/input6000_rate3p33_reuse00_seed3,200,1.1174837341012167,22.812362840020466,23.929846574121683,767.7141235352532,0.6225679987148514,792.2665381080898,13.925832,729.776894,0.619393,744.322119
2026-07-16_ttft_component_regression/phase1/input6000_rate3p33_reuse00_seed3,208,0.04286999409670025,13.952696024439359,13.995566018536058,767.7141235352532,4.440892098500626e-15,781.7096895537892,11.559575,730.879998,0.0,742.439573
2026-07-16_ttft_component_regression/phase1/input6000_rate3p33_reuse00_seed3,220,0.0428990181936884,13.933298770288062,13.97619778848175,767.7141235352532,4.440892098500626e-15,781.6903213237349,21.415118,736.539352,0.0,757.95447
2026-07-16_ttft_component_regression/phase1/input6000_rate3p33_reuse00_seed3,233,0.0,16.56482656744193,16.56482656744193,767.7141235352532,4.440892098500626e-15,784.2789501026951,17.746693,737.50327,0.0,755.249963
2026-07-16_ttft_component_regression/phase1/input6000_rate3p33_reuse00_seed3,235,0.0,18.334167511116444,18.334167511116444,767.7141235352532,4.440892098500626e-15,786.0482910463696,14.01917,743.807791,0.0,757.826961
2026-07-16_ttft_component_regression/phase1/input6000_rate3p33_reuse00_seed3,238,0.0,19.255524226385532,19.255524226385532,767.7141235352532,4.440892098500626e-15,786.9696477616387,7.690184,747.914337,0.0,755.604521
2026-07-16_ttft_component_regression/phase1/input6000_rate3p33_reuse00_seed3,273,1.1534040182464882,22.83969004604588,23.993094064292368,767.7141235352532,0.6225679987148514,792.3297855982604,855.188098,1069.823633,0.619393,1925.631124
2026-07-16_ttft_component_regression/phase1/input6000_rate3p33_reuse00_seed3,272,1.155414275926577,22.841084036690418,23.996498312616996,767.7141235352532,0.6225679987148514,792.333189846585,226.735752,1027.138263,0.619393,1254.493408
2026-07-16_ttft_component_regression/phase1/input6000_rate3p33_reuse00_seed3,262,1.1614542413658775,22.845186578618442,24.00664081998432,767.7141235352532,0.6225679987148514,792.3433323539524,13.317833,739.243024,0.619393,753.18025
2026-07-16_ttft_component_regression/phase1/input6000_rate3p33_reuse00_seed3,278,1.1654885258125451,22.84785518959785,24.013343715410397,767.7141235352532,0.6225679987148514,792.3500352493785,450.753384,972.423971,0.619393,1423.796748
2026-07-16_ttft_component_regression/phase1/input6000_rate3p33_reuse00_seed3,270,1.175600864339762,22.854292946223456,24.02989381056322,767.7141235352532,0.6225679987148514,792.3665853445312,215.653771,748.854985,0.619393,965.128149
2026-07-16_ttft_component_regression/phase1/input6000_rate3p33_reuse00_seed3,269,1.1898216475345722,22.86274036425553,24.0525620117901,767.7141235352532,0.6225679987148514,792.3892535457582,17.026617,739.30145,0.619393,756.94746
2026-07-16_ttft_component_regression/phase1/input6000_rate3p33_reuse00_seed3,287,365.4418769439131,21.69260314583831,387.1344800897514,767.7141235352532,0.6225679987148514,1155.4711716237196,353.877464,759.099409,0.619393,1113.596266
2026-07-16_ttft_component_regression/phase1/input6000_rate3p33_reuse00_seed3,2,0.0,0.1202544124697698,0.1202544124697698,767.7141235352532,4.440892098500626e-15,767.8343779477229,0.133625,676.342498,0.0,676.476123
2026-07-16_ttft_component_regression/phase1/input6000_rate3p33_reuse00_seed3,9,0.019329835108912587,6.570667622645936,6.589997457754849,767.7141235352532,4.440892098500626e-15,774.304120993008,14.315796,694.285612,0.0,708.601408
2026-07-16_ttft_component_regression/phase1/input6000_rate3p33_reuse00_seed3,28,0.0,11.713196643629065,11.713196643629065,767.7141235352532,4.440892098500626e-15,779.4273201788823,16.41331,701.08969,0.0,717.503
2026-07-16_ttft_component_regression/phase1/input6000_rate3p33_reuse00_seed3,37,0.01820848503093583,6.622550195541571,6.640758680572507,767.7141235352532,4.440892098500626e-15,774.3548822158257,15.783269,694.724812,0.0,710.508081
2026-07-16_ttft_component_regression/phase1/input6000_rate3p33_reuse00_seed3,52,0.0,11.488316813957285,11.488316813957285,767.7141235352532,4.440892098500626e-15,779.2024403492105,14.787297,706.20798,0.0,720.995277
2026-07-16_ttft_component_regression/phase1/input6000_rate3p33_reuse00_seed3,40,0.0,11.656306089785067,11.656306089785067,767.7141235352532,4.440892098500626e-15,779.3704296250382,4.936818,699.869946,0.0,704.806764
2026-07-16_ttft_component_regression/phase1/input6000_rate3p33_reuse00_seed3,76,0.0,15.51246336659774,15.51246336659774,767.7141235352532,4.440892098500626e-15,783.226586901851,109.533502,970.827964,0.0,1080.361466
2026-07-16_ttft_component_regression/phase1/input6000_rate3p33_reuse00_seed3,68,0.012844774477180273,10.914394328896938,10.927239103374118,767.7141235352532,4.440892098500626e-15,778.6413626386272,3.965094,711.02123,0.0,714.986324
2026-07-16_ttft_component_regression/phase1/input6000_rate3p33_reuse00_seed3,75,0.040778420912969425,13.074554139658549,13.115332560571519,767.7141235352532,4.440892098500626e-15,780.8294560958248,21.279535,730.675561,0.0,751.955096
2026-07-16_ttft_component_regression/phase1/input6000_rate3p33_reuse00_seed3,80,0.0,18.350096366214817,18.350096366214817,767.7141235352532,4.440892098500626e-15,786.064219901468,2.532406,729.654786,0.0,732.187192
2026-07-16_ttft_component_regression/phase1/input6000_rate3p33_reuse00_seed3,124,0.0,17.470607107051627,17.470607107051627,767.7141235352532,4.440892098500626e-15,785.1847306423048,292.844667,996.473741,0.0,1289.318408
2026-07-16_ttft_component_regression/phase1/input6000_rate3p33_reuse00_seed3,137,0.0,16.29511796229609,16.29511796229609,767.7141235352532,4.440892098500626e-15,784.0092414975493,23.023031,745.461609,0.0,768.48464
2026-07-16_ttft_component_regression/phase1/input6000_rate3p33_reuse00_seed3,113,0.0407068594382004,13.104746431559507,13.145453290997708,767.7141235352532,4.440892098500626e-15,780.8595768262509,15.672654,718.228146,0.0,733.9008
2026-07-16_ttft_component_regression/phase1/input6000_rate3p33_reuse00_seed3,119,0.0,14.75758482964628,14.75758482964628,767.7141235352532,4.440892098500626e-15,782.4717083648994,20.496324,732.198678,0.0,752.695002
2026-07-16_ttft_component_regression/phase1/input6000_rate3p33_reuse00_seed3,122,0.0,16.604116121263168,16.604116121263168,767.7141235352532,4.440892098500626e-15,784.3182396565163,13.539888,749.464541,0.0,763.004429
2026-07-16_ttft_component_regression/phase1/input6000_rate3p33_reuse00_seed3,162,0.1089239263000733,18.570521738287656,18.67944566458773,767.7141235352532,4.440892098500626e-15,786.393569199841,3.049855,751.87045,0.0,754.920305
2026-07-16_ttft_component_regression/phase1/input6000_rate3p33_reuse00_seed3,139,0.0,16.30431074493132,16.30431074493132,767.7141235352532,4.440892098500626e-15,784.0184342801845,343.236204,993.331378,0.0,1336.567582
2026-07-16_ttft_component_regression/phase1/input6000_rate3p33_reuse00_seed3,152,0.0,17.174190099931092,17.174190099931092,767.7141235352532,4.440892098500626e-15,784.8883136351843,6.12763,745.603908,0.0,751.731538
2026-07-16_ttft_component_regression/phase1/input6000_rate3p33_reuse00_seed3,169,0.5132168511410402,19.881141464629327,20.39435831577037,767.7141235352532,4.440892098500626e-15,788.1084818510235,0.225225,761.145713,0.0,761.370938
2026-07-16_ttft_component_regression/phase1/input6000_rate3p33_reuse00_seed3,172,0.5026071685586493,20.953504099807155,21.456111268365806,767.7141235352532,4.440892098500626e-15,789.170234803619,13.45587,773.597546,0.0,787.053416
2026-07-16_ttft_component_regression/phase1/input6000_rate3p33_reuse00_seed3,209,0.0,19.303433920199144,19.303433920199144,767.7141235352532,4.440892098500626e-15,787.0175574554523,22.950209,741.96127,0.0,764.911479
2026-07-16_ttft_component_regression/phase1/input6000_rate3p33_reuse00_seed3,201,0.08238036672939925,19.267528457630572,19.34990882435997,767.7141235352532,4.440892098500626e-15,787.0640323596132,4.579296,758.833026,0.0,763.412322
2026-07-16_ttft_component_regression/phase1/input6000_rate3p33_reuse00_seed3,194,0.07814036964131313,19.239254397368953,19.317394767010267,767.7141235352532,4.440892098500626e-15,787.0315183022634,25.384908,759.56817,0.0,784.953078
2026-07-16_ttft_component_regression/phase1/input6000_rate3p33_reuse00_seed3,222,0.0,19.303433920199144,19.303433920199144,767.7141235352532,4.440892098500626e-15,787.0175574554523,2.473101,750.501675,0.0,752.974776
2026-07-16_ttft_component_regression/phase1/input6000_rate3p33_reuse00_seed3,204,0.08520741233114777,20.583532659362707,20.668740071693854,767.7141235352532,4.440892098500626e-15,788.382863606947,15.184661,755.170117,0.0,770.354778
2026-07-16_ttft_component_regression/phase1/input6000_rate3p33_reuse00_seed3,260,0.0,17.166572738905625,17.166572738905625,767.7141235352532,4.440892098500626e-15,784.8806962741588,23.944252,748.637539,0.0,772.581791
2026-07-16_ttft_component_regression/phase1/input6000_rate3p33_reuse00_seed3,240,0.0,16.586776966297723,16.586776966297723,767.7141235352532,4.440892098500626e-15,784.3009005015509,13.192297,739.742734,0.0,752.935031
2026-07-16_ttft_component_regression/phase1/input6000_rate3p33_reuse00_seed3,245,0.0,16.586776966297723,16.586776966297723,767.7141235352532,4.440892098500626e-15,784.3009005015509,11.316501,741.290729,0.0,752.60723
2026-07-16_ttft_component_regression/phase1/input6000_rate3p33_reuse00_seed3,265,0.04273959898955219,14.017090159449397,14.05982975843895,767.7141235352532,4.440892098500626e-15,781.7739532936921,14.396113,735.176389,0.0,749.572502
2026-07-16_ttft_component_regression/phase1/input6000_rate3p33_reuse00_seed3,279,0.04789207366583921,12.467217342022797,12.515109415688636,767.7141235352532,4.440892098500626e-15,780.2292329509418,11.822474,731.517143,0.0,743.339617
2026-07-16_ttft_component_regression/phase1/input6000_rate3p33_reuse00_seed3,22,0.0193887310809813,6.56758255334261,6.5869712844235915,767.7141235352532,4.440892098500626e-15,774.3010948196768,202.347329,927.033461,0.0,1129.38079
2026-07-16_ttft_component_regression/phase1/input6000_rate3p33_reuse00_seed3,20,0.0,0.13025234373431652,0.13025234373431652,767.7141235352532,4.440892098500626e-15,767.8443758789875,0.009898,689.692786,0.0,689.702684
2026-07-16_ttft_component_regression/phase1/input6000_rate3p33_reuse00_seed3,42,0.0,11.757401891577828,11.757401891577828,767.7141235352532,4.440892098500626e-15,779.471525426831,9.067353,700.917466,0.0,709.984819
2026-07-16_ttft_component_regression/phase1/input6000_rate3p33_reuse00_seed3,49,0.0,11.431658137010421,11.431658137010421,767.7141235352532,4.440892098500626e-15,779.1457816722636,0.822455,706.685356,0.0,707.507811
2026-07-16_ttft_component_regression/phase1/input6000_rate3p33_reuse00_seed3,57,0.0,11.436538153249053,11.436538153249053,767.7141235352532,4.440892098500626e-15,779.1506616885023,6.911121,706.213644,0.0,713.124765
2026-07-16_ttft_component_regression/phase1/input6000_rate3p33_reuse00_seed3,65,0.011949274051365016,11.541857213368049,11.553806487419413,767.7141235352532,4.440892098500626e-15,779.2679300226725,233.089281,953.030324,0.0,1186.119605
2026-07-16_ttft_component_regression/phase1/input6000_rate3p33_reuse00_seed3,71,0.04094365643706747,12.909938264234402,12.950881920671469,767.7141235352532,4.440892098500626e-15,780.6650054559246,11.982783,716.321138,0.0,728.303921
2026-07-16_ttft_component_regression/phase1/input6000_rate3p33_reuse00_seed3,63,0.0,11.451959448508932,11.451959448508932,767.7141235352532,4.440892098500626e-15,779.1660829837621,3.765351,718.912143,0.0,722.677494
2026-07-16_ttft_component_regression/phase1/input6000_rate3p33_reuse00_seed3,103,0.04297269034801083,13.790050801226586,13.833023491574597,767.7141235352532,4.440892098500626e-15,781.5471470268278,20.201872,718.14725,0.0,738.349122
2026-07-16_ttft_component_regression/phase1/input6000_rate3p33_reuse00_seed3,115,0.04826545523990802,12.300362192474216,12.348627647714125,767.7141235352532,4.440892098500626e-15,780.0627511829673,10.128447,718.098258,0.0,728.226705
2026-07-16_ttft_component_regression/phase1/input6000_rate3p33_reuse00_seed3,154,0.0,14.708665892578088,14.708665892578088,767.7141235352532,4.440892098500626e-15,782.4227894278313,5.981043,690.972077,0.0,696.95312
2026-07-16_ttft_component_regression/phase1/input6000_rate3p33_reuse00_seed3,144,0.04809994943607868,12.398552840890849,12.446652790326928,767.7141235352532,4.440892098500626e-15,780.1607763255801,19.0548,721.436815,0.0,740.491615
2026-07-16_ttft_component_regression/phase1/input6000_rate3p33_reuse00_seed3,130,0.044967227190181536,10.581905019254245,10.626872246444426,767.7141235352532,4.440892098500626e-15,778.3409957816976,5.872175,711.440142,0.0,717.312317
2026-07-16_ttft_component_regression/phase1/input6000_rate3p33_reuse00_seed3,132,0.07242469046202536,12.677323356205802,12.749748046667827,767.7141235352532,4.440892098500626e-15,780.463871581921,18.839243,725.91446,0.0,744.753703
2026-07-16_ttft_component_regression/phase1/input6000_rate3p33_reuse00_seed3,135,0.014315731605905229,15.043997167986237,15.058312899592142,767.7141235352532,4.440892098500626e-15,782.7724364348453,4.258868,731.328151,0.0,735.587019
2026-07-16_ttft_component_regression/phase1/input6000_rate3p33_reuse00_seed3,170,0.017616027280395786,15.003238439972215,15.02085446725261,767.7141235352532,4.440892098500626e-15,782.7349780025058,22.141362,733.627399,0.0,755.768761
2026-07-16_ttft_component_regression/phase1/input6000_rate3p33_reuse00_seed3,190,0.07118427677681761,19.192423100944644,19.263607377721463,767.7141235352532,4.440892098500626e-15,786.9777309129746,23.587264,753.884388,0.0,777.471652
2026-07-16_ttft_component_regression/phase1/input6000_rate3p33_reuse00_seed3,179,0.0,18.36051329911684,18.36051329911684,767.7141235352532,4.440892098500626e-15,786.07463683437,15.556174,754.887503,0.0,770.443677
2026-07-16_ttft_component_regression/phase1/input6000_rate3p33_reuse00_seed3,182,0.0,19.323166285897706,19.323166285897706,767.7141235352532,4.440892098500626e-15,787.0372898211509,223.610778,1003.372244,0.0,1226.983022
2026-07-16_ttft_component_regression/phase1/input6000_rate3p33_reuse00_seed3,215,0.014594818223764317,11.67344261181151,11.688037430035275,767.7141235352532,4.440892098500626e-15,779.4021609652884,8.015847,732.641169,0.0,740.657016
2026-07-16_ttft_component_regression/phase1/input6000_rate3p33_reuse00_seed3,223,0.01390815573217934,11.63875941538972,11.6526675711219,767.7141235352532,4.440892098500626e-15,779.3667911063751,5.292966,727.710105,0.0,733.003071
2026-07-16_ttft_component_regression/phase1/input6000_rate3p33_reuse00_seed3,231,0.042971845843402114,13.848854395895698,13.8918262417391,767.7141235352532,4.440892098500626e-15,781.6059497769922,1.112744,733.976976,0.0,735.08972
2026-07-16_ttft_component_regression/phase1/input6000_rate3p33_reuse00_seed3,250,0.04297717194805519,13.822752058124799,13.865729230072853,767.7141235352532,4.440892098500626e-15,781.579852765326,11.142512,734.104059,0.0,745.246571
2026-07-16_ttft_component_regression/phase1/input6000_rate3p33_reuse00_seed3,254,0.0,16.496525795373106,16.496525795373106,767.7141235352532,4.440892098500626e-15,784.2106493306263,15.123581,743.165595,0.0,758.289176
2026-07-16_ttft_component_regression/phase1/input6000_rate3p33_reuse00_seed3,277,0.0098610132655894,10.774599406755808,10.784460420021396,767.7141235352532,4.440892098500626e-15,778.4985839552746,20.115712,742.35102,0.0,762.466732
2026-07-16_ttft_component_regression/phase1/input6000_rate3p33_reuse00_seed3,268,0.009514060824524153,10.758759284517895,10.768273345342418,767.7141235352532,4.440892098500626e-15,778.4823968805956,17.845637,724.618581,0.0,742.464218
2026-07-16_ttft_component_regression/phase1/input6000_rate3p33_reuse00_seed3,296,0.021739273540032765,14.949228954864484,14.970968228404518,767.7141235352532,4.440892098500626e-15,782.6850917636577,2.598422,733.558906,0.0,736.157328
2026-07-16_ttft_component_regression/phase1/input6000_rate3p33_reuse00_seed3,281,0.04829270069127037,12.224636748547393,12.272929449238664,767.7141235352532,4.440892098500626e-15,779.9870529844918,55.165842,1009.588404,0.0,1064.754246
2026-07-16_ttft_component_regression/phase1/input6000_rate3p33_reuse00_seed3,286,0.0,14.668980607042943,14.668980607042943,767.7141235352532,4.440892098500626e-15,782.3831041422961,18.518233,968.733738,0.0,987.251971
2026-07-16_ttft_component_regression/phase1/input6000_rate3p33_reuse00_seed3,11,0.0,11.719521023213252,11.719521023213252,767.7141235352532,4.440892098500626e-15,779.4336445584664,5.793922,699.581146,0.0,705.375068
2026-07-16_ttft_component_regression/phase1/input6000_rate3p33_reuse00_seed3,7,0.018531392037606963,6.608827757884282,6.627359149921889,767.7141235352532,4.440892098500626e-15,774.341482685175,0.682753,694.17262,0.0,694.855373
2026-07-16_ttft_component_regression/phase1/input6000_rate3p33_reuse00_seed3,3,0.0,0.15268363731950496,0.15268363731950496,767.7141235352532,4.440892098500626e-15,767.8668071725726,0.005305,676.342498,0.0,676.347803
2026-07-16_ttft_component_regression/phase1/input6000_rate3p33_reuse00_seed3,16,0.0,11.457358741655254,11.457358741655254,767.7141235352532,4.440892098500626e-15,779.1714822769085,15.265676,706.193388,0.0,721.459064
2026-07-16_ttft_component_regression/phase1/input6000_rate3p33_reuse00_seed3,24,0.0141373415518521,11.650292929141134,11.664430270692986,767.7141235352532,4.440892098500626e-15,779.3785538059461,0.954484,710.33835,0.0,711.292834
2026-07-16_ttft_component_regression/phase1/input6000_rate3p33_reuse00_seed3,35,0.04288018283495762,13.946234195040315,13.989114377875273,767.7141235352532,4.440892098500626e-15,781.7032379131284,19.557349,718.171954,0.0,737.729303
2026-07-16_ttft_component_regression/phase1/input6000_rate3p33_reuse00_seed3,84,0.0,11.496620113712511,11.496620113712511,767.7141235352532,4.440892098500626e-15,779.2107436489657,74.23194,706.145484,0.0,780.377424
2026-07-16_ttft_component_regression/phase1/input6000_rate3p33_reuse00_seed3,92,0.012844774477180273,10.914394328896938,10.927239103374118,767.7141235352532,4.440892098500626e-15,778.6413626386272,7.4354,710.244206,0.0,717.679606
2026-07-16_ttft_component_regression/phase1/input6000_rate3p33_reuse00_seed3,93,0.040882720955453665,13.013881615158914,13.054764336114367,767.7141235352532,4.440892098500626e-15,780.7688878713675,75.918216,716.728946,0.0,792.647162
2026-07-16_ttft_component_regression/phase1/input6000_rate3p33_reuse00_seed3,81,0.0,11.65315283324074,11.65315283324074,767.7141235352532,4.440892098500626e-15,779.3672763684939,18.379627,700.588826,0.0,718.968453
2026-07-16_ttft_component_regression/phase1/input6000_rate3p33_reuse00_seed3,77,0.01595961865381553,6.169407992374109,6.1853676110279245,767.7141235352532,4.440892098500626e-15,773.8994911462811,0.020908,695.898028,0.0,695.918936
2026-07-16_ttft_component_regression/phase1/input6000_rate3p33_reuse00_seed3,98,0.0,15.52703548307328,15.52703548307328,767.7141235352532,4.440892098500626e-15,783.2411590183265,17.854613,731.35332,0.0,749.207933
2026-07-16_ttft_component_regression/phase1/input6000_rate3p33_reuse00_seed3,123,0.020444747109518695,14.966576374130106,14.987021121239625,767.7141235352532,4.440892098500626e-15,782.7011446564928,19.522084,735.154425,0.0,754.676509
2026-07-16_ttft_component_regression/phase1/input6000_rate3p33_reuse00_seed3,133,0.0,16.570782496692665,16.570782496692665,767.7141235352532,4.440892098500626e-15,784.2849060319459,10.934458,758.909353,0.0,769.843811
2026-07-16_ttft_component_regression/phase1/input6000_rate3p33_reuse00_seed3,143,0.4589117639365372,20.7988706640092,21.257782427945738,767.7141235352532,4.440892098500626e-15,788.9719059631989,10.01622,772.76093,0.0,782.77715
2026-07-16_ttft_component_regression/phase1/input6000_rate3p33_reuse00_seed3,149,2796.7706705889864,21.655321749182452,2818.4259923381687,767.7141235352532,0.6225679987148514,3586.7626838721367,2045.6504830000001,774.190846,0.619393,2820.460722
2026-07-16_ttft_component_regression/phase1/input6000_rate3p33_reuse00_seed3,159,564.1132719526785,21.665561251121428,585.7788332037999,767.7141235352532,4.440892098500626e-15,1353.4929567390532,458.590164,768.912308,0.0,1227.502472
2026-07-16_ttft_component_regression/phase1/input6000_rate3p33_reuse00_seed3,134,0.0,17.418325001134725,17.418325001134725,767.7141235352532,4.440892098500626e-15,785.1324485363879,194.454429,1005.70307,0.0,1200.157499
2026-07-16_ttft_component_regression/phase1/input6000_rate3p33_reuse00_seed3,166,986.8529251118975,21.66976396354262,1008.5226890754402,767.7141235352532,4.440892098500626e-15,1776.2368126106935,789.000134,770.421864,0.0,1559.421998
2026-07-16_ttft_component_regression/phase1/input6000_rate3p33_reuse00_seed3,140,1.1424323964872776,21.65682146966013,22.799253866147406,767.7141235352532,0.6225679987148514,791.1359454001155,17.748912,755.246541,0.619393,773.614846
2026-07-16_ttft_component_regression/phase1/input6000_rate3p33_reuse00_seed3,177,0.04599969751251182,19.018040473286536,19.064040170799046,767.7141235352532,4.440892098500626e-15,786.7781637060523,23.116449,752.939342,0.0,776.055791
2026-07-16_ttft_component_regression/phase1/input6000_rate3p33_reuse00_seed3,198,1.0898964610987407,22.788236259652628,23.878132720751367,767.7141235352532,0.6225679987148514,792.2148242547195,4.521314,749.634943,0.619393,754.77565
2026-07-16_ttft_component_regression/phase1/input6000_rate3p33_reuse00_seed3,203,0.04157403037733139,18.98657764039393,19.02815167077126,767.7141235352532,4.440892098500626e-15,786.7422752060245,13.408817,751.534605,0.0,764.943422
2026-07-16_ttft_component_regression/phase1/input6000_rate3p33_reuse00_seed3,218,0.0,16.558480744819548,16.558480744819548,767.7141235352532,4.440892098500626e-15,784.2726042800728,15.499556,744.456262,0.0,759.955818
2026-07-16_ttft_component_regression/phase1/input6000_rate3p33_reuse00_seed3,232,0.0,11.451959448508932,11.451959448508932,767.7141235352532,4.440892098500626e-15,779.1660829837621,17.111515,727.36995,0.0,744.481465
2026-07-16_ttft_component_regression/phase1/input6000_rate3p33_reuse00_seed3,249,0.04288018283495762,13.946234195040315,13.989114377875273,767.7141235352532,4.440892098500626e-15,781.7032379131284,179.916961,1003.479657,0.0,1183.396618
2026-07-16_ttft_component_regression/phase1/input6000_rate3p33_reuse00_seed3,236,0.013563840261555854,11.621511175024251,11.635075015285807,767.7141235352532,4.440892098500626e-15,779.349198550539,12.112285,725.592753,0.0,737.705038
2026-07-16_ttft_component_regression/phase1/input6000_rate3p33_reuse00_seed3,263,0.0,19.27799618587267,19.27799618587267,767.7141235352532,4.440892098500626e-15,786.9921197211258,22.234171,752.491166,0.0,774.725337
2026-07-16_ttft_component_regression/phase1/input6000_rate3p33_reuse00_seed3,253,0.0,16.592974643974127,16.592974643974127,767.7141235352532,4.440892098500626e-15,784.3070981792273,82.833538,972.632123,0.0,1055.465661
2026-07-16_ttft_component_regression/phase1/input6000_rate3p33_reuse00_seed3,259,0.0,17.174506497183337,17.174506497183337,767.7141235352532,4.440892098500626e-15,784.8886300324365,12.336334,749.514523,0.0,761.850857
2026-07-16_ttft_component_regression/phase1/input6000_rate3p33_reuse00_seed3,246,0.0153923630873633,11.71421697052863,11.729609333615993,767.7141235352532,4.440892098500626e-15,779.4437328688691,15.599853,737.552089,0.0,753.151942
2026-07-16_ttft_component_regression/phase1/input6000_rate3p33_reuse00_seed3,274,0.06436575719814291,19.145970043062963,19.210335800261106,767.7141235352532,4.440892098500626e-15,786.9244593355143,8.790497,764.200821,0.0,772.991318
2026-07-16_ttft_component_regression/phase1/input6000_rate3p33_reuse00_seed3,284,0.07052431147979356,18.15310764140935,18.223631952889143,767.7141235352532,4.440892098500626e-15,785.9377554881423,2.430266,763.287497,0.0,765.717763
2026-07-16_ttft_component_regression/phase1/input6000_rate3p33_reuse00_seed3,293,1.2672593953516527,22.095799665920012,23.363059061271663,767.7141235352532,0.6225679987148514,791.6997505952397,10.568723,764.144365,0.619393,775.332481
2026-07-16_ttft_component_regression/phase1/input6000_rate3p33_reuse00_seed3,4,0.0,0.15019602773110124,0.15019602773110124,767.7141235352532,4.440892098500626e-15,767.8643195629843,0.076812,676.342498,0.0,676.41931
2026-07-16_ttft_component_regression/phase1/input6000_rate3p33_reuse00_seed3,15,0.018658131346927304,6.60319100844304,6.621849139789967,767.7141235352532,4.440892098500626e-15,774.3359726750432,14.038586,695.010348,0.0,709.048934
2026-07-16_ttft_component_regression/phase1/input6000_rate3p33_reuse00_seed3,26,0.0,11.716359031125538,11.716359031125538,767.7141235352532,4.440892098500626e-15,779.4304825663787,10.25918,700.60601,0.0,710.86519
2026-07-16_ttft_component_regression/phase1/input6000_rate3p33_reuse00_seed3,38,0.0,11.48023796554561,11.48023796554561,767.7141235352532,4.440892098500626e-15,779.1943615007988,18.840662,707.228908,0.0,726.06957
2026-07-16_ttft_component_regression/phase1/input6000_rate3p33_reuse00_seed3,62,0.018845608267233593,6.5945768509791725,6.613422459246406,767.7141235352532,4.440892098500626e-15,774.3275459944996,6.969351,695.132012,0.0,702.101363
2026-07-16_ttft_component_regression/phase1/input6000_rate3p33_reuse00_seed3,73,0.0,10.964570003696318,10.964570003696318,767.7141235352532,4.440892098500626e-15,778.6786935389495,9.525886,700.334618,0.0,709.860504
2026-07-16_ttft_component_regression/phase1/input6000_rate3p33_reuse00_seed3,94,0.0,10.705720268347356,10.705720268347356,767.7141235352532,4.440892098500626e-15,778.4198438036005,13.893107,707.063116,0.0,720.956223
2026-07-16_ttft_component_regression/phase1/input6000_rate3p33_reuse00_seed3,116,0.0,10.37449383901168,10.37449383901168,767.7141235352532,4.440892098500626e-15,778.0886173742649,9.155691,700.730618,0.0,709.886309
2026-07-16_ttft_component_regression/phase1/input6000_rate3p33_reuse00_seed3,136,0.04332845930857367,10.507662138166841,10.550990597475415,767.7141235352532,4.440892098500626e-15,778.2651141327286,2.529855,710.536782,0.0,713.066637
2026-07-16_ttft_component_regression/phase1/input6000_rate3p33_reuse00_seed3,129,3.5904728822474994e-05,10.353691474154157,10.35372737888298,767.7141235352532,4.440892098500626e-15,778.0678509141362,101.083867,705.928876,0.0,807.012743
2026-07-16_ttft_component_regression/phase1/input6000_rate3p33_reuse00_seed3,142,0.04827517958107099,12.288745966040148,12.337021145621218,767.7141235352532,4.440892098500626e-15,780.0511446808744,7.848886,720.143183,0.0,727.992069
2026-07-16_ttft_component_regression/phase1/input6000_rate3p33_reuse00_seed3,127,1.1424323964872776,21.65682146966013,22.799253866147406,767.7141235352532,0.6225679987148514,791.1359454001155,18.719219000000002,700.333626,0.619393,719.672238
2026-07-16_ttft_component_regression/phase1/input6000_rate3p33_reuse00_seed3,153,1.1424323964872776,21.65682146966013,22.799253866147406,767.7141235352532,0.6225679987148514,791.1359454001155,160.99724600000002,1003.886995,0.619393,1165.503634
2026-07-16_ttft_component_regression/phase1/input6000_rate3p33_reuse00_seed3,151,0.0,14.67473899205914,14.67473899205914,767.7141235352532,4.440892098500626e-15,782.3888625273123,3.494453,747.362883,0.0,750.857336
2026-07-16_ttft_component_regression/phase1/input6000_rate3p33_reuse00_seed3,174,0.048558315276547824,19.036115112964303,19.08467342824085,767.7141235352532,4.440892098500626e-15,786.798796963494,5.284741,760.661204,0.0,765.945945
2026-07-16_ttft_component_regression/phase1/input6000_rate3p33_reuse00_seed3,175,0.4333286725873876,20.703324665687028,21.136653338274414,767.7141235352532,4.440892098500626e-15,788.8507768735276,23.816998,762.955511,0.0,786.772509
2026-07-16_ttft_component_regression/phase1/input6000_rate3p33_reuse00_seed3,163,0.0,17.088489568491347,17.088489568491347,767.7141235352532,4.440892098500626e-15,784.8026131037445,3.618046,754.532164,0.0,758.15021
2026-07-16_ttft_component_regression/phase1/input6000_rate3p33_reuse00_seed3,187,0.434864365272467,22.102050049151817,22.536914414424285,767.7141235352532,4.440892098500626e-15,790.2510379496774,6.593186,771.351341,0.0,777.944527
2026-07-16_ttft_component_regression/phase1/input6000_rate3p33_reuse00_seed3,167,1.1686088792263256,21.67519290138164,22.843801780607965,767.7141235352532,0.6225679987148514,791.180493314576,24.878701,757.996614,0.619393,783.494708
2026-07-16_ttft_component_regression/phase1/input6000_rate3p33_reuse00_seed3,206,0.0,19.241631476821986,19.241631476821986,767.7141235352532,4.440892098500626e-15,786.9557550120752,6.235968,745.591516,0.0,751.827484
2026-07-16_ttft_component_regression/phase1/input6000_rate3p33_reuse00_seed3,217,0.0,18.318922901524747,18.318922901524747,767.7141235352532,4.440892098500626e-15,786.0330464367779,18.930008,744.169852,0.0,763.09986
2026-07-16_ttft_component_regression/phase1/input6000_rate3p33_reuse00_seed3,258,0.0,10.703976164223267,10.703976164223267,767.7141235352532,4.440892098500626e-15,778.4180996994764,190.115288,721.842227,0.0,911.957515
2026-07-16_ttft_component_regression/phase1/input6000_rate3p33_reuse00_seed3,241,0.0,11.735321962189447,11.735321962189447,767.7141235352532,4.440892098500626e-15,779.4494454974426,0.482134,717.894682,0.0,718.376816
2026-07-16_ttft_component_regression/phase1/input6000_rate3p33_reuse00_seed3,257,0.0,10.928939858822961,10.928939858822961,767.7141235352532,4.440892098500626e-15,778.6430633940762,12.195357,715.119908,0.0,727.315265
2026-07-16_ttft_component_regression/phase1/input6000_rate3p33_reuse00_seed3,266,0.0,11.470456650946518,11.470456650946518,767.7141235352532,4.440892098500626e-15,779.1845801861997,8.504961,721.176164,0.0,729.681125
2026-07-16_ttft_component_regression/phase1/input6000_rate3p33_reuse00_seed3,275,0.011817143170432627,10.865501423461307,10.87731856663174,767.7141235352532,4.440892098500626e-15,778.5914421018849,5.437297,721.862265,0.0,727.299562
2026-07-16_ttft_component_regression/phase1/input6000_rate3p33_reuse00_seed3,283,0.04823223685416055,12.329345654540498,12.377577891394658,767.7141235352532,4.440892098500626e-15,780.0917014266479,19.91682,724.124674,0.0,744.041494
2026-07-16_ttft_component_regression/phase1/input6000_rate3p33_reuse00_seed3,6,0.0,0.1327492465035658,0.1327492465035658,767.7141235352532,4.440892098500626e-15,767.8468727817567,0.016416,676.342498,0.0,676.358914
2026-07-16_ttft_component_regression/phase1/input6000_rate3p33_reuse00_seed3,12,0.0,11.492440473162459,11.492440473162459,767.7141235352532,4.440892098500626e-15,779.2065640084156,19.277473,705.311084,0.0,724.588557
2026-07-16_ttft_component_regression/phase1/input6000_rate3p33_reuse00_seed3,14,0.015505966163652338,11.72006887506768,11.735574841231333,767.7141235352532,4.440892098500626e-15,779.4496983764845,17.824327,709.441934,0.0,727.266261
2026-07-16_ttft_component_regression/phase1/input6000_rate3p33_reuse00_seed3,8,0.018403262203836455,6.614379950475702,6.632783212679539,767.7141235352532,4.440892098500626e-15,774.3469067479327,8.213384,693.965612,0.0,702.178996
2026-07-16_ttft_component_regression/phase1/input6000_rate3p33_reuse00_seed3,10,0.0,11.665773097132165,11.665773097132165,767.7141235352532,4.440892098500626e-15,779.3798966323853,7.577394,699.44521,0.0,707.022604
2026-07-16_ttft_component_regression/phase1/input6000_rate3p33_reuse00_seed3,33,0.042907666796577135,13.926825245520881,13.969732912317458,767.7141235352532,4.440892098500626e-15,781.6838564475706,2.924541,718.305202,0.0,721.229743
2026-07-16_ttft_component_regression/phase1/input6000_rate3p33_reuse00_seed3,61,0.0,11.735321962189447,11.735321962189447,767.7141235352532,4.440892098500626e-15,779.4494454974426,18.867589,700.200666,0.0,719.068255
2026-07-16_ttft_component_regression/phase1/input6000_rate3p33_reuse00_seed3,66,0.0,11.450188354953758,11.450188354953758,767.7141235352532,4.440892098500626e-15,779.1643118902069,2.630687,705.98302,0.0,708.613707
2026-07-16_ttft_component_regression/phase1/input6000_rate3p33_reuse00_seed3,72,0.010322858900898325,10.795814473386988,10.806137332287886,767.7141235352532,4.440892098500626e-15,778.5202608675411,17.333389,710.005198,0.0,727.338587
2026-07-16_ttft_component_regression/phase1/input6000_rate3p33_reuse00_seed3,51,0.01584625532075066,11.737664712114048,11.7535109674348,767.7141235352532,4.440892098500626e-15,779.4676345026879,4.764875,711.941358,0.0,716.706233
2026-07-16_ttft_component_regression/phase1/input6000_rate3p33_reuse00_seed3,95,0.012046026732871012,10.876321227548862,10.888367254281734,767.7141235352532,4.440892098500626e-15,778.602490789535,4.889877,710.809134,0.0,715.699011
2026-07-16_ttft_component_regression/phase1/input6000_rate3p33_reuse00_seed3,97,0.04084716922635979,13.038195228860305,13.079042398086665,767.7141235352532,4.440892098500626e-15,780.7931659333399,18.465485,724.623374,0.0,743.088859
2026-07-16_ttft_component_regression/phase1/input6000_rate3p33_reuse00_seed3,106,0.0,16.608326247395418,16.608326247395418,767.7141235352532,4.440892098500626e-15,784.3224497826486,14.802603,734.446545,0.0,749.249148
2026-07-16_ttft_component_regression/phase1/input6000_rate3p33_reuse00_seed3,126,0.0,16.602255213846593,16.602255213846593,767.7141235352532,4.440892098500626e-15,784.3163787490997,293.595993,994.690138,0.0,1288.286131
2026-07-16_ttft_component_regression/phase1/input6000_rate3p33_reuse00_seed3,138,0.04793204117701464,12.45581329146934,12.503745332646355,767.7141235352532,4.440892098500626e-15,780.2178688678995,15.540827,728.702245,0.0,744.243072
2026-07-16_ttft_component_regression/phase1/input6000_rate3p33_reuse00_seed3,125,0.014536851846810108,15.041330634878431,15.05586748672524,767.7141235352532,4.440892098500626e-15,782.7699910219784,18.699813,752.925171,0.0,771.624984
2026-07-16_ttft_component_regression/phase1/input6000_rate3p33_reuse00_seed3,158,0.016300281915427813,15.01973840034172,15.036038682257146,767.7141235352532,4.440892098500626e-15,782.7501622175104,8.276536,737.656704,0.0,745.93324
2026-07-16_ttft_component_regression/phase1/input6000_rate3p33_reuse00_seed3,161,0.0,16.590040734555927,16.590040734555927,767.7141235352532,4.440892098500626e-15,784.3041642698091,19.085423,738.394194,0.0,757.479617
2026-07-16_ttft_component_regression/phase1/input6000_rate3p33_reuse00_seed3,193,0.0,10.702245455385196,10.702245455385196,767.7141235352532,4.440892098500626e-15,778.4163689906384,11.781873,715.748441,0.0,727.530314
2026-07-16_ttft_component_regression/phase1/input6000_rate3p33_reuse00_seed3,197,0.0,10.688883931324762,10.688883931324762,767.7141235352532,4.440892098500626e-15,778.403007466578,4.804382,709.286901,0.0,714.091283
2026-07-16_ttft_component_regression/phase1/input6000_rate3p33_reuse00_seed3,229,0.018403262203836455,6.614379950475702,6.632783212679539,767.7141235352532,4.440892098500626e-15,774.3469067479327,16.752198,705.530349,0.0,722.282547
2026-07-16_ttft_component_regression/phase1/input6000_rate3p33_reuse00_seed3,261,0.0166092648029939,6.14392614328389,6.160535408086884,767.7141235352532,4.440892098500626e-15,773.87465894334,5.14272,701.501848,0.0,706.644568
2026-07-16_ttft_component_regression/phase1/input6000_rate3p33_reuse00_seed3,290,0.0485545608766981,5.874935810951961,5.92349037182866,767.7141235352532,4.440892098500626e-15,773.6376139070818,13.929081,702.060266,0.0,715.989347
2026-07-16_ttft_component_regression/phase1/input6000_rate3p33_reuse00_seed3,292,0.008446572489570231,10.597362086814927,10.605808659304497,767.7141235352532,4.440892098500626e-15,778.3199321945576,102.039183,715.38258,0.0,817.421763
2026-07-16_ttft_component_regression/phase1/input6000_rate3p33_reuse00_seed3,5,0.01944725957718653,6.5644759742362675,6.583923233813454,767.7141235352532,4.440892098500626e-15,774.2980467690667,5.849401,694.021036,0.0,699.870437
2026-07-16_ttft_component_regression/phase1/input6000_rate3p33_reuse00_seed3,0,0.0,0.12525539487696102,0.12525539487696102,767.7141235352532,4.440892098500626e-15,767.8393789301301,0.415971,676.342498,0.0,676.758469
2026-07-16_ttft_component_regression/phase1/input6000_rate3p33_reuse00_seed3,34,0.0,0.11524958579539016,0.11524958579539016,767.7141235352532,4.440892098500626e-15,767.8293731210485,0.005376,676.342498,0.0,676.347874
2026-07-16_ttft_component_regression/phase1/input6000_rate3p33_reuse00_seed3,44,0.0,11.732163272008066,11.732163272008066,767.7141235352532,4.440892098500626e-15,779.4462868072612,10.452769,699.810906,0.0,710.263675
2026-07-16_ttft_component_regression/phase1/input6000_rate3p33_reuse00_seed3,48,0.0,11.444961326443021,11.444961326443021,767.7141235352532,4.440892098500626e-15,779.1590848616962,11.915513,705.682668,0.0,717.598181
2026-07-16_ttft_component_regression/phase1/input6000_rate3p33_reuse00_seed3,36,0.018845608267233593,6.5945768509791725,6.613422459246406,767.7141235352532,4.440892098500626e-15,774.3275459944996,7.110854,693.93438,0.0,701.045234
2026-07-16_ttft_component_regression/phase1/input6000_rate3p33_reuse00_seed3,56,0.011717679647822127,11.530592359167887,11.542310038815708,767.7141235352532,4.440892098500626e-15,779.2564335740689,7.541063,709.962702,0.0,717.503765
2026-07-16_ttft_component_regression/phase1/input6000_rate3p33_reuse00_seed3,59,0.042933814387683226,13.730996155684322,13.773929970072006,767.7141235352532,4.440892098500626e-15,781.4880535053252,21.091508,716.534098,0.0,737.625606
2026-07-16_ttft_component_regression/phase1/input6000_rate3p33_reuse00_seed3,83,0.0,18.31114747682916,18.31114747682916,767.7141235352532,4.440892098500626e-15,786.0252710120824,21.176291,729.918018,0.0,751.094309
2026-07-16_ttft_component_regression/phase1/input6000_rate3p33_reuse00_seed3,74,0.0,15.436681306330662,15.436681306330662,767.7141235352532,4.440892098500626e-15,783.1508048415839,6.108448,723.48545,0.0,729.593898
2026-07-16_ttft_component_regression/phase1/input6000_rate3p33_reuse00_seed3,112,0.0,15.488746314443194,15.488746314443194,767.7141235352532,4.440892098500626e-15,783.2028698496964,5.073345,731.611696,0.0,736.685041
2026-07-16_ttft_component_regression/phase1/input6000_rate3p33_reuse00_seed3,91,0.0,17.999118291477057,17.999118291477057,767.7141235352532,4.440892098500626e-15,785.7132418267303,3.500156,735.271477,0.0,738.771633
2026-07-16_ttft_component_regression/phase1/input6000_rate3p33_reuse00_seed3,120,0.0,16.2763353376372,16.2763353376372,767.7141235352532,4.440892098500626e-15,783.9904588728904,2.960264,739.581465,0.0,742.541729
2026-07-16_ttft_component_regression/phase1/input6000_rate3p33_reuse00_seed3,148,0.043681009242032845,10.523469784755402,10.567150793997435,767.7141235352532,4.440892098500626e-15,778.2812743292507,8.966438,740.897723,0.0,749.864161
2026-07-16_ttft_component_regression/phase1/input6000_rate3p33_reuse00_seed3,157,0.07273240877454107,12.52489015100006,12.597622559774601,767.7141235352532,4.440892098500626e-15,780.3117460950277,8.631084,729.780294,0.0,738.411378
2026-07-16_ttft_component_regression/phase1/input6000_rate3p33_reuse00_seed3,150,0.04815235949543262,12.375541358728935,12.423693718224367,767.7141235352532,4.440892098500626e-15,780.1378172534776,31.65174,982.284991,0.0,1013.936731
2026-07-16_ttft_component_regression/phase1/input6000_rate3p33_reuse00_seed3,164,0.0,14.691835496165986,14.691835496165986,767.7141235352532,4.440892098500626e-15,782.4059590314191,20.667711,734.793935,0.0,755.461646
2026-07-16_ttft_component_regression/phase1/input6000_rate3p33_reuse00_seed3,180,0.012758073171765786,11.581510377641555,11.59426845081332,767.7141235352532,4.440892098500626e-15,779.3083919860665,15.024195,730.107182,0.0,745.131377
2026-07-16_ttft_component_regression/phase1/input6000_rate3p33_reuse00_seed3,183,0.042967457993166244,13.776948364975329,13.819915822968495,767.7141235352532,4.440892098500626e-15,781.5340393582217,6.965235,730.134646,0.0,737.099881
2026-07-16_ttft_component_regression/phase1/input6000_rate3p33_reuse00_seed3,191,0.0,17.145226935685205,17.145226935685205,767.7141235352532,4.440892098500626e-15,784.8593504709384,188.415318,738.2342,0.0,926.649518
2026-07-16_ttft_component_regression/phase1/input6000_rate3p33_reuse00_seed3,196,0.0,17.986641538832917,17.986641538832917,767.7141235352532,4.440892098500626e-15,785.7007650740861,4.250424,752.950474,0.0,757.200898
2026-07-16_ttft_component_regression/phase1/input6000_rate3p33_reuse00_seed3,186,0.0,16.526251697456527,16.526251697456527,767.7141235352532,4.440892098500626e-15,784.2403752327097,20.910027,729.84197,0.0,750.751997
2026-07-16_ttft_component_regression/phase1/input6000_rate3p33_reuse00_seed3,212,0.0,18.320025022222783,18.320025022222783,767.7141235352532,4.440892098500626e-15,786.034148557476,10.231892,751.760572,0.0,761.992464
2026-07-16_ttft_component_regression/phase1/input6000_rate3p33_reuse00_seed3,214,0.04740525232843895,20.308077069178328,20.355482321506766,767.7141235352532,4.440892098500626e-15,788.06960585676,365.126207,1018.132285,0.0,1383.258492
2026-07-16_ttft_component_regression/phase1/input6000_rate3p33_reuse00_seed3,227,0.0423536510227067,20.269850047422633,20.31220369844534,767.7141235352532,4.440892098500626e-15,788.0263272336986,10.640453,766.511597,0.0,777.15205
2026-07-16_ttft_component_regression/phase1/input6000_rate3p33_reuse00_seed3,213,0.0,19.243597114872884,19.243597114872884,767.7141235352532,4.440892098500626e-15,786.957720650126,270.043628,1025.428742,0.0,1295.47237
2026-07-16_ttft_component_regression/phase1/input6000_rate3p33_reuse00_seed3,243,0.0,18.334167511116444,18.334167511116444,767.7141235352532,4.440892098500626e-15,786.0482910463696,22.584769,739.717421,0.0,762.30219
2026-07-16_ttft_component_regression/phase1/input6000_rate3p33_reuse00_seed3,276,0.0,10.720153433135438,10.720153433135438,767.7141235352532,4.440892098500626e-15,778.4342769683886,16.685663,723.706213,0.0,740.391876
2026-07-16_ttft_component_regression/phase1/input6000_rate3p33_reuse00_seed3,285,0.0205684907224365,10.358461206437797,10.379029697160233,767.7141235352532,4.440892098500626e-15,778.0931532324134,10.481972,730.500944,0.0,740.982916
2026-07-16_ttft_component_regression/phase1/input6000_rate3p33_reuse00_seed3,291,0.04554825002570074,10.608708767826593,10.654257017852295,767.7141235352532,4.440892098500626e-15,778.3683805531055,19.600874,725.592823,0.0,745.193697
2026-07-16_ttft_component_regression/phase1/input6000_rate3p33_reuse00_seed3,18,0.0,0.11775246782585364,0.11775246782585364,767.7141235352532,4.440892098500626e-15,767.8318760030791,0.016495,676.342498,0.0,676.358993
2026-07-16_ttft_component_regression/phase1/input6000_rate3p33_reuse00_seed3,39,0.018907393024981296,6.591662946500785,6.610570339525766,767.7141235352532,4.440892098500626e-15,774.324693874779,2.911416,695.463756,0.0,698.375172
2026-07-16_ttft_component_regression/phase1/input6000_rate3p33_reuse00_seed3,55,0.018076928508405025,6.627892003120877,6.645968931629282,767.7141235352532,4.440892098500626e-15,774.3600924668824,15.056213,694.627628,0.0,709.683841
2026-07-16_ttft_component_regression/phase1/input6000_rate3p33_reuse00_seed3,99,0.0,15.564031339463613,15.564031339463613,767.7141235352532,4.440892098500626e-15,783.2781548747168,0.113592,723.264586,0.0,723.378178
2026-07-16_ttft_component_regression/phase1/input6000_rate3p33_reuse00_seed3,90,0.04043638059718346,226.75492971266132,226.7953660932585,767.7141235352532,4.440892098500626e-15,994.5094896285117,1225.489626,940.189661,0.0,2165.679287
2026-07-16_ttft_component_regression/phase1/input6000_rate3p33_reuse00_seed3,85,0.0,11.656306089785067,11.656306089785067,767.7141235352532,4.440892098500626e-15,779.3704296250382,5.827818,714.561126,0.0,720.388944
2026-07-16_ttft_component_regression/phase1/input6000_rate3p33_reuse00_seed3,87,0.0,11.520602980346476,11.520602980346476,767.7141235352532,4.440892098500626e-15,779.2347265155996,370.080388,978.258015,0.0,1348.338403
2026-07-16_ttft_component_regression/phase1/input6000_rate3p33_reuse00_seed3,89,0.015551528405932694,11.047272844530335,11.062824372936268,767.7141235352532,4.440892098500626e-15,778.7769479081894,609.033968,989.313991,0.0,1598.347959
2026-07-16_ttft_component_regression/phase1/input6000_rate3p33_reuse00_seed3,155,0.021932748029150663,10.421587602336938,10.44352035036609,767.7141235352532,4.440892098500626e-15,778.1576438856192,1.750671,712.470862,0.0,714.221533
2026-07-16_ttft_component_regression/phase1/input6000_rate3p33_reuse00_seed3,171,0.0,10.920027679597082,10.920027679597082,767.7141235352532,4.440892098500626e-15,778.6341512148502,11.399288,699.877466,0.0,711.276754
2026-07-16_ttft_component_regression/phase1/input6000_rate3p33_reuse00_seed3,176,0.0,10.71646530722497,10.71646530722497,767.7141235352532,4.440892098500626e-15,778.4305888424782,12.736944,719.005623,0.0,731.742567
2026-07-16_ttft_component_regression/phase1/input6000_rate3p33_reuse00_seed3,168,0.02339896830541087,5.8097344013300996,5.833133369635511,767.7141235352532,4.440892098500626e-15,773.5472569048887,8.663661,694.46574,0.0,703.129401
2026-07-16_ttft_component_regression/phase1/input6000_rate3p33_reuse00_seed3,192,0.0,15.470630975697748,15.470630975697748,767.7141235352532,4.440892098500626e-15,783.1847545109509,157.730481,727.031694,0.0,884.762175
2026-07-16_ttft_component_regression/phase1/input6000_rate3p33_reuse00_seed3,181,0.013793454469820627,11.633003048144296,11.646796502614118,767.7141235352532,4.440892098500626e-15,779.3609200378673,6.586482,727.258385,0.0,733.844867
2026-07-16_ttft_component_regression/phase1/input6000_rate3p33_reuse00_seed3,188,0.04090403252092706,12.995608884240102,13.03651291676103,767.7141235352532,4.440892098500626e-15,780.7506364520142,9.042052,728.282115,0.0,737.324167
2026-07-16_ttft_component_regression/phase1/input6000_rate3p33_reuse00_seed3,207,0.0,18.318922901524747,18.318922901524747,767.7141235352532,4.440892098500626e-15,786.0330464367779,19.153168,743.874089,0.0,763.027257
2026-07-16_ttft_component_regression/phase1/input6000_rate3p33_reuse00_seed3,219,0.0,18.307781680948125,18.307781680948125,767.7141235352532,4.440892098500626e-15,786.0219052162013,10.324683,744.686533,0.0,755.011216
2026-07-16_ttft_component_regression/phase1/input6000_rate3p33_reuse00_seed3,228,0.0,19.211021954738364,19.211021954738364,767.7141235352532,4.440892098500626e-15,786.9251454899916,1.569386,745.549426,0.0,747.118812
2026-07-16_ttft_component_regression/phase1/input6000_rate3p33_reuse00_seed3,226,0.0,18.318922901524747,18.318922901524747,767.7141235352532,4.440892098500626e-15,786.0330464367779,1.221122,745.496355,0.0,746.717477
2026-07-16_ttft_component_regression/phase1/input6000_rate3p33_reuse00_seed3,247,0.0,16.529512300997943,16.529512300997943,767.7141235352532,4.440892098500626e-15,784.2436358362511,175.558877,735.620166,0.0,911.179043
2026-07-16_ttft_component_regression/phase1/input6000_rate3p33_reuse00_seed3,244,0.042976586051428844,13.829282634893495,13.872259220944924,767.7141235352532,4.440892098500626e-15,781.5863827561981,19.300891,731.677997,0.0,750.978888
2026-07-16_ttft_component_regression/phase1/input6000_rate3p33_reuse00_seed3,298,0.005838472763694185,10.516964676524163,10.522803149287856,767.7141235352532,4.440892098500626e-15,778.236926684541,16.040211,704.793345,0.0,720.833556
2026-07-16_ttft_component_regression/phase1/input6000_rate3p33_reuse00_seed3,1,0.0,0.11524958579539016,0.11524958579539016,767.7141235352532,4.440892098500626e-15,767.8293731210485,2.176096,676.342498,0.0,678.518594
2026-07-16_ttft_component_regression/phase1/input6000_rate3p33_reuse00_seed3,31,0.0,11.729003744507132,11.729003744507132,767.7141235352532,4.440892098500626e-15,779.4431272797603,363.112872,939.500612,0.0,1302.613484
2026-07-16_ttft_component_regression/phase1/input6000_rate3p33_reuse00_seed3,30,0.01872097601055423,6.600340854698473,6.619061830709027,767.7141235352532,4.440892098500626e-15,774.3331853659622,2.45156,707.629263,0.0,710.080823
2026-07-16_ttft_component_regression/phase1/input6000_rate3p33_reuse00_seed3,21,0.01878346878988004,6.597469478004011,6.616252946793891,767.7141235352532,4.440892098500626e-15,774.3303764820471,8.641833,695.524972,0.0,704.166805
2026-07-16_ttft_component_regression/phase1/input6000_rate3p33_reuse00_seed3,54,0.0,16.586776966297723,16.586776966297723,767.7141235352532,4.440892098500626e-15,784.3009005015509,313.322144,998.723283,0.0,1312.045427
2026-07-16_ttft_component_regression/phase1/input6000_rate3p33_reuse00_seed3,43,0.0,11.470456650946518,11.470456650946518,767.7141235352532,4.440892098500626e-15,779.1845801861997,2.61699,719.612207,0.0,722.229197
2026-07-16_ttft_component_regression/phase1/input6000_rate3p33_reuse00_seed3,45,0.014823092976561708,11.68505851561739,11.699881608593952,767.7141235352532,4.440892098500626e-15,779.4140051438471,252.661411,953.836084,0.0,1206.497495
2026-07-16_ttft_component_regression/phase1/input6000_rate3p33_reuse00_seed3,53,0.04279800452296885,13.991382408448166,14.034180412971134,767.7141235352532,4.440892098500626e-15,781.7483039482244,8.102043,730.147049,0.0,738.249092
2026-07-16_ttft_component_regression/phase1/input6000_rate3p33_reuse00_seed3,58,0.0,18.353237264264543,18.353237264264543,767.7141235352532,4.440892098500626e-15,786.0673607995177,58.820282,969.371842,0.0,1028.192124
2026-07-16_ttft_component_regression/phase1/input6000_rate3p33_reuse00_seed3,86,0.0,18.375881944197104,18.375881944197104,767.7141235352532,4.440892098500626e-15,786.0900054794503,17.129582,730.065154,0.0,747.194736
2026-07-16_ttft_component_regression/phase1/input6000_rate3p33_reuse00_seed3,111,0.4722043496739064,22.249197065908014,22.72140141558192,767.7141235352532,4.440892098500626e-15,790.4355249508351,307.70007,1036.262452,0.0,1343.962522
2026-07-16_ttft_component_regression/phase1/input6000_rate3p33_reuse00_seed3,105,0.0,19.316525348849098,19.316525348849098,767.7141235352532,4.440892098500626e-15,787.0306488841022,12.420576,747.125116,0.0,759.545692
2026-07-16_ttft_component_regression/phase1/input6000_rate3p33_reuse00_seed3,78,0.0,18.071958193159144,18.071958193159144,767.7141235352532,4.440892098500626e-15,785.7860817284123,9.968485,735.724405,0.0,745.69289
2026-07-16_ttft_component_regression/phase1/input6000_rate3p33_reuse00_seed3,109,0.06984344223818181,20.473758549816836,20.543601992055017,767.7141235352532,4.440892098500626e-15,788.2577255273081,153.757945,761.013522,0.0,914.771467
2026-07-16_ttft_component_regression/phase1/input6000_rate3p33_reuse00_seed3,128,0.4823503016053687,19.779031772093614,20.261382073698982,767.7141235352532,4.440892098500626e-15,787.9755056089522,7.34435,775.201154,0.0,782.545504
2026-07-16_ttft_component_regression/phase1/input6000_rate3p33_reuse00_seed3,102,0.0,18.372830392411476,18.372830392411476,767.7141235352532,4.440892098500626e-15,786.0869539276647,16.721674,735.511456,0.0,752.23313
2026-07-16_ttft_component_regression/phase1/input6000_rate3p33_reuse00_seed3,146,0.08259558246168086,18.400750625126662,18.483346207588344,767.7141235352532,4.440892098500626e-15,786.1974697428416,17.44196,759.261422,0.0,776.703382
2026-07-16_ttft_component_regression/phase1/input6000_rate3p33_reuse00_seed3,173,0.0,10.13560268190381,10.13560268190381,767.7141235352532,4.440892098500626e-15,777.849726217157,14.358617,717.742034,0.0,732.100651
2026-07-16_ttft_component_regression/phase1/input6000_rate3p33_reuse00_seed3,178,0.0,10.925968980998057,10.925968980998057,767.7141235352532,4.440892098500626e-15,778.6400925162512,12.182357,716.719057,0.0,728.901414
2026-07-16_ttft_component_regression/phase1/input6000_rate3p33_reuse00_seed3,199,0.0,10.881466618514013,10.881466618514013,767.7141235352532,4.440892098500626e-15,778.5955901537671,5.359521,716.095273,0.0,721.454794
2026-07-16_ttft_component_regression/phase1/input6000_rate3p33_reuse00_seed3,211,0.016298722938929793,11.761218815495072,11.777517538434001,767.7141235352532,4.440892098500626e-15,779.4916410736872,213.206134,974.031533,0.0,1187.237667
2026-07-16_ttft_component_regression/phase1/input6000_rate3p33_reuse00_seed3,210,0.0,11.513895879628993,11.513895879628993,767.7141235352532,4.440892098500626e-15,779.2280194148822,16.194957,733.574872,0.0,749.769829
2026-07-16_ttft_component_regression/phase1/input6000_rate3p33_reuse00_seed3,216,0.04259751497937959,14.068295747034398,14.110893262013777,767.7141235352532,4.440892098500626e-15,781.8250167972669,22.16202,729.207541,0.0,751.369561
2026-07-16_ttft_component_regression/phase1/input6000_rate3p33_reuse00_seed3,225,0.0,16.664830014894385,16.664830014894385,767.7141235352532,4.440892098500626e-15,784.3789535501476,16.378835,733.89508,0.0,750.273915
2026-07-16_ttft_component_regression/phase1/input6000_rate3p33_reuse00_seed3,251,0.0,18.35636437971776,18.35636437971776,767.7141235352532,4.440892098500626e-15,786.070487914971,20.635206,741.857527,0.0,762.492733
2026-07-16_ttft_component_regression/phase1/input6000_rate3p33_reuse00_seed3,237,0.0,16.65023900136105,16.65023900136105,767.7141235352532,4.440892098500626e-15,784.3643625366142,18.060041,735.728341,0.0,753.788382
2026-07-16_ttft_component_regression/phase1/input6000_rate3p33_reuse00_seed3,255,0.0,19.28847617064014,19.28847617064014,767.7141235352532,4.440892098500626e-15,787.0025997058933,17.258098,757.236305,0.0,774.494403
2026-07-16_ttft_component_regression/phase1/input6000_rate3p33_reuse00_seed3,248,0.0,16.63842379829414,16.63842379829414,767.7141235352532,4.440892098500626e-15,784.3525473335474,0.377206,734.949029,0.0,735.326235
2026-07-16_ttft_component_regression/phase1/input6000_rate3p33_reuse00_seed3,282,0.06316034885309749,18.105022071965294,18.168182420818393,767.7141235352532,4.440892098500626e-15,785.8823059560716,71.020129,1033.014063,0.0,1104.034192
2026-07-16_ttft_component_regression/phase1/input6000_rate3p33_reuse00_seed3,288,0.45624609628739005,19.68877164820436,20.14501774449175,767.7141235352532,4.440892098500626e-15,787.8591412797449,90.758227,1025.449421,0.0,1116.207648
2026-07-16_ttft_component_regression/phase1/input6000_rate3p33_reuse00_seed3,280,0.06782728275957603,18.13556823777508,18.203395520534656,767.7141235352532,4.440892098500626e-15,785.9175190557878,22.86208,754.590409,0.0,777.452489
2026-07-16_ttft_component_regression/phase1/input6000_rate3p33_reuse00_seed3,294,0.4485476045173679,19.661452829626242,20.11000043414361,767.7141235352532,4.440892098500626e-15,787.8241239693967,12.632271,768.884495,0.0,781.516766
2026-07-16_ttft_component_regression/phase1/input6000_rate3p33_reuse00_seed3,264,0.07052731049563768,20.478706447183736,20.549233757679374,767.7141235352532,4.440892098500626e-15,788.2633572929326,23.13333,755.410986,0.0,778.544316
2026-07-16_ttft_component_regression/phase1/input6000_rate3p33_reuse00_seed3,17,0.018531392037606963,6.608827757884282,6.627359149921889,767.7141235352532,4.440892098500626e-15,774.341482685175,13.845823,694.40478,0.0,708.250603
2026-07-16_ttft_component_regression/phase1/input6000_rate3p33_reuse00_seed3,13,0.0,0.15019602773110124,0.15019602773110124,767.7141235352532,4.440892098500626e-15,767.8643195629843,0.001081,676.342498,0.0,676.343579
2026-07-16_ttft_component_regression/phase1/input6000_rate3p33_reuse00_seed3,19,0.0,11.672089600154607,11.672089600154607,767.7141235352532,4.440892098500626e-15,779.3862131354078,33.898149,699.666458,0.0,733.564607
2026-07-16_ttft_component_regression/phase1/input6000_rate3p33_reuse00_seed3,32,0.015505966163652338,11.72006887506768,11.735574841231333,767.7141235352532,4.440892098500626e-15,779.4496983764845,16.938145,710.36491,0.0,727.303055
2026-07-16_ttft_component_regression/phase1/input6000_rate3p33_reuse00_seed3,29,0.0,11.502994253443829,11.502994253443829,767.7141235352532,4.440892098500626e-15,779.217117788697,6.689277,705.857452,0.0,712.546729
2026-07-16_ttft_component_regression/phase1/input6000_rate3p33_reuse00_seed3,60,0.0,19.3077697217842,19.3077697217842,767.7141235352532,4.440892098500626e-15,787.0218932570374,4.909606,735.382101,0.0,740.291707
2026-07-16_ttft_component_regression/phase1/input6000_rate3p33_reuse00_seed3,47,0.0,16.626481115633183,16.626481115633183,767.7141235352532,4.440892098500626e-15,784.3406046508863,347.985767,999.804563,0.0,1347.79033
2026-07-16_ttft_component_regression/phase1/input6000_rate3p33_reuse00_seed3,64,0.06984344223818181,20.473758549816836,20.543601992055017,767.7141235352532,4.440892098500626e-15,788.2577255273081,13.231661,743.783256,0.0,757.014917
2026-07-16_ttft_component_regression/phase1/input6000_rate3p33_reuse00_seed3,46,0.04272368702512425,14.023506373552701,14.066230060577825,767.7141235352532,4.440892098500626e-15,781.780353595831,5.126641,731.006729,0.0,736.13337
2026-07-16_ttft_component_regression/phase1/input6000_rate3p33_reuse00_seed3,88,0.4656647330200223,22.224036913167982,22.689701646188006,767.7141235352532,4.440892098500626e-15,790.4038251814412,17.023714,770.503361,0.0,787.527075
2026-07-16_ttft_component_regression/phase1/input6000_rate3p33_reuse00_seed3,82,0.06576907753347967,20.44415796790536,20.509927045438843,767.7141235352532,4.440892098500626e-15,788.224050580692,14.007821,751.41027,0.0,765.418091
2026-07-16_ttft_component_regression/phase1/input6000_rate3p33_reuse00_seed3,50,0.0,18.366695034858466,18.366695034858466,767.7141235352532,4.440892098500626e-15,786.0808185701117,439.096521,970.394338,0.0,1409.490859
2026-07-16_ttft_component_regression/phase1/input6000_rate3p33_reuse00_seed3,67,0.4894066579032249,22.314166963500664,22.80357362140389,767.7141235352532,4.440892098500626e-15,790.517697156657,9.886235,751.36921,0.0,761.255445
2026-07-16_ttft_component_regression/phase1/input6000_rate3p33_reuse00_seed3,107,0.0,19.247547344933768,19.247547344933768,767.7141235352532,4.440892098500626e-15,786.961670880187,13.351388,756.492001,0.0,769.843389
2026-07-16_ttft_component_regression/phase1/input6000_rate3p33_reuse00_seed3,108,0.05711033353690193,20.380546889846354,20.437657223383255,767.7141235352532,4.440892098500626e-15,788.1517807586364,152.712262,1030.590414,0.0,1183.302676
2026-07-16_ttft_component_regression/phase1/input6000_rate3p33_reuse00_seed3,114,0.4654131903563603,20.822553883238843,21.287967073595205,767.7141235352532,4.440892098500626e-15,789.0020906088483,12.066148,765.56523,0.0,777.631378
2026-07-16_ttft_component_regression/phase1/input6000_rate3p33_reuse00_seed3,131,2993.0068713606297,22.07595220959349,3015.0828235702234,767.7141235352532,0.6225679987148514,3783.4195151041913,1619.040711,764.363405,0.619393,2384.023509
2026-07-16_ttft_component_regression/phase1/input6000_rate3p33_reuse00_seed3,141,562.1375424309967,21.68544672173474,583.8229891527315,767.7141235352532,4.440892098500626e-15,1351.5371126879845,505.031394,761.046024,0.0,1266.077418
2026-07-16_ttft_component_regression/phase1/input6000_rate3p33_reuse00_seed3,165,0.0,16.286736526987685,16.286736526987685,767.7141235352532,4.440892098500626e-15,784.0008600622409,20.498126,738.17616,0.0,758.674286
2026-07-16_ttft_component_regression/phase1/input6000_rate3p33_reuse00_seed3,160,0.48367344441341276,19.783510465940054,20.267183910353467,767.7141235352532,4.440892098500626e-15,787.9813074456066,0.370064,759.093556,0.0,759.46362
2026-07-16_ttft_component_regression/phase1/input6000_rate3p33_reuse00_seed3,156,0.49432028195780164,19.819215337314784,20.313535619272585,767.7141235352532,4.440892098500626e-15,788.0276591545257,4.052736,760.52161,0.0,764.574346
2026-07-16_ttft_component_regression/phase1/input6000_rate3p33_reuse00_seed3,202,0.0,15.50658061514961,15.50658061514961,767.7141235352532,4.440892098500626e-15,783.2207041504028,5.999934,740.778445,0.0,746.778379
2026-07-16_ttft_component_regression/phase1/input6000_rate3p33_reuse00_seed3,189,0.0,17.187199331639807,17.187199331639807,767.7141235352532,4.440892098500626e-15,784.901322866893,5.166186,752.739899,0.0,757.906085
2026-07-16_ttft_component_regression/phase1/input6000_rate3p33_reuse00_seed3,221,0.0,11.47825344765984,11.47825344765984,767.7141235352532,4.440892098500626e-15,779.1923769829131,17.156044,722.388305,0.0,739.544349
2026-07-16_ttft_component_regression/phase1/input6000_rate3p33_reuse00_seed3,205,0.0,17.17647467685018,17.17647467685018,767.7141235352532,4.440892098500626e-15,784.8905982121033,12.702041,743.708839,0.0,756.41088
2026-07-16_ttft_component_regression/phase1/input6000_rate3p33_reuse00_seed3,224,0.014251824099286084,11.656070042705265,11.670321866804551,767.7141235352532,4.440892098500626e-15,779.3844454020577,20.957398,729.290106,0.0,750.247504
2026-07-16_ttft_component_regression/phase1/input6000_rate3p33_reuse00_seed3,242,0.0,19.27592031640969,19.27592031640969,767.7141235352532,4.440892098500626e-15,786.9900438516629,200.426028,1020.096227,0.0,1220.522255
2026-07-16_ttft_component_regression/phase1/input6000_rate3p33_reuse00_seed3,234,0.0,16.586776966297723,16.586776966297723,767.7141235352532,4.440892098500626e-15,784.3009005015509,6.793554,730.665342,0.0,737.458896
2026-07-16_ttft_component_regression/phase1/input6000_rate3p33_reuse00_seed3,256,0.4617613537298505,22.2088969287063,22.67065828243615,767.7141235352532,4.440892098500626e-15,790.3847818176894,32.272757,761.72633,0.0,793.999087
2026-07-16_ttft_component_regression/phase1/input6000_rate3p33_reuse00_seed3,230,0.042859289998901214,13.959153884719504,14.002013174718405,767.7141235352532,4.440892098500626e-15,781.7161367099716,9.075249,729.367431,0.0,738.44268
2026-07-16_ttft_component_regression/phase1/input6000_rate3p33_reuse00_seed3,252,0.06241146759575064,20.41960623077477,20.482017698370523,767.7141235352532,4.440892098500626e-15,788.1961412336237,6.791575,761.656211,0.0,768.447786
2026-07-16_ttft_component_regression/phase1/input6000_rate3p33_reuse00_seed3,239,0.0,18.353237264264543,18.353237264264543,767.7141235352532,4.440892098500626e-15,786.0673607995177,10.857354,751.378673,0.0,762.236027
2026-07-16_ttft_component_regression/phase1/input6000_rate3p33_reuse00_seed3,271,0.4735173761961896,22.254217919879206,22.727735296075394,767.7141235352532,4.440892098500626e-15,790.4418588313285,18.047873,768.306816,0.0,786.354689
2026-07-16_ttft_component_regression/phase1/input6000_rate3p33_reuse00_seed3,297,2150.2643073884765,22.074667533897667,2172.3389749223743,767.7141235352532,4.440892098500626e-15,2940.0530984576276,1148.162341,761.404518,0.0,1909.566859
2026-07-16_ttft_component_regression/phase1/input6000_rate3p33_reuse00_seed3,267,0.47878651307482056,22.27426332560977,22.75304983868459,767.7141235352532,4.440892098500626e-15,790.4671733739377,23.176049,771.351921,0.0,794.52797
2026-07-16_ttft_component_regression/phase1/input6000_rate3p33_reuse00_seed3,289,2864.1248848347755,22.073369975722255,2886.198254810498,767.7141235352532,4.440892098500626e-15,3653.912378345751,1701.6919790000002,762.926182,0.0,2464.618161
2026-07-16_ttft_component_regression/phase1/input6000_rate3p33_reuse00_seed3,299,5151.589618400545,22.073369975722255,5173.662988376267,767.7141235352532,4.440892098500626e-15,5941.37711191152,2757.272908,760.400105,0.0,3517.673013
2026-07-16_ttft_component_regression/phase1/input6000_rate3p33_reuse00_seed3,295,2799.98419829618,22.028561453178522,2822.0127597493583,767.7141235352532,0.6225679987148514,3590.3494512833263,6507.2015679999995,761.064377,0.619393,7268.885338
2026-07-16_ttft_component_regression/phase1/input6000_rate3p33_reuse00_seed3,27,0.0,11.681570364697075,11.681570364697075,767.7141235352532,4.440892098500626e-15,779.3956938999503,13.552238,699.52073,0.0,713.072968
2026-07-16_ttft_component_regression/phase1/input6000_rate3p33_reuse00_seed3,23,0.0,0.15019602773110124,0.15019602773110124,767.7141235352532,4.440892098500626e-15,767.8643195629843,0.018288,676.342498,0.0,676.360786
2026-07-16_ttft_component_regression/phase1/input6000_rate3p33_reuse00_seed3,25,0.01787706446929775,6.635747776168931,6.653624840638229,767.7141235352532,4.440892098500626e-15,774.3677483758914,48.149409,693.93438,0.0,742.083789
2026-07-16_ttft_component_regression/phase1/input6000_rate3p33_reuse00_seed3,41,0.0,11.474326761023846,11.474326761023846,767.7141235352532,4.440892098500626e-15,779.188450296277,11.054843,706.461836,0.0,717.516679
2026-07-16_ttft_component_regression/phase1/input6000_rate3p33_reuse00_seed3,70,1.1796564085012606,22.85677406956811,24.03643047806937,767.7141235352532,0.6225679987148514,792.3731220120375,332.097489,955.115252,0.619393,1287.832134
2026-07-16_ttft_component_regression/phase1/input6000_rate3p33_reuse00_seed3,69,0.0,10.718302735594959,10.718302735594959,767.7141235352532,4.440892098500626e-15,778.4324262708482,4.508344,720.713935,0.0,725.222279
2026-07-16_ttft_component_regression/phase1/input6000_rate3p33_reuse00_seed3,96,0.0,10.692143396713885,10.692143396713885,767.7141235352532,4.440892098500626e-15,778.406266931967,8.065593,706.05806,0.0,714.123653
2026-07-16_ttft_component_regression/phase1/input6000_rate3p33_reuse00_seed3,100,1.1393753092829182,22.829563757028897,23.968939066311815,767.7141235352532,0.6225679987148514,792.3056306002799,13.351379,723.2526,0.619393,737.223372
2026-07-16_ttft_component_regression/phase1/input6000_rate3p33_reuse00_seed3,79,0.04087459961013891,13.019965444756478,13.060840044366616,767.7141235352532,4.440892098500626e-15,780.7749635796198,22.332667,718.160114,0.0,740.492781
2026-07-16_ttft_component_regression/phase1/input6000_rate3p33_reuse00_seed3,104,0.0,16.50651077792933,16.50651077792933,767.7141235352532,4.440892098500626e-15,784.2206343131825,10.835335,722.843114,0.0,733.678449
2026-07-16_ttft_component_regression/phase1/input6000_rate3p33_reuse00_seed3,121,1.1564947043562799,21.666974589226797,22.823469293583077,767.7141235352532,0.6225679987148514,791.1601608275512,23.383774,771.926311,0.619393,795.929478
2026-07-16_ttft_component_regression/phase1/input6000_rate3p33_reuse00_seed3,118,1.1706333310326908,21.676518799776566,22.847152130809256,767.7141235352532,0.6225679987148514,791.1838436647773,344.504792,1010.10955,0.619393,1355.233735
2026-07-16_ttft_component_regression/phase1/input6000_rate3p33_reuse00_seed3,101,1.169528904513631,22.850470457046967,24.019999361560597,767.7141235352532,0.6225679987148514,792.3566908955287,56.087654,961.420612,0.619393,1018.127659
2026-07-16_ttft_component_regression/phase1/input6000_rate3p33_reuse00_seed3,117,0.0,17.092041279335493,17.092041279335493,767.7141235352532,4.440892098500626e-15,784.8061648145887,3.090847,757.572028,0.0,760.662875
2026-07-16_ttft_component_regression/phase1/input6000_rate3p33_reuse00_seed3,110,0.0,18.32659412673456,18.32659412673456,767.7141235352532,4.440892098500626e-15,786.0407176619877,19.229654,734.696123,0.0,753.925777
2026-07-16_ttft_component_regression/phase1/input6000_rate3p33_reuse00_seed3,145,1.1726593270263974,21.677832120787514,22.850491447813912,767.7141235352532,0.6225679987148514,791.187182981782,22.985227000000002,776.777304,0.619393,800.381924
2026-07-16_ttft_component_regression/phase1/input6000_rate3p33_reuse00_seed3,147,0.46141239920021476,19.70692459276705,20.168336991967262,767.7141235352532,4.440892098500626e-15,787.8824605272205,247.752657,1036.358756,0.0,1284.111413
2026-07-16_ttft_component_regression/phase1/input6000_rate3p33_reuse00_seed3,195,0.0,15.524136413602593,15.524136413602593,767.7141235352532,4.440892098500626e-15,783.2382599488558,7.235185,741.666541,0.0,748.901726
2026-07-16_ttft_component_regression/phase1/input6000_rate3p33_reuse00_seed3,185,0.0,16.63842379829414,16.63842379829414,767.7141235352532,4.440892098500626e-15,784.3525473335474,150.24011,746.837311,0.0,897.077421
2026-07-16_ttft_component_regression/phase1/input6000_rate3p33_reuse00_seed3,184,0.04253546521105058,14.087422713619967,14.129958178831018,767.7141235352532,4.440892098500626e-15,781.8440817140842,7.177432,728.844934,0.0,736.022366
2026-07-16_ttft_component_regression/phase1/input6000_rate3p33_reuse00_seed3,200,1.1174837341012167,22.812362840020466,23.929846574121683,767.7141235352532,0.6225679987148514,792.2665381080898,13.925832,729.776894,0.619393,744.322119
2026-07-16_ttft_component_regression/phase1/input6000_rate3p33_reuse00_seed3,208,0.04286999409670025,13.952696024439359,13.995566018536058,767.7141235352532,4.440892098500626e-15,781.7096895537892,11.559575,730.879998,0.0,742.439573
2026-07-16_ttft_component_regression/phase1/input6000_rate3p33_reuse00_seed3,220,0.0428990181936884,13.933298770288062,13.97619778848175,767.7141235352532,4.440892098500626e-15,781.6903213237349,21.415118,736.539352,0.0,757.95447
2026-07-16_ttft_component_regression/phase1/input6000_rate3p33_reuse00_seed3,233,0.0,16.56482656744193,16.56482656744193,767.7141235352532,4.440892098500626e-15,784.2789501026951,17.746693,737.50327,0.0,755.249963
2026-07-16_ttft_component_regression/phase1/input6000_rate3p33_reuse00_seed3,235,0.0,18.334167511116444,18.334167511116444,767.7141235352532,4.440892098500626e-15,786.0482910463696,14.01917,743.807791,0.0,757.826961
2026-07-16_ttft_component_regression/phase1/input6000_rate3p33_reuse00_seed3,238,0.0,19.255524226385532,19.255524226385532,767.7141235352532,4.440892098500626e-15,786.9696477616387,7.690184,747.914337,0.0,755.604521
2026-07-16_ttft_component_regression/phase1/input6000_rate3p33_reuse00_seed3,273,1.1534040182464882,22.83969004604588,23.993094064292368,767.7141235352532,0.6225679987148514,792.3297855982604,855.188098,1069.823633,0.619393,1925.631124
2026-07-16_ttft_component_regression/phase1/input6000_rate3p33_reuse00_seed3,272,1.155414275926577,22.841084036690418,23.996498312616996,767.7141235352532,0.6225679987148514,792.333189846585,226.735752,1027.138263,0.619393,1254.493408
2026-07-16_ttft_component_regression/phase1/input6000_rate3p33_reuse00_seed3,262,1.1614542413658775,22.845186578618442,24.00664081998432,767.7141235352532,0.6225679987148514,792.3433323539524,13.317833,739.243024,0.619393,753.18025
2026-07-16_ttft_component_regression/phase1/input6000_rate3p33_reuse00_seed3,278,1.1654885258125451,22.84785518959785,24.013343715410397,767.7141235352532,0.6225679987148514,792.3500352493785,450.753384,972.423971,0.619393,1423.796748
2026-07-16_ttft_component_regression/phase1/input6000_rate3p33_reuse00_seed3,270,1.175600864339762,22.854292946223456,24.02989381056322,767.7141235352532,0.6225679987148514,792.3665853445312,215.653771,748.854985,0.619393,965.128149
2026-07-16_ttft_component_regression/phase1/input6000_rate3p33_reuse00_seed3,269,1.1898216475345722,22.86274036425553,24.0525620117901,767.7141235352532,0.6225679987148514,792.3892535457582,17.026617,739.30145,0.619393,756.94746
2026-07-16_ttft_component_regression/phase1/input6000_rate3p33_reuse00_seed3,287,365.4418769439131,21.69260314583831,387.1344800897514,767.7141235352532,0.6225679987148514,1155.4711716237196,353.877464,759.099409,0.619393,1113.596266
2026-07-16_ttft_component_regression/phase1/input6000_rate3p33_reuse00_seed3,2,0.0,0.1202544124697698,0.1202544124697698,767.7141235352532,4.440892098500626e-15,767.8343779477229,0.133625,676.342498,0.0,676.476123
2026-07-16_ttft_component_regression/phase1/input6000_rate3p33_reuse00_seed3,9,0.019329835108912587,6.570667622645936,6.589997457754849,767.7141235352532,4.440892098500626e-15,774.304120993008,14.315796,694.285612,0.0,708.601408
2026-07-16_ttft_component_regression/phase1/input6000_rate3p33_reuse00_seed3,28,0.0,11.713196643629065,11.713196643629065,767.7141235352532,4.440892098500626e-15,779.4273201788823,16.41331,701.08969,0.0,717.503
2026-07-16_ttft_component_regression/phase1/input6000_rate3p33_reuse00_seed3,37,0.01820848503093583,6.622550195541571,6.640758680572507,767.7141235352532,4.440892098500626e-15,774.3548822158257,15.783269,694.724812,0.0,710.508081
2026-07-16_ttft_component_regression/phase1/input6000_rate3p33_reuse00_seed3,52,0.0,11.488316813957285,11.488316813957285,767.7141235352532,4.440892098500626e-15,779.2024403492105,14.787297,706.20798,0.0,720.995277
2026-07-16_ttft_component_regression/phase1/input6000_rate3p33_reuse00_seed3,40,0.0,11.656306089785067,11.656306089785067,767.7141235352532,4.440892098500626e-15,779.3704296250382,4.936818,699.869946,0.0,704.806764
2026-07-16_ttft_component_regression/phase1/input6000_rate3p33_reuse00_seed3,76,0.0,15.51246336659774,15.51246336659774,767.7141235352532,4.440892098500626e-15,783.226586901851,109.533502,970.827964,0.0,1080.361466
2026-07-16_ttft_component_regression/phase1/input6000_rate3p33_reuse00_seed3,68,0.012844774477180273,10.914394328896938,10.927239103374118,767.7141235352532,4.440892098500626e-15,778.6413626386272,3.965094,711.02123,0.0,714.986324
2026-07-16_ttft_component_regression/phase1/input6000_rate3p33_reuse00_seed3,75,0.040778420912969425,13.074554139658549,13.115332560571519,767.7141235352532,4.440892098500626e-15,780.8294560958248,21.279535,730.675561,0.0,751.955096
2026-07-16_ttft_component_regression/phase1/input6000_rate3p33_reuse00_seed3,80,0.0,18.350096366214817,18.350096366214817,767.7141235352532,4.440892098500626e-15,786.064219901468,2.532406,729.654786,0.0,732.187192
2026-07-16_ttft_component_regression/phase1/input6000_rate3p33_reuse00_seed3,124,0.0,17.470607107051627,17.470607107051627,767.7141235352532,4.440892098500626e-15,785.1847306423048,292.844667,996.473741,0.0,1289.318408
2026-07-16_ttft_component_regression/phase1/input6000_rate3p33_reuse00_seed3,137,0.0,16.29511796229609,16.29511796229609,767.7141235352532,4.440892098500626e-15,784.0092414975493,23.023031,745.461609,0.0,768.48464
2026-07-16_ttft_component_regression/phase1/input6000_rate3p33_reuse00_seed3,113,0.0407068594382004,13.104746431559507,13.145453290997708,767.7141235352532,4.440892098500626e-15,780.8595768262509,15.672654,718.228146,0.0,733.9008
2026-07-16_ttft_component_regression/phase1/input6000_rate3p33_reuse00_seed3,119,0.0,14.75758482964628,14.75758482964628,767.7141235352532,4.440892098500626e-15,782.4717083648994,20.496324,732.198678,0.0,752.695002
2026-07-16_ttft_component_regression/phase1/input6000_rate3p33_reuse00_seed3,122,0.0,16.604116121263168,16.604116121263168,767.7141235352532,4.440892098500626e-15,784.3182396565163,13.539888,749.464541,0.0,763.004429
2026-07-16_ttft_component_regression/phase1/input6000_rate3p33_reuse00_seed3,162,0.1089239263000733,18.570521738287656,18.67944566458773,767.7141235352532,4.440892098500626e-15,786.393569199841,3.049855,751.87045,0.0,754.920305
2026-07-16_ttft_component_regression/phase1/input6000_rate3p33_reuse00_seed3,139,0.0,16.30431074493132,16.30431074493132,767.7141235352532,4.440892098500626e-15,784.0184342801845,343.236204,993.331378,0.0,1336.567582
2026-07-16_ttft_component_regression/phase1/input6000_rate3p33_reuse00_seed3,152,0.0,17.174190099931092,17.174190099931092,767.7141235352532,4.440892098500626e-15,784.8883136351843,6.12763,745.603908,0.0,751.731538
2026-07-16_ttft_component_regression/phase1/input6000_rate3p33_reuse00_seed3,169,0.5132168511410402,19.881141464629327,20.39435831577037,767.7141235352532,4.440892098500626e-15,788.1084818510235,0.225225,761.145713,0.0,761.370938
2026-07-16_ttft_component_regression/phase1/input6000_rate3p33_reuse00_seed3,172,0.5026071685586493,20.953504099807155,21.456111268365806,767.7141235352532,4.440892098500626e-15,789.170234803619,13.45587,773.597546,0.0,787.053416
2026-07-16_ttft_component_regression/phase1/input6000_rate3p33_reuse00_seed3,209,0.0,19.303433920199144,19.303433920199144,767.7141235352532,4.440892098500626e-15,787.0175574554523,22.950209,741.96127,0.0,764.911479
2026-07-16_ttft_component_regression/phase1/input6000_rate3p33_reuse00_seed3,201,0.08238036672939925,19.267528457630572,19.34990882435997,767.7141235352532,4.440892098500626e-15,787.0640323596132,4.579296,758.833026,0.0,763.412322
2026-07-16_ttft_component_regression/phase1/input6000_rate3p33_reuse00_seed3,194,0.07814036964131313,19.239254397368953,19.317394767010267,767.7141235352532,4.440892098500626e-15,787.0315183022634,25.384908,759.56817,0.0,784.953078
2026-07-16_ttft_component_regression/phase1/input6000_rate3p33_reuse00_seed3,222,0.0,19.303433920199144,19.303433920199144,767.7141235352532,4.440892098500626e-15,787.0175574554523,2.473101,750.501675,0.0,752.974776
2026-07-16_ttft_component_regression/phase1/input6000_rate3p33_reuse00_seed3,204,0.08520741233114777,20.583532659362707,20.668740071693854,767.7141235352532,4.440892098500626e-15,788.382863606947,15.184661,755.170117,0.0,770.354778
2026-07-16_ttft_component_regression/phase1/input6000_rate3p33_reuse00_seed3,260,0.0,17.166572738905625,17.166572738905625,767.7141235352532,4.440892098500626e-15,784.8806962741588,23.944252,748.637539,0.0,772.581791
2026-07-16_ttft_component_regression/phase1/input6000_rate3p33_reuse00_seed3,240,0.0,16.586776966297723,16.586776966297723,767.7141235352532,4.440892098500626e-15,784.3009005015509,13.192297,739.742734,0.0,752.935031
2026-07-16_ttft_component_regression/phase1/input6000_rate3p33_reuse00_seed3,245,0.0,16.586776966297723,16.586776966297723,767.7141235352532,4.440892098500626e-15,784.3009005015509,11.316501,741.290729,0.0,752.60723
2026-07-16_ttft_component_regression/phase1/input6000_rate3p33_reuse00_seed3,265,0.04273959898955219,14.017090159449397,14.05982975843895,767.7141235352532,4.440892098500626e-15,781.7739532936921,14.396113,735.176389,0.0,749.572502
2026-07-16_ttft_component_regression/phase1/input6000_rate3p33_reuse00_seed3,279,0.04789207366583921,12.467217342022797,12.515109415688636,767.7141235352532,4.440892098500626e-15,780.2292329509418,11.822474,731.517143,0.0,743.339617
2026-07-16_ttft_component_regression/phase1/input6000_rate3p33_reuse00_seed3,22,0.0193887310809813,6.56758255334261,6.5869712844235915,767.7141235352532,4.440892098500626e-15,774.3010948196768,202.347329,927.033461,0.0,1129.38079
2026-07-16_ttft_component_regression/phase1/input6000_rate3p33_reuse00_seed3,20,0.0,0.13025234373431652,0.13025234373431652,767.7141235352532,4.440892098500626e-15,767.8443758789875,0.009898,689.692786,0.0,689.702684
2026-07-16_ttft_component_regression/phase1/input6000_rate3p33_reuse00_seed3,42,0.0,11.757401891577828,11.757401891577828,767.7141235352532,4.440892098500626e-15,779.471525426831,9.067353,700.917466,0.0,709.984819
2026-07-16_ttft_component_regression/phase1/input6000_rate3p33_reuse00_seed3,49,0.0,11.431658137010421,11.431658137010421,767.7141235352532,4.440892098500626e-15,779.1457816722636,0.822455,706.685356,0.0,707.507811
2026-07-16_ttft_component_regression/phase1/input6000_rate3p33_reuse00_seed3,57,0.0,11.436538153249053,11.436538153249053,767.7141235352532,4.440892098500626e-15,779.1506616885023,6.911121,706.213644,0.0,713.124765
2026-07-16_ttft_component_regression/phase1/input6000_rate3p33_reuse00_seed3,65,0.011949274051365016,11.541857213368049,11.553806487419413,767.7141235352532,4.440892098500626e-15,779.2679300226725,233.089281,953.030324,0.0,1186.119605
2026-07-16_ttft_component_regression/phase1/input6000_rate3p33_reuse00_seed3,71,0.04094365643706747,12.909938264234402,12.950881920671469,767.7141235352532,4.440892098500626e-15,780.6650054559246,11.982783,716.321138,0.0,728.303921
2026-07-16_ttft_component_regression/phase1/input6000_rate3p33_reuse00_seed3,63,0.0,11.451959448508932,11.451959448508932,767.7141235352532,4.440892098500626e-15,779.1660829837621,3.765351,718.912143,0.0,722.677494
2026-07-16_ttft_component_regression/phase1/input6000_rate3p33_reuse00_seed3,103,0.04297269034801083,13.790050801226586,13.833023491574597,767.7141235352532,4.440892098500626e-15,781.5471470268278,20.201872,718.14725,0.0,738.349122
2026-07-16_ttft_component_regression/phase1/input6000_rate3p33_reuse00_seed3,115,0.04826545523990802,12.300362192474216,12.348627647714125,767.7141235352532,4.440892098500626e-15,780.0627511829673,10.128447,718.098258,0.0,728.226705
2026-07-16_ttft_component_regression/phase1/input6000_rate3p33_reuse00_seed3,154,0.0,14.708665892578088,14.708665892578088,767.7141235352532,4.440892098500626e-15,782.4227894278313,5.981043,690.972077,0.0,696.95312
2026-07-16_ttft_component_regression/phase1/input6000_rate3p33_reuse00_seed3,144,0.04809994943607868,12.398552840890849,12.446652790326928,767.7141235352532,4.440892098500626e-15,780.1607763255801,19.0548,721.436815,0.0,740.491615
2026-07-16_ttft_component_regression/phase1/input6000_rate3p33_reuse00_seed3,130,0.044967227190181536,10.581905019254245,10.626872246444426,767.7141235352532,4.440892098500626e-15,778.3409957816976,5.872175,711.440142,0.0,717.312317
2026-07-16_ttft_component_regression/phase1/input6000_rate3p33_reuse00_seed3,132,0.07242469046202536,12.677323356205802,12.749748046667827,767.7141235352532,4.440892098500626e-15,780.463871581921,18.839243,725.91446,0.0,744.753703
2026-07-16_ttft_component_regression/phase1/input6000_rate3p33_reuse00_seed3,135,0.014315731605905229,15.043997167986237,15.058312899592142,767.7141235352532,4.440892098500626e-15,782.7724364348453,4.258868,731.328151,0.0,735.587019
2026-07-16_ttft_component_regression/phase1/input6000_rate3p33_reuse00_seed3,170,0.017616027280395786,15.003238439972215,15.02085446725261,767.7141235352532,4.440892098500626e-15,782.7349780025058,22.141362,733.627399,0.0,755.768761
2026-07-16_ttft_component_regression/phase1/input6000_rate3p33_reuse00_seed3,190,0.07118427677681761,19.192423100944644,19.263607377721463,767.7141235352532,4.440892098500626e-15,786.9777309129746,23.587264,753.884388,0.0,777.471652
2026-07-16_ttft_component_regression/phase1/input6000_rate3p33_reuse00_seed3,179,0.0,18.36051329911684,18.36051329911684,767.7141235352532,4.440892098500626e-15,786.07463683437,15.556174,754.887503,0.0,770.443677
2026-07-16_ttft_component_regression/phase1/input6000_rate3p33_reuse00_seed3,182,0.0,19.323166285897706,19.323166285897706,767.7141235352532,4.440892098500626e-15,787.0372898211509,223.610778,1003.372244,0.0,1226.983022
2026-07-16_ttft_component_regression/phase1/input6000_rate3p33_reuse00_seed3,215,0.014594818223764317,11.67344261181151,11.688037430035275,767.7141235352532,4.440892098500626e-15,779.4021609652884,8.015847,732.641169,0.0,740.657016
2026-07-16_ttft_component_regression/phase1/input6000_rate3p33_reuse00_seed3,223,0.01390815573217934,11.63875941538972,11.6526675711219,767.7141235352532,4.440892098500626e-15,779.3667911063751,5.292966,727.710105,0.0,733.003071
2026-07-16_ttft_component_regression/phase1/input6000_rate3p33_reuse00_seed3,231,0.042971845843402114,13.848854395895698,13.8918262417391,767.7141235352532,4.440892098500626e-15,781.6059497769922,1.112744,733.976976,0.0,735.08972
2026-07-16_ttft_component_regression/phase1/input6000_rate3p33_reuse00_seed3,250,0.04297717194805519,13.822752058124799,13.865729230072853,767.7141235352532,4.440892098500626e-15,781.579852765326,11.142512,734.104059,0.0,745.246571
2026-07-16_ttft_component_regression/phase1/input6000_rate3p33_reuse00_seed3,254,0.0,16.496525795373106,16.496525795373106,767.7141235352532,4.440892098500626e-15,784.2106493306263,15.123581,743.165595,0.0,758.289176
2026-07-16_ttft_component_regression/phase1/input6000_rate3p33_reuse00_seed3,277,0.0098610132655894,10.774599406755808,10.784460420021396,767.7141235352532,4.440892098500626e-15,778.4985839552746,20.115712,742.35102,0.0,762.466732
2026-07-16_ttft_component_regression/phase1/input6000_rate3p33_reuse00_seed3,268,0.009514060824524153,10.758759284517895,10.768273345342418,767.7141235352532,4.440892098500626e-15,778.4823968805956,17.845637,724.618581,0.0,742.464218
2026-07-16_ttft_component_regression/phase1/input6000_rate3p33_reuse00_seed3,296,0.021739273540032765,14.949228954864484,14.970968228404518,767.7141235352532,4.440892098500626e-15,782.6850917636577,2.598422,733.558906,0.0,736.157328
2026-07-16_ttft_component_regression/phase1/input6000_rate3p33_reuse00_seed3,281,0.04829270069127037,12.224636748547393,12.272929449238664,767.7141235352532,4.440892098500626e-15,779.9870529844918,55.165842,1009.588404,0.0,1064.754246
2026-07-16_ttft_component_regression/phase1/input6000_rate3p33_reuse00_seed3,286,0.0,14.668980607042943,14.668980607042943,767.7141235352532,4.440892098500626e-15,782.3831041422961,18.518233,968.733738,0.0,987.251971
2026-07-16_ttft_component_regression/phase1/input6000_rate3p33_reuse00_seed3,11,0.0,11.719521023213252,11.719521023213252,767.7141235352532,4.440892098500626e-15,779.4336445584664,5.793922,699.581146,0.0,705.375068
2026-07-16_ttft_component_regression/phase1/input6000_rate3p33_reuse00_seed3,7,0.018531392037606963,6.608827757884282,6.627359149921889,767.7141235352532,4.440892098500626e-15,774.341482685175,0.682753,694.17262,0.0,694.855373
2026-07-16_ttft_component_regression/phase1/input6000_rate3p33_reuse00_seed3,3,0.0,0.15268363731950496,0.15268363731950496,767.7141235352532,4.440892098500626e-15,767.8668071725726,0.005305,676.342498,0.0,676.347803
2026-07-16_ttft_component_regression/phase1/input6000_rate3p33_reuse00_seed3,16,0.0,11.457358741655254,11.457358741655254,767.7141235352532,4.440892098500626e-15,779.1714822769085,15.265676,706.193388,0.0,721.459064
2026-07-16_ttft_component_regression/phase1/input6000_rate3p33_reuse00_seed3,24,0.0141373415518521,11.650292929141134,11.664430270692986,767.7141235352532,4.440892098500626e-15,779.3785538059461,0.954484,710.33835,0.0,711.292834
2026-07-16_ttft_component_regression/phase1/input6000_rate3p33_reuse00_seed3,35,0.04288018283495762,13.946234195040315,13.989114377875273,767.7141235352532,4.440892098500626e-15,781.7032379131284,19.557349,718.171954,0.0,737.729303
2026-07-16_ttft_component_regression/phase1/input6000_rate3p33_reuse00_seed3,84,0.0,11.496620113712511,11.496620113712511,767.7141235352532,4.440892098500626e-15,779.2107436489657,74.23194,706.145484,0.0,780.377424
2026-07-16_ttft_component_regression/phase1/input6000_rate3p33_reuse00_seed3,92,0.012844774477180273,10.914394328896938,10.927239103374118,767.7141235352532,4.440892098500626e-15,778.6413626386272,7.4354,710.244206,0.0,717.679606
2026-07-16_ttft_component_regression/phase1/input6000_rate3p33_reuse00_seed3,93,0.040882720955453665,13.013881615158914,13.054764336114367,767.7141235352532,4.440892098500626e-15,780.7688878713675,75.918216,716.728946,0.0,792.647162
2026-07-16_ttft_component_regression/phase1/input6000_rate3p33_reuse00_seed3,81,0.0,11.65315283324074,11.65315283324074,767.7141235352532,4.440892098500626e-15,779.3672763684939,18.379627,700.588826,0.0,718.968453
2026-07-16_ttft_component_regression/phase1/input6000_rate3p33_reuse00_seed3,77,0.01595961865381553,6.169407992374109,6.1853676110279245,767.7141235352532,4.440892098500626e-15,773.8994911462811,0.020908,695.898028,0.0,695.918936
2026-07-16_ttft_component_regression/phase1/input6000_rate3p33_reuse00_seed3,98,0.0,15.52703548307328,15.52703548307328,767.7141235352532,4.440892098500626e-15,783.2411590183265,17.854613,731.35332,0.0,749.207933
2026-07-16_ttft_component_regression/phase1/input6000_rate3p33_reuse00_seed3,123,0.020444747109518695,14.966576374130106,14.987021121239625,767.7141235352532,4.440892098500626e-15,782.7011446564928,19.522084,735.154425,0.0,754.676509
2026-07-16_ttft_component_regression/phase1/input6000_rate3p33_reuse00_seed3,133,0.0,16.570782496692665,16.570782496692665,767.7141235352532,4.440892098500626e-15,784.2849060319459,10.934458,758.909353,0.0,769.843811
2026-07-16_ttft_component_regression/phase1/input6000_rate3p33_reuse00_seed3,143,0.4589117639365372,20.7988706640092,21.257782427945738,767.7141235352532,4.440892098500626e-15,788.9719059631989,10.01622,772.76093,0.0,782.77715
2026-07-16_ttft_component_regression/phase1/input6000_rate3p33_reuse00_seed3,149,2796.7706705889864,21.655321749182452,2818.4259923381687,767.7141235352532,0.6225679987148514,3586.7626838721367,2045.6504830000001,774.190846,0.619393,2820.460722
2026-07-16_ttft_component_regression/phase1/input6000_rate3p33_reuse00_seed3,159,564.1132719526785,21.665561251121428,585.7788332037999,767.7141235352532,4.440892098500626e-15,1353.4929567390532,458.590164,768.912308,0.0,1227.502472
2026-07-16_ttft_component_regression/phase1/input6000_rate3p33_reuse00_seed3,134,0.0,17.418325001134725,17.418325001134725,767.7141235352532,4.440892098500626e-15,785.1324485363879,194.454429,1005.70307,0.0,1200.157499
2026-07-16_ttft_component_regression/phase1/input6000_rate3p33_reuse00_seed3,166,986.8529251118975,21.66976396354262,1008.5226890754402,767.7141235352532,4.440892098500626e-15,1776.2368126106935,789.000134,770.421864,0.0,1559.421998
2026-07-16_ttft_component_regression/phase1/input6000_rate3p33_reuse00_seed3,140,1.1424323964872776,21.65682146966013,22.799253866147406,767.7141235352532,0.6225679987148514,791.1359454001155,17.748912,755.246541,0.619393,773.614846
2026-07-16_ttft_component_regression/phase1/input6000_rate3p33_reuse00_seed3,177,0.04599969751251182,19.018040473286536,19.064040170799046,767.7141235352532,4.440892098500626e-15,786.7781637060523,23.116449,752.939342,0.0,776.055791
2026-07-16_ttft_component_regression/phase1/input6000_rate3p33_reuse00_seed3,198,1.0898964610987407,22.788236259652628,23.878132720751367,767.7141235352532,0.6225679987148514,792.2148242547195,4.521314,749.634943,0.619393,754.77565
2026-07-16_ttft_component_regression/phase1/input6000_rate3p33_reuse00_seed3,203,0.04157403037733139,18.98657764039393,19.02815167077126,767.7141235352532,4.440892098500626e-15,786.7422752060245,13.408817,751.534605,0.0,764.943422
2026-07-16_ttft_component_regression/phase1/input6000_rate3p33_reuse00_seed3,218,0.0,16.558480744819548,16.558480744819548,767.7141235352532,4.440892098500626e-15,784.2726042800728,15.499556,744.456262,0.0,759.955818
2026-07-16_ttft_component_regression/phase1/input6000_rate3p33_reuse00_seed3,232,0.0,11.451959448508932,11.451959448508932,767.7141235352532,4.440892098500626e-15,779.1660829837621,17.111515,727.36995,0.0,744.481465
2026-07-16_ttft_component_regression/phase1/input6000_rate3p33_reuse00_seed3,249,0.04288018283495762,13.946234195040315,13.989114377875273,767.7141235352532,4.440892098500626e-15,781.7032379131284,179.916961,1003.479657,0.0,1183.396618
2026-07-16_ttft_component_regression/phase1/input6000_rate3p33_reuse00_seed3,236,0.013563840261555854,11.621511175024251,11.635075015285807,767.7141235352532,4.440892098500626e-15,779.349198550539,12.112285,725.592753,0.0,737.705038
2026-07-16_ttft_component_regression/phase1/input6000_rate3p33_reuse00_seed3,263,0.0,19.27799618587267,19.27799618587267,767.7141235352532,4.440892098500626e-15,786.9921197211258,22.234171,752.491166,0.0,774.725337
2026-07-16_ttft_component_regression/phase1/input6000_rate3p33_reuse00_seed3,253,0.0,16.592974643974127,16.592974643974127,767.7141235352532,4.440892098500626e-15,784.3070981792273,82.833538,972.632123,0.0,1055.465661
2026-07-16_ttft_component_regression/phase1/input6000_rate3p33_reuse00_seed3,259,0.0,17.174506497183337,17.174506497183337,767.7141235352532,4.440892098500626e-15,784.8886300324365,12.336334,749.514523,0.0,761.850857
2026-07-16_ttft_component_regression/phase1/input6000_rate3p33_reuse00_seed3,246,0.0153923630873633,11.71421697052863,11.729609333615993,767.7141235352532,4.440892098500626e-15,779.4437328688691,15.599853,737.552089,0.0,753.151942
2026-07-16_ttft_component_regression/phase1/input6000_rate3p33_reuse00_seed3,274,0.06436575719814291,19.145970043062963,19.210335800261106,767.7141235352532,4.440892098500626e-15,786.9244593355143,8.790497,764.200821,0.0,772.991318
2026-07-16_ttft_component_regression/phase1/input6000_rate3p33_reuse00_seed3,284,0.07052431147979356,18.15310764140935,18.223631952889143,767.7141235352532,4.440892098500626e-15,785.9377554881423,2.430266,763.287497,0.0,765.717763
2026-07-16_ttft_component_regression/phase1/input6000_rate3p33_reuse00_seed3,293,1.2672593953516527,22.095799665920012,23.363059061271663,767.7141235352532,0.6225679987148514,791.6997505952397,10.568723,764.144365,0.619393,775.332481
2026-07-16_ttft_component_regression/phase1/input6000_rate3p33_reuse00_seed3,4,0.0,0.15019602773110124,0.15019602773110124,767.7141235352532,4.440892098500626e-15,767.8643195629843,0.076812,676.342498,0.0,676.41931
2026-07-16_ttft_component_regression/phase1/input6000_rate3p33_reuse00_seed3,15,0.018658131346927304,6.60319100844304,6.621849139789967,767.7141235352532,4.440892098500626e-15,774.3359726750432,14.038586,695.010348,0.0,709.048934
2026-07-16_ttft_component_regression/phase1/input6000_rate3p33_reuse00_seed3,26,0.0,11.716359031125538,11.716359031125538,767.7141235352532,4.440892098500626e-15,779.4304825663787,10.25918,700.60601,0.0,710.86519
2026-07-16_ttft_component_regression/phase1/input6000_rate3p33_reuse00_seed3,38,0.0,11.48023796554561,11.48023796554561,767.7141235352532,4.440892098500626e-15,779.1943615007988,18.840662,707.228908,0.0,726.06957
2026-07-16_ttft_component_regression/phase1/input6000_rate3p33_reuse00_seed3,62,0.018845608267233593,6.5945768509791725,6.613422459246406,767.7141235352532,4.440892098500626e-15,774.3275459944996,6.969351,695.132012,0.0,702.101363
2026-07-16_ttft_component_regression/phase1/input6000_rate3p33_reuse00_seed3,73,0.0,10.964570003696318,10.964570003696318,767.7141235352532,4.440892098500626e-15,778.6786935389495,9.525886,700.334618,0.0,709.860504
2026-07-16_ttft_component_regression/phase1/input6000_rate3p33_reuse00_seed3,94,0.0,10.705720268347356,10.705720268347356,767.7141235352532,4.440892098500626e-15,778.4198438036005,13.893107,707.063116,0.0,720.956223
2026-07-16_ttft_component_regression/phase1/input6000_rate3p33_reuse00_seed3,116,0.0,10.37449383901168,10.37449383901168,767.7141235352532,4.440892098500626e-15,778.0886173742649,9.155691,700.730618,0.0,709.886309
2026-07-16_ttft_component_regression/phase1/input6000_rate3p33_reuse00_seed3,136,0.04332845930857367,10.507662138166841,10.550990597475415,767.7141235352532,4.440892098500626e-15,778.2651141327286,2.529855,710.536782,0.0,713.066637
2026-07-16_ttft_component_regression/phase1/input6000_rate3p33_reuse00_seed3,129,3.5904728822474994e-05,10.353691474154157,10.35372737888298,767.7141235352532,4.440892098500626e-15,778.0678509141362,101.083867,705.928876,0.0,807.012743
2026-07-16_ttft_component_regression/phase1/input6000_rate3p33_reuse00_seed3,142,0.04827517958107099,12.288745966040148,12.337021145621218,767.7141235352532,4.440892098500626e-15,780.0511446808744,7.848886,720.143183,0.0,727.992069
2026-07-16_ttft_component_regression/phase1/input6000_rate3p33_reuse00_seed3,127,1.1424323964872776,21.65682146966013,22.799253866147406,767.7141235352532,0.6225679987148514,791.1359454001155,18.719219000000002,700.333626,0.619393,719.672238
2026-07-16_ttft_component_regression/phase1/input6000_rate3p33_reuse00_seed3,153,1.1424323964872776,21.65682146966013,22.799253866147406,767.7141235352532,0.6225679987148514,791.1359454001155,160.99724600000002,1003.886995,0.619393,1165.503634
2026-07-16_ttft_component_regression/phase1/input6000_rate3p33_reuse00_seed3,151,0.0,14.67473899205914,14.67473899205914,767.7141235352532,4.440892098500626e-15,782.3888625273123,3.494453,747.362883,0.0,750.857336
2026-07-16_ttft_component_regression/phase1/input6000_rate3p33_reuse00_seed3,174,0.048558315276547824,19.036115112964303,19.08467342824085,767.7141235352532,4.440892098500626e-15,786.798796963494,5.284741,760.661204,0.0,765.945945
2026-07-16_ttft_component_regression/phase1/input6000_rate3p33_reuse00_seed3,175,0.4333286725873876,20.703324665687028,21.136653338274414,767.7141235352532,4.440892098500626e-15,788.8507768735276,23.816998,762.955511,0.0,786.772509
2026-07-16_ttft_component_regression/phase1/input6000_rate3p33_reuse00_seed3,163,0.0,17.088489568491347,17.088489568491347,767.7141235352532,4.440892098500626e-15,784.8026131037445,3.618046,754.532164,0.0,758.15021
2026-07-16_ttft_component_regression/phase1/input6000_rate3p33_reuse00_seed3,187,0.434864365272467,22.102050049151817,22.536914414424285,767.7141235352532,4.440892098500626e-15,790.2510379496774,6.593186,771.351341,0.0,777.944527
2026-07-16_ttft_component_regression/phase1/input6000_rate3p33_reuse00_seed3,167,1.1686088792263256,21.67519290138164,22.843801780607965,767.7141235352532,0.6225679987148514,791.180493314576,24.878701,757.996614,0.619393,783.494708
2026-07-16_ttft_component_regression/phase1/input6000_rate3p33_reuse00_seed3,206,0.0,19.241631476821986,19.241631476821986,767.7141235352532,4.440892098500626e-15,786.9557550120752,6.235968,745.591516,0.0,751.827484
2026-07-16_ttft_component_regression/phase1/input6000_rate3p33_reuse00_seed3,217,0.0,18.318922901524747,18.318922901524747,767.7141235352532,4.440892098500626e-15,786.0330464367779,18.930008,744.169852,0.0,763.09986
2026-07-16_ttft_component_regression/phase1/input6000_rate3p33_reuse00_seed3,258,0.0,10.703976164223267,10.703976164223267,767.7141235352532,4.440892098500626e-15,778.4180996994764,190.115288,721.842227,0.0,911.957515
2026-07-16_ttft_component_regression/phase1/input6000_rate3p33_reuse00_seed3,241,0.0,11.735321962189447,11.735321962189447,767.7141235352532,4.440892098500626e-15,779.4494454974426,0.482134,717.894682,0.0,718.376816
2026-07-16_ttft_component_regression/phase1/input6000_rate3p33_reuse00_seed3,257,0.0,10.928939858822961,10.928939858822961,767.7141235352532,4.440892098500626e-15,778.6430633940762,12.195357,715.119908,0.0,727.315265
2026-07-16_ttft_component_regression/phase1/input6000_rate3p33_reuse00_seed3,266,0.0,11.470456650946518,11.470456650946518,767.7141235352532,4.440892098500626e-15,779.1845801861997,8.504961,721.176164,0.0,729.681125
2026-07-16_ttft_component_regression/phase1/input6000_rate3p33_reuse00_seed3,275,0.011817143170432627,10.865501423461307,10.87731856663174,767.7141235352532,4.440892098500626e-15,778.5914421018849,5.437297,721.862265,0.0,727.299562
2026-07-16_ttft_component_regression/phase1/input6000_rate3p33_reuse00_seed3,283,0.04823223685416055,12.329345654540498,12.377577891394658,767.7141235352532,4.440892098500626e-15,780.0917014266479,19.91682,724.124674,0.0,744.041494
2026-07-16_ttft_component_regression/phase1/input6000_rate3p33_reuse50_seed1,24,0.0,0.38069540876914554,0.38069540876914554,659.3929171458198,0.0,659.7736125545889,0.004314,361.609295,0.0,361.613609
2026-07-16_ttft_component_regression/phase1/input6000_rate3p33_reuse50_seed1,54,0.0,0.4244965661652394,0.4244965661652394,659.3929171458198,0.0,659.817413711985,0.000434,361.609295,0.0,361.609729
2026-07-16_ttft_component_regression/phase1/input6000_rate3p33_reuse50_seed1,72,0.017146477547910474,7.846089023028777,7.863235500576688,659.3929171458198,0.0,667.2561526463965,6.452018,374.293811,0.0,380.745829
2026-07-16_ttft_component_regression/phase1/input6000_rate3p33_reuse50_seed1,96,0.0,15.052979174502214,15.052979174502214,659.3929171458198,0.0,674.4458963203219,0.004324,378.19047,0.0,378.194794
2026-07-16_ttft_component_regression/phase1/input6000_rate3p33_reuse50_seed1,102,0.0,14.820201451806815,14.820201451806815,659.3929171458198,0.0,674.2131185976266,8.926584,381.742865,0.0,390.669449
2026-07-16_ttft_component_regression/phase1/input6000_rate3p33_reuse50_seed1,116,0.0,15.049165896071168,15.049165896071168,659.3929171458198,0.0,674.4420830418909,16.701518,377.758214,0.0,394.459732
2026-07-16_ttft_component_regression/phase1/input6000_rate3p33_reuse50_seed1,128,0.0,13.581619279531376,13.581619279531376,659.3929171458198,0.0,672.9745364253512,17.133095,535.727455,0.0,552.86055
2026-07-16_ttft_component_regression/phase1/input6000_rate3p33_reuse50_seed1,153,0.0,22.20435344198178,22.20435344198178,659.3929171458198,0.0,681.5972705878015,173.44095,679.446033,0.0,852.886983
2026-07-16_ttft_component_regression/phase1/input6000_rate3p33_reuse50_seed1,138,0.04229048664336632,16.506287930120667,16.548578416764034,659.3929171458198,0.0,675.9414955625838,1.782038,389.05028,0.0,390.832318
2026-07-16_ttft_component_regression/phase1/input6000_rate3p33_reuse50_seed1,150,0.0,18.29987731601952,18.29987731601952,659.3929171458198,0.0,677.6927944618393,22.281516,546.590153,0.0,568.871669
2026-07-16_ttft_component_regression/phase1/input6000_rate3p33_reuse50_seed1,130,0.014488841391238957,13.874729698196331,13.88921853958757,659.3929171458198,0.0,673.2821356854073,68.714872,535.895832,0.0,604.610704
2026-07-16_ttft_component_regression/phase1/input6000_rate3p33_reuse50_seed1,151,0.0,21.3995894821686,21.3995894821686,659.3929171458198,0.0,680.7925066279884,7.448126,580.539398,0.0,587.987524
2026-07-16_ttft_component_regression/phase1/input6000_rate3p33_reuse50_seed1,184,0.0,19.43309544968216,19.43309544968216,659.3929171458198,0.0,678.8260125955019,8.796598,401.064373,0.0,409.860971
2026-07-16_ttft_component_regression/phase1/input6000_rate3p33_reuse50_seed1,200,0.0,20.807323616187094,20.807323616187094,659.3929171458198,0.0,680.2002407620068,23.671118,407.944846,0.0,431.615964
2026-07-16_ttft_component_regression/phase1/input6000_rate3p33_reuse50_seed1,190,0.0,20.0565592312325,20.0565592312325,659.3929171458198,0.0,679.4494763770523,6.266959,404.664341,0.0,410.9313
2026-07-16_ttft_component_regression/phase1/input6000_rate3p33_reuse50_seed1,213,0.0,20.073091343747397,20.073091343747397,659.3929171458198,0.0,679.4660084895671,18.244396,404.014988,0.0,422.259384
2026-07-16_ttft_component_regression/phase1/input6000_rate3p33_reuse50_seed1,207,0.0,20.834865430108024,20.834865430108024,659.3929171458198,0.0,680.2277825759278,4.929408,407.679478,0.0,412.608886
2026-07-16_ttft_component_regression/phase1/input6000_rate3p33_reuse50_seed1,228,0.04229048664336632,16.506287930120667,16.548578416764034,659.3929171458198,0.0,675.9414955625838,12.827194,397.285597,0.0,410.112791
2026-07-16_ttft_component_regression/phase1/input6000_rate3p33_reuse50_seed1,259,0.0,13.795026253403709,13.795026253403709,659.3929171458198,0.0,673.1879433992235,16.277789,379.610222,0.0,395.888011
2026-07-16_ttft_component_regression/phase1/input6000_rate3p33_reuse50_seed1,269,0.0,13.605489302663624,13.605489302663624,659.3929171458198,0.0,672.9984064484834,2.576338,387.372181,0.0,389.948519
2026-07-16_ttft_component_regression/phase1/input6000_rate3p33_reuse50_seed1,281,0.042312444543508534,16.490880819253,16.53319326379651,659.3929171458198,0.0,675.9261104096163,21.793696,397.36022,0.0,419.153916
2026-07-16_ttft_component_regression/phase1/input6000_rate3p33_reuse50_seed1,278,0.014256590338478923,13.86057709627333,13.874833686611808,659.3929171458198,0.0,673.2677508324316,18.253395,395.733995,0.0,413.98739
2026-07-16_ttft_component_regression/phase1/input6000_rate3p33_reuse50_seed1,267,0.0,13.79854003887164,13.79854003887164,659.3929171458198,0.0,673.1914571846914,13.820849,388.19991,0.0,402.020759
2026-07-16_ttft_component_regression/phase1/input6000_rate3p33_reuse50_seed1,297,0.0423792809679518,16.429058277979983,16.471437558947937,659.3929171458198,0.0,675.8643547047677,14.057998,397.048669,0.0,411.106667
2026-07-16_ttft_component_regression/phase1/input6000_rate3p33_reuse50_seed1,3,0.0,0.3869668271922161,0.3869668271922161,659.3929171458198,0.0,659.7798839730119,0.678746,361.609295,0.0,362.288041
2026-07-16_ttft_component_regression/phase1/input6000_rate3p33_reuse50_seed1,6,0.019742109942142504,8.533106643097128,8.552848753039271,659.3929171458198,0.0,667.945765898859,3.331929,373.874899,0.0,377.206828
2026-07-16_ttft_component_regression/phase1/input6000_rate3p33_reuse50_seed1,12,0.0,15.140650022006104,15.140650022006104,659.3929171458198,0.0,674.5335671678258,15.49637,377.544838,0.0,393.041208
2026-07-16_ttft_component_regression/phase1/input6000_rate3p33_reuse50_seed1,17,0.0,14.727286111509839,14.727286111509839,659.3929171458198,0.0,674.1202032573295,9.180805,381.352625,0.0,390.53343
2026-07-16_ttft_component_regression/phase1/input6000_rate3p33_reuse50_seed1,22,0.01328878136891063,14.912296330514305,14.925585111883215,659.3929171458198,0.0,674.318502257703,16.38156,384.071537,0.0,400.453097
2026-07-16_ttft_component_regression/phase1/input6000_rate3p33_reuse50_seed1,41,0.0,14.785842444737499,14.785842444737499,659.3929171458198,0.0,674.1787595905572,3.006571,381.844721,0.0,384.851292
2026-07-16_ttft_component_regression/phase1/input6000_rate3p33_reuse50_seed1,60,0.0,15.056793147752465,15.056793147752465,659.3929171458198,0.0,674.4497102935723,17.478598,378.063622,0.0,395.54222
2026-07-16_ttft_component_regression/phase1/input6000_rate3p33_reuse50_seed1,76,0.0,13.568939458968394,13.568939458968394,659.3929171458198,0.0,672.9618566047882,8.709568,381.899185,0.0,390.608753
2026-07-16_ttft_component_regression/phase1/input6000_rate3p33_reuse50_seed1,87,0.04426618617279159,17.89183601733631,17.9361022035091,659.3929171458198,0.0,677.3290193493289,11.212588,388.573448,0.0,399.786036
2026-07-16_ttft_component_regression/phase1/input6000_rate3p33_reuse50_seed1,93,0.0,19.47453737781406,19.47453737781406,659.3929171458198,0.0,678.8674545236338,9.824953,401.954434,0.0,411.779387
2026-07-16_ttft_component_regression/phase1/input6000_rate3p33_reuse50_seed1,97,0.0,23.235086473908222,23.235086473908222,659.3929171458198,0.0,682.628003619728,11.901766,402.343162,0.0,414.244928
2026-07-16_ttft_component_regression/phase1/input6000_rate3p33_reuse50_seed1,83,0.0,14.780367756470444,14.780367756470444,659.3929171458198,0.0,674.1732849022902,2.775438,381.465969,0.0,384.241407
2026-07-16_ttft_component_regression/phase1/input6000_rate3p33_reuse50_seed1,84,0.01575615634839497,15.070565267790533,15.086321424138928,659.3929171458198,0.0,674.4792385699586,11.707798,383.991921,0.0,395.699719
2026-07-16_ttft_component_regression/phase1/input6000_rate3p33_reuse50_seed1,123,0.04241730911378038,16.32797866732526,16.370395976439042,659.3929171458198,0.0,675.7633131222588,14.318599,396.154648,0.0,410.473247
2026-07-16_ttft_component_regression/phase1/input6000_rate3p33_reuse50_seed1,125,0.0,19.413848241313747,19.413848241313747,659.3929171458198,0.0,678.8067653871335,19.224721,401.366037,0.0,420.590758
2026-07-16_ttft_component_regression/phase1/input6000_rate3p33_reuse50_seed1,142,0.011916219497279092,13.72082063946781,13.732736858965088,659.3929171458198,0.0,673.1256540047848,20.322971,389.783473,0.0,410.106444
2026-07-16_ttft_component_regression/phase1/input6000_rate3p33_reuse50_seed1,152,0.04241730911378038,16.32797866732526,16.370395976439042,659.3929171458198,0.0,675.7633131222588,13.340911,397.461119,0.0,410.80203
2026-07-16_ttft_component_regression/phase1/input6000_rate3p33_reuse50_seed1,162,0.008715843122286007,13.537454914927386,13.546170758049671,659.3929171458198,0.0,672.9390879038694,13.23045,392.259782,0.0,405.490232
2026-07-16_ttft_component_regression/phase1/input6000_rate3p33_reuse50_seed1,167,0.04221204578974321,16.10806075942085,16.150272805210594,659.3929171458198,0.0,675.5431899510304,6.568516,395.507144,0.0,402.07566
2026-07-16_ttft_component_regression/phase1/input6000_rate3p33_reuse50_seed1,209,0.02436783932906349,7.322225823183208,7.346593662512272,659.3929171458198,0.0,666.739510808332,2.206287,384.513767,0.0,386.720054
2026-07-16_ttft_component_regression/phase1/input6000_rate3p33_reuse50_seed1,220,0.02370725375369787,7.3536146792932096,7.3773219330469075,659.3929171458198,0.0,666.7702390788667,4.298034,381.075996,0.0,385.37403
2026-07-16_ttft_component_regression/phase1/input6000_rate3p33_reuse50_seed1,225,0.0,12.915564138534767,12.915564138534767,659.3929171458198,0.0,672.3084812843546,10.872526,385.726395,0.0,396.598921
2026-07-16_ttft_component_regression/phase1/input6000_rate3p33_reuse50_seed1,239,0.015183414911493918,13.91737605649919,13.932559471410684,659.3929171458198,0.0,673.3254766172304,50.335266,543.499816,0.0,593.835082
2026-07-16_ttft_component_regression/phase1/input6000_rate3p33_reuse50_seed1,237,0.0,13.636473446600863,13.636473446600863,659.3929171458198,0.0,673.0293905924207,18.926956,547.125051,0.0,566.052007
2026-07-16_ttft_component_regression/phase1/input6000_rate3p33_reuse50_seed1,249,0.04199669190721384,16.64400628316972,16.686002975076935,659.3929171458198,0.0,676.0789201208967,11.577551,395.816232,0.0,407.393783
2026-07-16_ttft_component_regression/phase1/input6000_rate3p33_reuse50_seed1,273,0.04226641302452004,16.521674947087437,16.563941360111958,659.3929171458198,0.0,675.9568585059317,10.897395,552.542691,0.0,563.440086
2026-07-16_ttft_component_regression/phase1/input6000_rate3p33_reuse50_seed1,279,0.0,21.408799540215618,21.408799540215618,659.3929171458198,0.0,680.8017166860353,8.31798,403.845454,0.0,412.163434
2026-07-16_ttft_component_regression/phase1/input6000_rate3p33_reuse50_seed1,285,0.0,22.239798941358142,22.239798941358142,659.3929171458198,0.0,681.6327160871779,10.934268,405.823628,0.0,416.757896
2026-07-16_ttft_component_regression/phase1/input6000_rate3p33_reuse50_seed1,282,0.0,21.408799540215618,21.408799540215618,659.3929171458198,0.0,680.8017166860353,23.257048,405.713146,0.0,428.970194
2026-07-16_ttft_component_regression/phase1/input6000_rate3p33_reuse50_seed1,274,0.0,19.56420773139464,19.56420773139464,659.3929171458198,0.0,678.9571248772144,227.620142,557.698836,0.0,785.318978
2026-07-16_ttft_component_regression/phase1/input6000_rate3p33_reuse50_seed1,0,0.0,0.4057542845198542,0.4057542845198542,659.3929171458198,0.0,659.7986714303396,0.0,361.609295,0.0,361.609295
2026-07-16_ttft_component_regression/phase1/input6000_rate3p33_reuse50_seed1,8,0.0186109098193901,8.602007733850536,8.620618643669927,659.3929171458198,0.0,668.0135357894897,3.491987,373.934387,0.0,377.426374
2026-07-16_ttft_component_regression/phase1/input6000_rate3p33_reuse50_seed1,32,0.0,15.075869538288439,15.075869538288439,659.3929171458198,0.0,674.4687866841082,4.725677,378.39591,0.0,383.121587
2026-07-16_ttft_component_regression/phase1/input6000_rate3p33_reuse50_seed1,39,0.0,15.06823812323237,15.06823812323237,659.3929171458198,0.0,674.4611552690521,16.141571,378.03543,0.0,394.177001
2026-07-16_ttft_component_regression/phase1/input6000_rate3p33_reuse50_seed1,57,0.04419083077144669,17.958704349289878,18.002895180061323,659.3929171458198,0.0,677.395812325881,16.115425,388.533768,0.0,404.649193
2026-07-16_ttft_component_regression/phase1/input6000_rate3p33_reuse50_seed1,43,0.0,14.805571512274515,14.805571512274515,659.3929171458198,0.0,674.1984886580942,5.824876,535.067872,0.0,540.892748
2026-07-16_ttft_component_regression/phase1/input6000_rate3p33_reuse50_seed1,44,0.016802761983757762,15.139573630981205,15.156376392964964,659.3929171458198,0.0,674.5492935387847,159.983712,532.672607,0.0,692.656319
2026-07-16_ttft_component_regression/phase1/input6000_rate3p33_reuse50_seed1,50,0.016802761983757762,15.139573630981205,15.156376392964964,659.3929171458198,0.0,674.5492935387847,6.932902,383.741041,0.0,390.673943
2026-07-16_ttft_component_regression/phase1/input6000_rate3p33_reuse50_seed1,78,0.0,19.507533633730375,19.507533633730375,659.3929171458198,0.0,678.9004507795502,8.618194,393.049854,0.0,401.668048
2026-07-16_ttft_component_regression/phase1/input6000_rate3p33_reuse50_seed1,137,0.0,0.27202414872373076,0.27202414872373076,659.3929171458198,0.0,659.6649412945435,0.018798,361.609295,0.0,361.628093
2026-07-16_ttft_component_regression/phase1/input6000_rate3p33_reuse50_seed1,140,0.018236060838843306,7.779772883660172,7.798008944499015,659.3929171458198,0.0,667.1909260903187,5.604995,373.941779,0.0,379.546774
2026-07-16_ttft_component_regression/phase1/input6000_rate3p33_reuse50_seed1,171,0.0,13.886559229639891,13.886559229639891,659.3929171458198,0.0,673.2794763754597,1.395207,389.333734,0.0,390.728941
2026-07-16_ttft_component_regression/phase1/input6000_rate3p33_reuse50_seed1,186,0.0,13.561532170032178,13.561532170032178,659.3929171458198,0.0,672.9544493158519,3.976424,390.233799,0.0,394.210223
2026-07-16_ttft_component_regression/phase1/input6000_rate3p33_reuse50_seed1,202,0.0,12.735456648001314,12.735456648001314,659.3929171458198,0.0,672.1283737938211,15.86245,389.44164,0.0,405.30409
2026-07-16_ttft_component_regression/phase1/input6000_rate3p33_reuse50_seed1,194,0.0,12.918868464947094,12.918868464947094,659.3929171458198,0.0,672.3117856107668,3.223786,384.02979,0.0,387.253576
2026-07-16_ttft_component_regression/phase1/input6000_rate3p33_reuse50_seed1,234,0.0,13.589426932031428,13.589426932031428,659.3929171458198,0.0,672.9823440778512,20.103848,383.625462,0.0,403.72931
2026-07-16_ttft_component_regression/phase1/input6000_rate3p33_reuse50_seed1,240,0.0,13.584205221843618,13.584205221843618,659.3929171458198,0.0,672.9771223676634,3.339756,388.689882,0.0,392.029638
2026-07-16_ttft_component_regression/phase1/input6000_rate3p33_reuse50_seed1,272,0.0,13.802055182389859,13.802055182389859,659.3929171458198,0.0,673.1949723282096,13.340692,382.433617,0.0,395.774309
2026-07-16_ttft_component_regression/phase1/input6000_rate3p33_reuse50_seed1,294,0.01320725500297863,13.79728493301609,13.810492188019069,659.3929171458198,0.0,673.2034093338389,7.112748,392.26359,0.0,399.376338
2026-07-16_ttft_component_regression/phase1/input6000_rate3p33_reuse50_seed1,296,0.04240416026467304,16.390268394571088,16.43267255483576,659.3929171458198,0.0,675.8255897006555,10.583989,396.571143,0.0,407.155132
2026-07-16_ttft_component_regression/phase1/input6000_rate3p33_reuse50_seed1,288,0.0,13.826690627172109,13.826690627172109,659.3929171458198,0.0,673.2196077729918,6.521971,389.210095,0.0,395.732066
2026-07-16_ttft_component_regression/phase1/input6000_rate3p33_reuse50_seed1,291,0.0,13.592062661914982,13.592062661914982,659.3929171458198,0.0,672.9849798077347,4.793996,388.345438,0.0,393.139434
2026-07-16_ttft_component_regression/phase1/input6000_rate3p33_reuse50_seed1,9,0.0,0.3838316416238348,0.3838316416238348,659.3929171458198,0.0,659.7767487874436,0.007336,361.609295,0.0,361.616631
2026-07-16_ttft_component_regression/phase1/input6000_rate3p33_reuse50_seed1,15,0.019742109942142504,8.533106643097128,8.552848753039271,659.3929171458198,0.0,667.945765898859,12.150186,374.218163,0.0,386.368349
2026-07-16_ttft_component_regression/phase1/input6000_rate3p33_reuse50_seed1,36,0.0,15.121628773587165,15.121628773587165,659.3929171458198,0.0,674.5145459194069,56.960234,523.006589,0.0,579.966823
2026-07-16_ttft_component_regression/phase1/input6000_rate3p33_reuse50_seed1,37,0.0,14.731992310141731,14.731992310141731,659.3929171458198,0.0,674.1249094559615,12.96197,381.151889,0.0,394.113859
2026-07-16_ttft_component_regression/phase1/input6000_rate3p33_reuse50_seed1,34,0.019128150288804636,8.572461192756117,8.591589343044921,659.3929171458198,0.0,667.9845064888647,12.539579,525.122525,0.0,537.662104
2026-07-16_ttft_component_regression/phase1/input6000_rate3p33_reuse50_seed1,51,0.01328878136891063,14.912296330514305,14.925585111883215,659.3929171458198,0.0,674.318502257703,11.919562,383.866641,0.0,395.786203
2026-07-16_ttft_component_regression/phase1/input6000_rate3p33_reuse50_seed1,45,0.013643181214931075,14.934665226939403,14.948308408154334,659.3929171458198,0.0,674.3412255539741,20.294749,384.063441,0.0,404.35819
2026-07-16_ttft_component_regression/phase1/input6000_rate3p33_reuse50_seed1,75,0.0,21.378449181286044,21.378449181286044,659.3929171458198,0.0,680.7713663271059,17.676508,396.22339,0.0,413.899898
2026-07-16_ttft_component_regression/phase1/input6000_rate3p33_reuse50_seed1,56,0.04430076004275917,17.841470508342574,17.885771268385334,659.3929171458198,0.0,677.2786884142051,12.980164,388.619368,0.0,401.599532
2026-07-16_ttft_component_regression/phase1/input6000_rate3p33_reuse50_seed1,73,0.0,19.47453737781406,19.47453737781406,659.3929171458198,0.0,678.8674545236338,17.997334,392.96723,0.0,410.964564
2026-07-16_ttft_component_regression/phase1/input6000_rate3p33_reuse50_seed1,92,0.0,21.38792181920578,21.38792181920578,659.3929171458198,0.0,680.7808389650255,14.020353,405.262765,0.0,419.283118
2026-07-16_ttft_component_regression/phase1/input6000_rate3p33_reuse50_seed1,91,0.0,19.507533633730375,19.507533633730375,659.3929171458198,0.0,678.9004507795502,21.218234,393.184254,0.0,414.402488
2026-07-16_ttft_component_regression/phase1/input6000_rate3p33_reuse50_seed1,112,0.0,23.25042308158711,23.25042308158711,659.3929171458198,0.0,682.6433402274068,107.370911,556.973366,0.0,664.344277
2026-07-16_ttft_component_regression/phase1/input6000_rate3p33_reuse50_seed1,121,0.0,24.12151952009723,24.12151952009723,659.3929171458198,0.0,683.514436665917,16.320377,408.043278,0.0,424.363655
2026-07-16_ttft_component_regression/phase1/input6000_rate3p33_reuse50_seed1,111,0.0,19.52193880093804,19.52193880093804,659.3929171458198,0.0,678.9148559467578,12.576924,555.906551,0.0,568.483475
2026-07-16_ttft_component_regression/phase1/input6000_rate3p33_reuse50_seed1,119,0.0,21.39144142724767,21.39144142724767,659.3929171458198,0.0,680.7843585730674,12.749157,403.563668,0.0,416.312825
2026-07-16_ttft_component_regression/phase1/input6000_rate3p33_reuse50_seed1,145,0.0,18.282820095671322,18.282820095671322,659.3929171458198,0.0,677.6757372414911,0.600934,400.800573,0.0,401.401507
2026-07-16_ttft_component_regression/phase1/input6000_rate3p33_reuse50_seed1,133,0.0,19.500271310619013,19.500271310619013,659.3929171458198,0.0,678.8931884564388,0.859947,399.779576,0.0,400.639523
2026-07-16_ttft_component_regression/phase1/input6000_rate3p33_reuse50_seed1,156,0.0,21.17722982863154,21.17722982863154,659.3929171458198,0.0,680.5701469744513,13.161291,400.857757,0.0,414.019048
2026-07-16_ttft_component_regression/phase1/input6000_rate3p33_reuse50_seed1,183,0.06241384064807984,23.402515434823112,23.464929275471192,659.3929171458198,0.0,682.8578464212909,18.05105,410.146365,0.0,428.197415
2026-07-16_ttft_component_regression/phase1/input6000_rate3p33_reuse50_seed1,165,0.0,22.226947631713685,22.226947631713685,659.3929171458198,0.0,681.6198647775334,9.314124,402.761415,0.0,412.075539
2026-07-16_ttft_component_regression/phase1/input6000_rate3p33_reuse50_seed1,158,0.0,23.252950016253887,23.252950016253887,659.3929171458198,0.0,682.6458671620736,133.406336,404.317667,0.0,537.724003
2026-07-16_ttft_component_regression/phase1/input6000_rate3p33_reuse50_seed1,192,0.49479275783289267,25.625422862740493,26.120215620573386,659.3929171458198,0.0,685.5131327663931,7.849046,413.852768,0.0,421.701814
2026-07-16_ttft_component_regression/phase1/input6000_rate3p33_reuse50_seed1,178,0.0,22.26615850568999,22.26615850568999,659.3929171458198,0.0,681.6590756515097,24.53075,405.504761,0.0,430.035511
2026-07-16_ttft_component_regression/phase1/input6000_rate3p33_reuse50_seed1,188,0.4906933857646679,25.605702383676423,26.09639576944109,659.3929171458198,0.0,685.4893129152608,6.305662,413.950494,0.0,420.256156
2026-07-16_ttft_component_regression/phase1/input6000_rate3p33_reuse50_seed1,201,5041.274389341228,26.748271550118535,5068.022660891346,659.3929171458198,0.0,5727.415578037166,2869.961156,411.584058,0.0,3281.545214
2026-07-16_ttft_component_regression/phase1/input6000_rate3p33_reuse50_seed1,193,6172.898773701665,26.770337127434686,6199.6691108291,659.3929171458198,0.0,6859.062027974919,3888.721861,415.299935,0.0,4304.021796
2026-07-16_ttft_component_regression/phase1/input6000_rate3p33_reuse50_seed1,204,4524.146561148667,26.77455511920925,4550.921116267877,659.3929171458198,0.0,5210.314033413696,2574.0953329999998,413.019031,0.0,2987.114364
2026-07-16_ttft_component_regression/phase1/input6000_rate3p33_reuse50_seed1,235,0.06724122809837227,23.446166804561294,23.513408032659665,659.3929171458198,0.0,682.9063251784794,23.344529,413.050932,0.0,436.395461
2026-07-16_ttft_component_regression/phase1/input6000_rate3p33_reuse50_seed1,248,0.0,21.4145055958552,21.4145055958552,659.3929171458198,0.0,680.8074227416749,10.364528,404.768914,0.0,415.133442
2026-07-16_ttft_component_regression/phase1/input6000_rate3p33_reuse50_seed1,265,0.042350045563170124,16.460007685845397,16.50235773140857,659.3929171458198,0.0,675.8952748772283,2.163451,394.726204,0.0,396.889655
2026-07-16_ttft_component_regression/phase1/input6000_rate3p33_reuse50_seed1,260,0.04232263262682307,16.483169835744494,16.52549246837132,659.3929171458198,0.0,675.9184096141911,21.878718,399.354294,0.0,421.233012
2026-07-16_ttft_component_regression/phase1/input6000_rate3p33_reuse50_seed1,271,0.0,19.536185517175863,19.536185517175863,659.3929171458198,0.0,678.9291026629957,8.64324,401.184117,0.0,409.827357
2026-07-16_ttft_component_regression/phase1/input6000_rate3p33_reuse50_seed1,290,0.042350045563170124,16.460007685845397,16.50235773140857,659.3929171458198,0.0,675.8952748772283,7.378069,396.893887,0.0,404.271956
2026-07-16_ttft_component_regression/phase1/input6000_rate3p33_reuse50_seed1,284,0.042365704903883854,16.444542346086077,16.48690805098996,659.3929171458198,0.0,675.8798251968097,0.24041,397.018943,0.0,397.259353
2026-07-16_ttft_component_regression/phase1/input6000_rate3p33_reuse50_seed1,5,0.0,0.4276154394174669,0.4276154394174669,659.3929171458198,0.0,659.8205325852372,0.025067,361.609295,0.0,361.634362
2026-07-16_ttft_component_regression/phase1/input6000_rate3p33_reuse50_seed1,14,0.01867680358587265,8.598407915481104,8.617084719066977,659.3929171458198,0.0,668.0100018648867,9.278961,374.302803,0.0,383.581764
2026-07-16_ttft_component_regression/phase1/input6000_rate3p33_reuse50_seed1,25,0.0,14.802699176309682,14.802699176309682,659.3929171458198,0.0,674.1956163221295,1.378408,381.435217,0.0,382.813625
2026-07-16_ttft_component_regression/phase1/input6000_rate3p33_reuse50_seed1,20,0.0,15.022501726117182,15.022501726117182,659.3929171458198,0.0,674.4154188719369,18.131042,377.689894,0.0,395.820936
2026-07-16_ttft_component_regression/phase1/input6000_rate3p33_reuse50_seed1,28,0.016802761983757762,15.139573630981205,15.156376392964964,659.3929171458198,0.0,674.5492935387847,13.008212,384.055345,0.0,397.063557
2026-07-16_ttft_component_regression/phase1/input6000_rate3p33_reuse50_seed1,52,0.04419083077144669,17.958704349289878,18.002895180061323,659.3929171458198,0.0,677.395812325881,17.215931,542.603151,0.0,559.819082
2026-07-16_ttft_component_regression/phase1/input6000_rate3p33_reuse50_seed1,53,0.0,21.205022627430985,21.205022627430985,659.3929171458198,0.0,680.5979397732507,125.130018,576.513801,0.0,701.643819
2026-07-16_ttft_component_regression/phase1/input6000_rate3p33_reuse50_seed1,55,0.0,23.246617617747408,23.246617617747408,659.3929171458198,0.0,682.6395347635672,242.972467,670.595673,0.0,913.56814
2026-07-16_ttft_component_regression/phase1/input6000_rate3p33_reuse50_seed1,59,0.0,24.13219447310792,24.13219447310792,659.3929171458198,0.0,683.5251116189277,11.656365,399.069819,0.0,410.726184
2026-07-16_ttft_component_regression/phase1/input6000_rate3p33_reuse50_seed1,49,0.016802761983757762,15.139573630981205,15.156376392964964,659.3929171458198,0.0,674.5492935387847,13.972203,384.604209,0.0,398.576412
2026-07-16_ttft_component_regression/phase1/input6000_rate3p33_reuse50_seed1,65,0.0,24.15674575663211,24.15674575663211,659.3929171458198,0.0,683.5496629024518,14.973734,398.804923,0.0,413.778657
2026-07-16_ttft_component_regression/phase1/input6000_rate3p33_reuse50_seed1,68,0.06503752439394692,25.43381468366214,25.498852208056086,659.3929171458198,0.0,684.8917693538758,57.345786,406.794597,0.0,464.140383
2026-07-16_ttft_component_regression/phase1/input6000_rate3p33_reuse50_seed1,70,0.49477842558071644,27.82017866439936,28.314957089980076,659.3929171458198,0.0,687.7078742357999,1.769779,409.916729,0.0,411.686508
2026-07-16_ttft_component_regression/phase1/input6000_rate3p33_reuse50_seed1,88,0.509935921269803,27.89824303792414,28.408178959193943,659.3929171458198,0.0,687.8010961050137,6.915024,413.482668,0.0,420.397692
2026-07-16_ttft_component_regression/phase1/input6000_rate3p33_reuse50_seed1,106,0.06988360057179763,25.48113131614285,25.55101491671465,659.3929171458198,0.0,684.9439320625344,17.869012,412.943508,0.0,430.81252
2026-07-16_ttft_component_regression/phase1/input6000_rate3p33_reuse50_seed1,107,0.5030191154448627,27.862826331439756,28.36584544688462,659.3929171458198,0.0,687.7587625927043,12.570386,416.73656,0.0,429.306946
2026-07-16_ttft_component_regression/phase1/input6000_rate3p33_reuse50_seed1,136,0.0,22.33024118228065,22.33024118228065,659.3929171458198,0.0,681.7231583281005,18.47805,407.975346,0.0,426.453396
2026-07-16_ttft_component_regression/phase1/input6000_rate3p33_reuse50_seed1,114,0.09144169243327165,25.687251446174837,25.77869313860811,659.3929171458198,0.0,685.1716102844279,7.692971,413.534503,0.0,421.227474
2026-07-16_ttft_component_regression/phase1/input6000_rate3p33_reuse50_seed1,141,0.08213972330140841,23.57877407320064,23.66091379650205,659.3929171458198,0.0,683.0538309423218,8.877782,412.87506,0.0,421.752842
2026-07-16_ttft_component_regression/phase1/input6000_rate3p33_reuse50_seed1,146,79.85803059140338,26.805918779422665,106.66394937082605,659.3929171458198,0.0,766.0568665166458,66.06035700000001,411.66796,0.0,477.728317
2026-07-16_ttft_component_regression/phase1/input6000_rate3p33_reuse50_seed1,131,0.0,22.377802452205984,22.377802452205984,659.3929171458198,0.0,681.7707195980257,14.180817,408.22261,0.0,422.403427
2026-07-16_ttft_component_regression/phase1/input6000_rate3p33_reuse50_seed1,163,890.6610902867762,28.472387125430874,919.1334774122071,659.3929171458198,0.0,1578.5263945580268,569.241638,410.447498,0.0,979.689136
2026-07-16_ttft_component_regression/phase1/input6000_rate3p33_reuse50_seed1,160,0.4893206064921405,27.791660442857133,28.280981049349272,659.3929171458198,0.0,687.673898195169,148.765505,566.492832,0.0,715.258337
2026-07-16_ttft_component_regression/phase1/input6000_rate3p33_reuse50_seed1,159,0.07058155344339134,25.487915651034736,25.55849720447813,659.3929171458198,0.0,684.9514143502979,25.995084,561.71513,0.0,587.710214
2026-07-16_ttft_component_regression/phase1/input6000_rate3p33_reuse50_seed1,144,0.5295847603506227,25.788278403202554,26.317863163553177,659.3929171458198,0.0,685.7107803093729,79.098192,418.276233,0.0,497.374425
2026-07-16_ttft_component_regression/phase1/input6000_rate3p33_reuse50_seed1,168,7591.872257487235,28.44571822566664,7620.317975712902,659.3929171458198,0.0,8279.710892858722,9976.386297,416.968651,0.0,10393.354948
2026-07-16_ttft_component_regression/phase1/input6000_rate3p33_reuse50_seed1,180,7533.105757627321,28.44296025754681,7561.548717884867,659.3929171458198,0.0,8220.941635030687,9261.810339,413.560463,0.0,9675.370802
2026-07-16_ttft_component_regression/phase1/input6000_rate3p33_reuse50_seed1,164,7693.518611042449,28.48509434631347,7722.003705388763,659.3929171458198,0.0,8381.396622534583,9930.069281,417.647519,0.0,10347.7168
2026-07-16_ttft_component_regression/phase1/input6000_rate3p33_reuse50_seed1,170,7704.657403560278,28.482586644966073,7733.139990205244,659.3929171458198,0.0,8392.532907351064,10243.355134,417.540224,0.0,10660.895358
2026-07-16_ttft_component_regression/phase1/input6000_rate3p33_reuse50_seed1,205,7605.980639584791,26.678044185087103,7632.658683769878,659.3929171458198,0.0,8292.051600915698,10708.773133,410.281937,0.0,11119.05507
2026-07-16_ttft_component_regression/phase1/input6000_rate3p33_reuse50_seed1,185,7705.797109064048,28.461919156480853,7734.259028220528,659.3929171458198,0.0,8393.651945366348,13003.266051999999,415.060742,0.0,13418.326794
2026-07-16_ttft_component_regression/phase1/input6000_rate3p33_reuse50_seed1,196,7697.035471377507,26.714690348819623,7723.750161726326,659.3929171458198,0.0,8383.143078872146,10442.24758,412.133422,0.0,10854.381002
2026-07-16_ttft_component_regression/phase1/input6000_rate3p33_reuse50_seed1,217,7250.958720885359,26.638413986308983,7277.5971348716685,659.3929171458198,0.0,7936.990052017488,7827.1057789999995,409.395045,0.0,8236.500824
2026-07-16_ttft_component_regression/phase1/input6000_rate3p33_reuse50_seed1,195,7704.063778979728,26.71967719360885,7730.783456173337,659.3929171458198,0.0,8390.176373319156,10170.832687,414.27397,0.0,10585.106657
2026-07-16_ttft_component_regression/phase1/input6000_rate3p33_reuse50_seed1,182,7757.322280618097,28.480062041129635,7785.802342659226,659.3929171458198,0.0,8445.195259805047,12614.157119,417.977299,0.0,13032.134418
2026-07-16_ttft_component_regression/phase1/input6000_rate3p33_reuse50_seed1,197,7803.691798746668,26.734260072337747,7830.426058819005,659.3929171458198,0.0,8489.818975964825,11917.29698,411.457554,0.0,12328.754534
2026-07-16_ttft_component_regression/phase1/input6000_rate3p33_reuse50_seed1,233,7590.936996644054,28.42319607071725,7619.360192714771,659.3929171458198,0.0,8278.75310986059,11212.79162,415.28032,0.0,11628.07194
2026-07-16_ttft_component_regression/phase1/input6000_rate3p33_reuse50_seed1,238,7592.0708878178475,28.44296025754681,7620.513848075394,659.3929171458198,0.0,8279.906765221214,9873.746178000001,412.253718,0.0,10285.999896
2026-07-16_ttft_component_regression/phase1/input6000_rate3p33_reuse50_seed1,219,7590.849311010561,26.667022210082706,7617.516333220644,659.3929171458198,0.0,8276.909250366463,15202.504589,418.804476,0.0,15621.309065
2026-07-16_ttft_component_regression/phase1/input6000_rate3p33_reuse50_seed1,264,13401.292042077797,28.393585946987276,13429.685628024785,659.3929171458198,0.0,14089.078545170605,12041.926437,410.682374,0.0,12452.608811
2026-07-16_ttft_component_regression/phase1/input6000_rate3p33_reuse50_seed1,245,10999.911383766967,28.396619027673434,11028.30800279464,659.3929171458198,0.0,11687.70091994046,15151.247949999999,417.098412,0.0,15568.346362
2026-07-16_ttft_component_regression/phase1/input6000_rate3p33_reuse50_seed1,246,11975.040794630184,28.396619027673434,12003.437413657857,659.3929171458198,0.0,12662.830330803677,15203.142649000001,412.204504,0.0,15615.347153
2026-07-16_ttft_component_regression/phase1/input6000_rate3p33_reuse50_seed1,258,12672.691773986773,28.39963617734069,12701.091410164114,659.3929171458198,0.0,13360.484327309934,12974.910483,412.940249,0.0,13387.850732
2026-07-16_ttft_component_regression/phase1/input6000_rate3p33_reuse50_seed1,270,15455.488982081197,28.434587871480485,15483.923569952678,659.3929171458198,0.0,16143.316487098498,12111.625383,410.596262,0.0,12522.221645
2026-07-16_ttft_component_regression/phase1/input6000_rate3p33_reuse50_seed1,244,10120.360227655128,28.42319607071725,10148.783423725845,659.3929171458198,0.0,10808.176340871665,15689.270563,416.773458,0.0,16106.044021
2026-07-16_ttft_component_regression/phase1/input6000_rate3p33_reuse50_seed1,241,8562.600346874058,28.477520565868755,8591.077867439926,659.3929171458198,0.0,9250.470784585747,15629.673598000001,417.625695,0.0,16047.299293
2026-07-16_ttft_component_regression/phase1/input6000_rate3p33_reuse50_seed1,275,16794.145878642317,28.437395049100843,16822.58327369142,659.3929171458198,0.0,17481.97619083724,13690.389782999999,411.885411,0.0,14102.275194
2026-07-16_ttft_component_regression/phase1/input6000_rate3p33_reuse50_seed1,287,17069.426117422012,28.42319607071725,17097.84931349273,659.3929171458198,0.0,17757.24223063855,15034.302443999999,413.599855,0.0,15447.902299
2026-07-16_ttft_component_regression/phase1/input6000_rate3p33_reuse50_seed1,295,17226.6125093168,28.453893209746298,17255.066402526547,659.3929171458198,0.0,17914.459319672365,13945.367074,414.372754,0.0,14359.739828
2026-07-16_ttft_component_regression/phase1/input6000_rate3p33_reuse50_seed1,7,0.0,0.408881307936075,0.408881307936075,659.3929171458198,0.0,659.8017984537559,0.000801,361.609295,0.0,361.610096
2026-07-16_ttft_component_regression/phase1/input6000_rate3p33_reuse50_seed1,31,0.0,14.799844772006127,14.799844772006127,659.3929171458198,0.0,674.1927619178259,14.94629,381.406161,0.0,396.352451
2026-07-16_ttft_component_regression/phase1/input6000_rate3p33_reuse50_seed1,26,0.01854466648059078,8.605580943436852,8.624125609917442,659.3929171458198,0.0,668.0170427557372,9.021774,374.830195,0.0,383.851969
2026-07-16_ttft_component_regression/phase1/input6000_rate3p33_reuse50_seed1,29,0.0,15.026307034249854,15.026307034249854,659.3929171458198,0.0,674.4192241800696,6.263229,377.86455,0.0,384.127779
2026-07-16_ttft_component_regression/phase1/input6000_rate3p33_reuse50_seed1,47,0.016105821987924117,15.093491021778982,15.109596843766907,659.3929171458198,0.0,674.5025139895866,9.716979,384.023537,0.0,393.740516
2026-07-16_ttft_component_regression/phase1/input6000_rate3p33_reuse50_seed1,38,0.0,14.820201451806815,14.820201451806815,659.3929171458198,0.0,674.2131185976266,11.228964,381.110225,0.0,392.339189
2026-07-16_ttft_component_regression/phase1/input6000_rate3p33_reuse50_seed1,62,0.0,21.259024913987602,21.259024913987602,659.3929171458198,0.0,680.6519420598073,222.578891,545.806808,0.0,768.385699
2026-07-16_ttft_component_regression/phase1/input6000_rate3p33_reuse50_seed1,79,0.0,23.265471713724953,23.265471713724953,659.3929171458198,0.0,682.6583888595447,23.121698,396.699422,0.0,419.82112
2026-07-16_ttft_component_regression/phase1/input6000_rate3p33_reuse50_seed1,61,0.04404888583129961,18.041797318350845,18.085846204182143,659.3929171458198,0.0,677.4787633500019,18.898017,542.472175,0.0,561.370192
2026-07-16_ttft_component_regression/phase1/input6000_rate3p33_reuse50_seed1,101,0.0,23.28272230885988,23.28272230885988,659.3929171458198,0.0,682.6756394546796,21.877813,404.542807,0.0,426.42062
2026-07-16_ttft_component_regression/phase1/input6000_rate3p33_reuse50_seed1,86,0.0,23.28394357531055,23.28394357531055,659.3929171458198,0.0,682.6768607211303,13.135867,396.595998,0.0,409.731865
2026-07-16_ttft_component_regression/phase1/input6000_rate3p33_reuse50_seed1,108,0.0,21.412227555060028,21.412227555060028,659.3929171458198,0.0,680.8051447008797,8.823734,403.41157,0.0,412.235304
2026-07-16_ttft_component_regression/phase1/input6000_rate3p33_reuse50_seed1,104,0.0,23.288815677326134,23.288815677326134,659.3929171458198,0.0,682.6817328231459,2.277141,403.498324,0.0,405.775465
2026-07-16_ttft_component_regression/phase1/input6000_rate3p33_reuse50_seed1,99,0.0,21.329010444360524,21.329010444360524,659.3929171458198,0.0,680.7219275901803,14.852782,393.290782,0.0,408.143564
2026-07-16_ttft_component_regression/phase1/input6000_rate3p33_reuse50_seed1,149,0.02262324840642487,13.047404978073807,13.070028226480233,659.3929171458198,0.0,672.4629453722999,10.589646,396.545099,0.0,407.134745
2026-07-16_ttft_component_regression/phase1/input6000_rate3p33_reuse50_seed1,181,0.0,19.631563497373744,19.631563497373744,659.3929171458198,0.0,679.0244806431934,20.648151,402.218679,0.0,422.86683
2026-07-16_ttft_component_regression/phase1/input6000_rate3p33_reuse50_seed1,161,0.04199669190721384,16.64400628316972,16.686002975076935,659.3929171458198,0.0,676.0789201208967,6.044217,397.442845,0.0,403.487062
2026-07-16_ttft_component_regression/phase1/input6000_rate3p33_reuse50_seed1,157,0.01726552747746657,15.170464652028032,15.187730179505499,659.3929171458198,0.0,674.5806473253252,1.202475,394.923861,0.0,396.126336
2026-07-16_ttft_component_regression/phase1/input6000_rate3p33_reuse50_seed1,169,0.017245576897073837,14.046973648691331,14.064219225588404,659.3929171458198,0.0,673.4571363714082,11.87608,395.617166,0.0,407.493246
2026-07-16_ttft_component_regression/phase1/input6000_rate3p33_reuse50_seed1,175,0.04155659966071224,16.772350727470535,16.813907327131247,659.3929171458198,0.0,676.206824472951,2.825435,396.595753,0.0,399.421188
2026-07-16_ttft_component_regression/phase1/input6000_rate3p33_reuse50_seed1,208,0.0,18.34965452660739,18.34965452660739,659.3929171458198,0.0,677.7425716724272,12.21699,401.79094,0.0,414.00793
2026-07-16_ttft_component_regression/phase1/input6000_rate3p33_reuse50_seed1,224,0.0,18.33986486734021,18.33986486734021,659.3929171458198,0.0,677.73278201316,21.556076,393.987497,0.0,415.543573
2026-07-16_ttft_component_regression/phase1/input6000_rate3p33_reuse50_seed1,243,0.0,13.88304233510292,13.88304233510292,659.3929171458198,0.0,673.2759594809227,5.598796,379.839515,0.0,385.438311
2026-07-16_ttft_component_regression/phase1/input6000_rate3p33_reuse50_seed1,250,0.0,13.535668765874576,13.535668765874576,659.3929171458198,0.0,672.9285859116943,7.696354,382.196079,0.0,389.892433
2026-07-16_ttft_component_regression/phase1/input6000_rate3p33_reuse50_seed1,262,0.0,13.542519485745078,13.542519485745078,659.3929171458198,0.0,672.9354366315648,4.107437,390.789395,0.0,394.896832
2026-07-16_ttft_component_regression/phase1/input6000_rate3p33_reuse50_seed1,1,0.0,0.4120070468246051,0.4120070468246051,659.3929171458198,0.0,659.8049241926443,0.400429,361.609295,0.0,362.009724
2026-07-16_ttft_component_regression/phase1/input6000_rate3p33_reuse50_seed1,19,0.0,15.03392195215287,15.03392195215287,659.3929171458198,0.0,674.4268390979727,244.34551,523.000061,0.0,767.345571
2026-07-16_ttft_component_regression/phase1/input6000_rate3p33_reuse50_seed1,18,0.018478075017559818,8.609127580142724,8.627605655160284,659.3929171458198,0.0,668.0205228009801,9.820124,525.111261,0.0,534.931385
2026-07-16_ttft_component_regression/phase1/input6000_rate3p33_reuse50_seed1,21,0.0,14.838344869621917,14.838344869621917,659.3929171458198,0.0,674.2312620154416,3.519649,381.161425,0.0,384.681074
2026-07-16_ttft_component_regression/phase1/input6000_rate3p33_reuse50_seed1,42,0.01749632695300603,15.185960415402016,15.203456742355023,659.3929171458198,0.0,674.5963738881748,17.963828,384.264465,0.0,402.228293
2026-07-16_ttft_component_regression/phase1/input6000_rate3p33_reuse50_seed1,48,0.04406549361269102,18.033513832554757,18.07757932616745,659.3929171458198,0.0,677.4704964719872,5.040995,389.012264,0.0,394.053259
2026-07-16_ttft_component_regression/phase1/input6000_rate3p33_reuse50_seed1,33,0.018071557689865334,15.22484496035578,15.242916518045645,659.3929171458198,0.0,674.6358336638654,0.089692,384.315121,0.0,384.404813
2026-07-16_ttft_component_regression/phase1/input6000_rate3p33_reuse50_seed1,58,0.0,21.292643975248538,21.292643975248538,659.3929171458198,0.0,680.6855611210683,18.362438,393.22483,0.0,411.587268
2026-07-16_ttft_component_regression/phase1/input6000_rate3p33_reuse50_seed1,66,0.0,23.290030587919578,23.290030587919578,659.3929171458198,0.0,682.6829477337393,12.341517,396.50563,0.0,408.847147
2026-07-16_ttft_component_regression/phase1/input6000_rate3p33_reuse50_seed1,81,0.0,23.292456847738684,23.292456847738684,659.3929171458198,0.0,682.6853739935584,12.046212,396.894462,0.0,408.940674
2026-07-16_ttft_component_regression/phase1/input6000_rate3p33_reuse50_seed1,85,0.0,23.292456847738684,23.292456847738684,659.3929171458198,0.0,682.6853739935584,3.914358,396.542974,0.0,400.457332
2026-07-16_ttft_component_regression/phase1/input6000_rate3p33_reuse50_seed1,109,0.015067885742819998,13.91024880784484,13.925316693587659,659.3929171458198,0.0,673.3182338394074,8.875949,385.126293,0.0,394.002242
2026-07-16_ttft_component_regression/phase1/input6000_rate3p33_reuse50_seed1,120,0.0,21.236137493902472,21.236137493902472,659.3929171458198,0.0,680.6290546397222,11.034882,401.397749,0.0,412.432631
2026-07-16_ttft_component_regression/phase1/input6000_rate3p33_reuse50_seed1,117,0.04218141715578733,16.56771199396661,16.6098934111224,659.3929171458198,0.0,676.0028105569421,12.636944,393.751137,0.0,406.388081
2026-07-16_ttft_component_regression/phase1/input6000_rate3p33_reuse50_seed1,155,0.012815373674188653,14.88259852035273,14.895413894026918,659.3929171458198,0.0,674.2883310398466,13.131431,393.715249,0.0,406.84668
2026-07-16_ttft_component_regression/phase1/input6000_rate3p33_reuse50_seed1,177,0.0,19.507533633730375,19.507533633730375,659.3929171458198,0.0,678.9004507795502,5.471885,398.749273,0.0,404.221158
2026-07-16_ttft_component_regression/phase1/input6000_rate3p33_reuse50_seed1,154,0.0,13.535668765874576,13.535668765874576,659.3929171458198,0.0,672.9285859116943,18.044079,382.802531,0.0,400.84661
2026-07-16_ttft_component_regression/phase1/input6000_rate3p33_reuse50_seed1,174,0.04226641302452004,16.521674947087437,16.563941360111958,659.3929171458198,0.0,675.9568585059317,55.402195,395.903158,0.0,451.305353
2026-07-16_ttft_component_regression/phase1/input6000_rate3p33_reuse50_seed1,166,0.012856033881985168,13.776332692258745,13.789188726140729,659.3929171458198,0.0,673.1821058719605,17.793236,390.713829,0.0,408.507065
2026-07-16_ttft_component_regression/phase1/input6000_rate3p33_reuse50_seed1,172,0.014604833277335048,13.881817834419772,13.896422667697108,659.3929171458198,0.0,673.2893398135169,2.580944,392.149766,0.0,394.73071
2026-07-16_ttft_component_regression/phase1/input6000_rate3p33_reuse50_seed1,191,0.0,19.536185517175863,19.536185517175863,659.3929171458198,0.0,678.9291026629957,8.193705,400.664357,0.0,408.858062
2026-07-16_ttft_component_regression/phase1/input6000_rate3p33_reuse50_seed1,211,0.0,20.076352034677456,20.076352034677456,659.3929171458198,0.0,679.4692691804972,10.862397,404.840885,0.0,415.703282
2026-07-16_ttft_component_regression/phase1/input6000_rate3p33_reuse50_seed1,223,0.0,18.329992729830735,18.329992729830735,659.3929171458198,0.0,677.7229098756504,9.423945,398.122769,0.0,407.546714
2026-07-16_ttft_component_regression/phase1/input6000_rate3p33_reuse50_seed1,232,0.042114026943833,16.59829656583158,16.64041059277541,659.3929171458198,0.0,676.0333277385952,1.377778,394.88544,0.0,396.263218
2026-07-16_ttft_component_regression/phase1/input6000_rate3p33_reuse50_seed1,236,0.042114026943833,16.59829656583158,16.64041059277541,659.3929171458198,0.0,676.0333277385952,20.183676,397.451101,0.0,417.634777
2026-07-16_ttft_component_regression/phase1/input6000_rate3p33_reuse50_seed1,263,0.013791048049623061,13.832367139082809,13.846158187132431,659.3929171458198,0.0,673.2390753329522,14.561849,391.454739,0.0,406.016588
2026-07-16_ttft_component_regression/phase1/input6000_rate3p33_reuse50_seed1,268,0.042365704903883854,16.444542346086077,16.48690805098996,659.3929171458198,0.0,675.8798251968097,13.420399,397.158399,0.0,410.578798
2026-07-16_ttft_component_regression/phase1/input6000_rate3p33_reuse50_seed1,251,0.04213168348397838,16.590658627399176,16.632790310883156,659.3929171458198,0.0,676.0257074567029,5.02592,395.027094,0.0,400.053014
2026-07-16_ttft_component_regression/phase1/input6000_rate3p33_reuse50_seed1,283,0.04229048664336632,16.506287930120667,16.548578416764034,659.3929171458198,0.0,675.9414955625838,0.681872,394.38983,0.0,395.071702
2026-07-16_ttft_component_regression/phase1/input6000_rate3p33_reuse50_seed1,289,0.0,19.5537726634042,19.5537726634042,659.3929171458198,0.0,678.9466898092239,20.501302,401.336373,0.0,421.837675
2026-07-16_ttft_component_regression/phase1/input6000_rate3p33_reuse50_seed1,4,0.0,0.4182545527853351,0.4182545527853351,659.3929171458198,0.0,659.8111716986051,0.446664,361.609295,0.0,362.055959
2026-07-16_ttft_component_regression/phase1/input6000_rate3p33_reuse50_seed1,11,0.018276226363861156,8.619608416779041,8.637884643142902,659.3929171458198,0.0,668.0308017889627,16.768706,374.112819,0.0,390.881525
2026-07-16_ttft_component_regression/phase1/input6000_rate3p33_reuse50_seed1,23,0.0,14.814295905597412,14.814295905597412,659.3929171458198,0.0,674.2072130514172,10.014248,381.412721,0.0,391.426969
2026-07-16_ttft_component_regression/phase1/input6000_rate3p33_reuse50_seed1,16,0.0,15.022501726117182,15.022501726117182,659.3929171458198,0.0,674.4154188719369,11.70936,377.64967,0.0,389.35903
2026-07-16_ttft_component_regression/phase1/input6000_rate3p33_reuse50_seed1,27,0.01575615634839497,15.070565267790533,15.086321424138928,659.3929171458198,0.0,674.4792385699586,8.309144,384.185105,0.0,392.494249
2026-07-16_ttft_component_regression/phase1/input6000_rate3p33_reuse50_seed1,80,0.0,15.064422733541967,15.064422733541967,659.3929171458198,0.0,674.4573398793617,1.335684,377.378982,0.0,378.714666
2026-07-16_ttft_component_regression/phase1/input6000_rate3p33_reuse50_seed1,90,0.014023989803306831,13.846456189609832,13.86048017941314,659.3929171458198,0.0,673.2533973252329,130.284785,383.623921,0.0,513.908706
2026-07-16_ttft_component_regression/phase1/input6000_rate3p33_reuse50_seed1,74,0.0,0.31536662966585793,0.31536662966585793,659.3929171458198,0.0,659.7082837754856,0.005347,361.609295,0.0,361.614642
2026-07-16_ttft_component_regression/phase1/input6000_rate3p33_reuse50_seed1,77,0.016287012927406624,7.888985121948159,7.905272134875566,659.3929171458198,0.0,667.2981892806953,3.957789,373.902835,0.0,377.860624
2026-07-16_ttft_component_regression/phase1/input6000_rate3p33_reuse50_seed1,100,0.0,21.20108479933907,21.20108479933907,659.3929171458198,0.0,680.5940019451589,18.662313,400.861691,0.0,419.524004
2026-07-16_ttft_component_regression/phase1/input6000_rate3p33_reuse50_seed1,89,0.0,13.600069123538516,13.600069123538516,659.3929171458198,0.0,672.9929862693583,12.579222,381.089937,0.0,393.669159
2026-07-16_ttft_component_regression/phase1/input6000_rate3p33_reuse50_seed1,95,0.04419083077144669,17.958704349289878,18.002895180061323,659.3929171458198,0.0,677.395812325881,9.175816,388.626376,0.0,397.802192
2026-07-16_ttft_component_regression/phase1/input6000_rate3p33_reuse50_seed1,105,0.0,24.14301432708859,24.14301432708859,659.3929171458198,0.0,683.5359314729084,0.321855,404.543657,0.0,404.865512
2026-07-16_ttft_component_regression/phase1/input6000_rate3p33_reuse50_seed1,122,0.4691092157379852,27.68413688176995,28.15324609750793,659.3929171458198,0.0,687.5461632433277,11.513678,414.291668,0.0,425.805346
2026-07-16_ttft_component_regression/phase1/input6000_rate3p33_reuse50_seed1,103,0.0,23.261734185240503,23.261734185240503,659.3929171458198,0.0,682.6546513310602,3.876067,402.312753,0.0,406.18882
2026-07-16_ttft_component_regression/phase1/input6000_rate3p33_reuse50_seed1,126,7440.058527833934,28.4289245263385,7468.487452360272,659.3929171458198,0.0,8127.8803695060915,798.300775,412.358612,0.0,1210.659387
2026-07-16_ttft_component_regression/phase1/input6000_rate3p33_reuse50_seed1,113,0.061618359451070547,25.400205813442437,25.461824172893508,659.3929171458198,0.0,684.8547413187133,10.847591,410.140796,0.0,420.988387
2026-07-16_ttft_component_regression/phase1/input6000_rate3p33_reuse50_seed1,148,1908.2656492978033,26.688822561733232,1934.9544718595366,659.3929171458198,0.0,2594.3473890053565,1157.9542820000001,419.040372,0.0,1576.994654
2026-07-16_ttft_component_regression/phase1/input6000_rate3p33_reuse50_seed1,173,0.0,21.382016714720006,21.382016714720006,659.3929171458198,0.0,680.7749338605397,17.300524,404.797045,0.0,422.097569
2026-07-16_ttft_component_regression/phase1/input6000_rate3p33_reuse50_seed1,139,2440.6660730719404,28.472387125430874,2469.1384601973714,659.3929171458198,0.0,3128.5313773431913,1385.096845,417.075531,0.0,1802.172376
2026-07-16_ttft_component_regression/phase1/input6000_rate3p33_reuse50_seed1,176,0.0,21.397270352846885,21.397270352846885,659.3929171458198,0.0,680.7901874986667,21.258748,402.871207,0.0,424.129955
2026-07-16_ttft_component_regression/phase1/input6000_rate3p33_reuse50_seed1,210,0.0,12.708524853692252,12.708524853692252,659.3929171458198,0.0,672.101441999512,2.376812,391.143445,0.0,393.520257
2026-07-16_ttft_component_regression/phase1/input6000_rate3p33_reuse50_seed1,214,0.04981784892015578,15.316493956475366,15.366311805395522,659.3929171458198,0.0,674.7592289512153,2.40803,397.253567,0.0,399.661597
2026-07-16_ttft_component_regression/phase1/input6000_rate3p33_reuse50_seed1,212,0.019692540643623427,12.881639590478553,12.901332131122176,659.3929171458198,0.0,672.294249276942,9.548858,389.679823,0.0,399.228681
2026-07-16_ttft_component_regression/phase1/input6000_rate3p33_reuse50_seed1,218,0.0005006088449337298,18.237364345776438,18.237864954621372,659.3929171458198,0.0,677.6307821004411,10.571052,400.220622,0.0,410.791674
2026-07-16_ttft_component_regression/phase1/input6000_rate3p33_reuse50_seed1,231,0.0,21.366415858386734,21.366415858386734,659.3929171458198,0.0,680.7593330042065,237.805912,555.05105,0.0,792.856962
2026-07-16_ttft_component_regression/phase1/input6000_rate3p33_reuse50_seed1,230,0.0,19.44452029124437,19.44452029124437,659.3929171458198,0.0,678.8374374370641,13.902151,551.583507,0.0,565.485658
2026-07-16_ttft_component_regression/phase1/input6000_rate3p33_reuse50_seed1,227,0.0424170752914857,16.343576243823183,16.385993319114668,659.3929171458198,0.0,675.7789104649344,16.227225,396.461419,0.0,412.688644
2026-07-16_ttft_component_regression/phase1/input6000_rate3p33_reuse50_seed1,247,0.0,21.350417159635715,21.350417159635715,659.3929171458198,0.0,680.7433343054555,5.96534,405.46551,0.0,411.43085
2026-07-16_ttft_component_regression/phase1/input6000_rate3p33_reuse50_seed1,35,0.01880753660955664,8.59112831038505,8.609935846994608,659.3929171458198,0.0,668.0028529928144,12.027602,373.910259,0.0,385.937861
2026-07-16_ttft_component_regression/phase1/input6000_rate3p33_reuse50_seed1,40,0.0,15.09876081390134,15.09876081390134,659.3929171458198,0.0,674.4916779597211,8.728163,377.49383,0.0,386.221993
2026-07-16_ttft_component_regression/phase1/input6000_rate3p33_reuse50_seed1,30,0.0,0.4276154394174669,0.4276154394174669,659.3929171458198,0.0,659.8205325852372,0.001023,361.609295,0.0,361.610318
2026-07-16_ttft_component_regression/phase1/input6000_rate3p33_reuse50_seed1,46,0.0,14.7591945512106,14.7591945512106,659.3929171458198,0.0,674.1521116970304,10.351401,381.186993,0.0,391.538394
2026-07-16_ttft_component_regression/phase1/input6000_rate3p33_reuse50_seed1,64,0.044311072030133104,17.816222393085482,17.860533465115616,659.3929171458198,0.0,677.2534506109354,190.758126,571.368303,0.0,762.126429
2026-07-16_ttft_component_regression/phase1/input6000_rate3p33_reuse50_seed1,63,0.014585273173337257,14.994711379835666,15.009296653009002,659.3929171458198,0.0,674.4022137988287,7.671288,537.337769,0.0,545.009057
2026-07-16_ttft_component_regression/phase1/input6000_rate3p33_reuse50_seed1,67,0.0,347.85837525180443,347.85837525180443,659.3929171458198,0.0,1007.2512923976242,298.098282,664.831953,0.0,962.930235
2026-07-16_ttft_component_regression/phase1/input6000_rate3p33_reuse50_seed1,82,0.0,23.246617617747408,23.246617617747408,659.3929171458198,0.0,682.6395347635672,2.640424,396.449406,0.0,399.08983
2026-07-16_ttft_component_regression/phase1/input6000_rate3p33_reuse50_seed1,94,0.0,21.255236864337817,21.255236864337817,659.3929171458198,0.0,680.6481540101576,3.305144,393.352606,0.0,396.65775
2026-07-16_ttft_component_regression/phase1/input6000_rate3p33_reuse50_seed1,110,0.014256590338478923,13.86057709627333,13.874833686611808,659.3929171458198,0.0,673.2677508324316,15.065411,384.650193,0.0,399.715604
2026-07-16_ttft_component_regression/phase1/input6000_rate3p33_reuse50_seed1,115,0.0442020941795211,17.950364362097595,17.994566456277116,659.3929171458198,0.0,677.3874836020968,7.43737,389.26964,0.0,396.70701
2026-07-16_ttft_component_regression/phase1/input6000_rate3p33_reuse50_seed1,129,0.01297318396131844,13.783308636131121,13.796281820092439,659.3929171458198,0.0,673.1891989659122,3.875102,392.084072,0.0,395.959174
2026-07-16_ttft_component_regression/phase1/input6000_rate3p33_reuse50_seed1,132,0.04233229481545704,16.47545395721514,16.517786252030596,659.3929171458198,0.0,675.9107033978504,5.739266,395.646366,0.0,401.385632
2026-07-16_ttft_component_regression/phase1/input6000_rate3p33_reuse50_seed1,127,0.04227871480390853,16.51398397179709,16.556262686601,659.3929171458198,0.0,675.9491798324208,12.206106,395.3516,0.0,407.557706
2026-07-16_ttft_component_regression/phase1/input6000_rate3p33_reuse50_seed1,143,0.0,19.543249778331997,19.543249778331997,659.3929171458198,0.0,678.9361669241517,22.1528,399.47856,0.0,421.63136
2026-07-16_ttft_component_regression/phase1/input6000_rate3p33_reuse50_seed1,179,0.015183414911493918,13.91737605649919,13.932559471410684,659.3929171458198,0.0,673.3254766172304,4.612173,388.738956,0.0,393.351129
2026-07-16_ttft_component_regression/phase1/input6000_rate3p33_reuse50_seed1,187,0.042017609376909404,16.636402252687493,16.678419862064402,659.3929171458198,0.0,676.0713370078842,6.657022,394.222318,0.0,400.87934
2026-07-16_ttft_component_regression/phase1/input6000_rate3p33_reuse50_seed1,203,0.049372864135445206,15.606280864272163,15.655653728407609,659.3929171458198,0.0,675.0485708742274,6.233351,398.76696,0.0,405.000311
2026-07-16_ttft_component_regression/phase1/input6000_rate3p33_reuse50_seed1,216,0.020753656649960716,12.94077345251986,12.96152710916982,659.3929171458198,0.0,672.3544442549895,209.479082,550.079744,0.0,759.558826
2026-07-16_ttft_component_regression/phase1/input6000_rate3p33_reuse50_seed1,215,0.0,12.732930326601165,12.732930326601165,659.3929171458198,0.0,672.1258474724209,10.774301,549.134367,0.0,559.908668
2026-07-16_ttft_component_regression/phase1/input6000_rate3p33_reuse50_seed1,226,0.042240215610067834,16.53704152653387,16.579281742143937,659.3929171458198,0.0,675.9721988879637,5.236065,397.146623,0.0,402.382688
2026-07-16_ttft_component_regression/phase1/input6000_rate3p33_reuse50_seed1,252,0.0,13.566453607205457,13.566453607205457,659.3929171458198,0.0,672.9593707530252,7.71381,382.097015,0.0,389.810825
2026-07-16_ttft_component_regression/phase1/input6000_rate3p33_reuse50_seed1,254,0.012386693830982438,13.748510739084834,13.760897432915817,659.3929171458198,0.0,673.1538145787356,16.505555,392.616975,0.0,409.12253
2026-07-16_ttft_component_regression/phase1/input6000_rate3p33_reuse50_seed1,261,0.01262150974807538,13.76240531200967,13.775026821757747,659.3929171458198,0.0,673.1679439675775,14.604193,390.381905,0.0,404.986098
2026-07-16_ttft_component_regression/phase1/input6000_rate3p33_reuse50_seed1,277,0.04240416026467304,16.390268394571088,16.43267255483576,659.3929171458198,0.0,675.8255897006555,0.962965,397.043391,0.0,398.006356
2026-07-16_ttft_component_regression/phase1/input6000_rate3p33_reuse50_seed1,266,0.04234143212282465,16.467733226366818,16.510074658489643,659.3929171458198,0.0,675.9029918043094,17.630842,397.080031,0.0,414.710873
2026-07-16_ttft_component_regression/phase1/input6000_rate3p33_reuse50_seed1,286,0.0,21.385565756580018,21.385565756580018,659.3929171458198,0.0,680.7784829023998,20.64784,404.118185,0.0,424.766025
2026-07-16_ttft_component_regression/phase1/input6000_rate3p33_reuse50_seed1,292,0.0,22.18243444597273,22.18243444597273,659.3929171458198,0.0,681.5753515917925,13.266768,404.506485,0.0,417.773253
2026-07-16_ttft_component_regression/phase1/input6000_rate3p33_reuse50_seed1,280,0.0,19.48562654873371,19.48562654873371,659.3929171458198,0.0,678.8785436945535,15.258605,403.195675,0.0,418.45428
2026-07-16_ttft_component_regression/phase1/input6000_rate3p33_reuse50_seed1,298,0.0,22.180039830858842,22.180039830858842,659.3929171458198,0.0,681.5729569766786,18.847888,402.311907,0.0,421.159795
2026-07-16_ttft_component_regression/phase1/input6000_rate3p33_reuse50_seed1,2,0.0,0.38069540876914554,0.38069540876914554,659.3929171458198,0.0,659.7736125545889,0.088507,361.609295,0.0,361.697802
2026-07-16_ttft_component_regression/phase1/input6000_rate3p33_reuse50_seed1,10,0.019742109942142504,8.533106643097128,8.552848753039271,659.3929171458198,0.0,667.945765898859,6.559444,374.035891,0.0,380.595335
2026-07-16_ttft_component_regression/phase1/input6000_rate3p33_reuse50_seed1,13,0.0,15.152040985647854,15.152040985647854,659.3929171458198,0.0,674.5449581314676,16.348091,377.603334,0.0,393.951425
2026-07-16_ttft_component_regression/phase1/input6000_rate3p33_reuse50_seed1,71,0.0174611219273163,7.828480079454696,7.845941201382012,659.3929171458198,0.0,667.2388583472018,11.282138,373.978803,0.0,385.260941
2026-07-16_ttft_component_regression/phase1/input6000_rate3p33_reuse50_seed1,69,0.0,0.408881307936075,0.408881307936075,659.3929171458198,0.0,659.8017984537559,0.018572,361.609295,0.0,361.627867
2026-07-16_ttft_component_regression/phase1/input6000_rate3p33_reuse50_seed1,98,0.0,15.079685340170034,15.079685340170034,659.3929171458198,0.0,674.4726024859898,4.509898,378.068838,0.0,382.578736
2026-07-16_ttft_component_regression/phase1/input6000_rate3p33_reuse50_seed1,118,0.019128150288804636,8.572461192756117,8.591589343044921,659.3929171458198,0.0,667.9845064888647,1.939637,374.418835,0.0,376.358472
2026-07-16_ttft_component_regression/phase1/input6000_rate3p33_reuse50_seed1,124,0.0,13.872485358744417,13.872485358744417,659.3929171458198,0.0,673.2654025045641,13.447266,377.843878,0.0,391.291144
2026-07-16_ttft_component_regression/phase1/input6000_rate3p33_reuse50_seed1,135,0.01262150974807538,13.76240531200967,13.775026821757747,659.3929171458198,0.0,673.1679439675775,143.564812,535.802712,0.0,679.367524
2026-07-16_ttft_component_regression/phase1/input6000_rate3p33_reuse50_seed1,134,0.0,13.571442040463667,13.571442040463667,659.3929171458198,0.0,672.9643591862834,8.180784,535.617791,0.0,543.798575
2026-07-16_ttft_component_regression/phase1/input6000_rate3p33_reuse50_seed1,147,0.04976611382190321,15.411480871182086,15.461246985003989,659.3929171458198,0.0,674.8541641308237,5.252764,388.953128,0.0,394.205892
2026-07-16_ttft_component_regression/phase1/input6000_rate3p33_reuse50_seed1,198,0.0,12.722980637014361,12.722980637014361,659.3929171458198,0.0,672.1158977828342,15.754081,388.857879,0.0,404.61196
2026-07-16_ttft_component_regression/phase1/input6000_rate3p33_reuse50_seed1,199,0.020046935108442077,12.901281931860787,12.92132886696923,659.3929171458198,0.0,672.314246012789,10.684854,392.405832,0.0,403.090686
2026-07-16_ttft_component_regression/phase1/input6000_rate3p33_reuse50_seed1,206,0.04981365961054106,15.338475519756352,15.388289179366893,659.3929171458198,0.0,674.7812063251866,13.010602,397.229535,0.0,410.240137
2026-07-16_ttft_component_regression/phase1/input6000_rate3p33_reuse50_seed1,189,0.0,12.732930326601165,12.732930326601165,659.3929171458198,0.0,672.1258474724209,3.51613,390.571077,0.0,394.087207
2026-07-16_ttft_component_regression/phase1/input6000_rate3p33_reuse50_seed1,221,0.017314596865839006,12.752493281399405,12.769807878265244,659.3929171458198,0.0,672.162725024085,5.962639,392.36711,0.0,398.329749
2026-07-16_ttft_component_regression/phase1/input6000_rate3p33_reuse50_seed1,229,0.0,19.425427513716258,19.425427513716258,659.3929171458198,0.0,678.818344659536,19.430984,399.299077,0.0,418.730061
2026-07-16_ttft_component_regression/phase1/input6000_rate3p33_reuse50_seed1,222,0.04981462224470066,15.279780735871137,15.329595358115837,659.3929171458198,0.0,674.7225125039356,6.031395,396.945119,0.0,402.976514
2026-07-16_ttft_component_regression/phase1/input6000_rate3p33_reuse50_seed1,256,0.0,19.481940241800334,19.481940241800334,659.3929171458198,0.0,678.8748573876201,14.953261,553.863319,0.0,568.81658
2026-07-16_ttft_component_regression/phase1/input6000_rate3p33_reuse50_seed1,242,0.042358136151560005,16.45227737824064,16.4946355143922,659.3929171458198,0.0,675.8875526602119,18.741538,397.365981,0.0,416.107519
2026-07-16_ttft_component_regression/phase1/input6000_rate3p33_reuse50_seed1,257,0.0,21.383201752518435,21.383201752518435,659.3929171458198,0.0,680.7761188983382,22.207855,401.379088,0.0,423.586943
2026-07-16_ttft_component_regression/phase1/input6000_rate3p33_reuse50_seed1,255,0.04234143212282465,16.467733226366818,16.510074658489643,659.3929171458198,0.0,675.9029918043094,110.645512,550.451247,0.0,661.096759
2026-07-16_ttft_component_regression/phase1/input6000_rate3p33_reuse50_seed1,253,0.013557773334322657,13.818310104891765,13.831867878226088,659.3929171458198,0.0,673.2247850240458,4.310717,395.916937,0.0,400.227654
2026-07-16_ttft_component_regression/phase1/input6000_rate3p33_reuse50_seed1,276,0.0,21.39027012520562,21.39027012520562,659.3929171458198,0.0,680.7831872710253,21.148469,405.839226,0.0,426.987695
2026-07-16_ttft_component_regression/phase1/input6000_rate3p33_reuse50_seed1,293,0.0,21.38438475877592,21.38438475877592,659.3929171458198,0.0,680.7773019045957,16.112154,404.907637,0.0,421.019791
2026-07-16_ttft_component_regression/phase1/input6000_rate3p33_reuse50_seed1,299,0.0,21.383201752518435,21.383201752518435,659.3929171458198,0.0,680.7761188983382,4.169371,404.692597,0.0,408.861968
2026-07-16_ttft_component_regression/phase1/input6000_rate3p33_reuse50_seed1,24,0.0,0.38069540876914554,0.38069540876914554,659.3929171458198,0.0,659.7736125545889,0.004314,361.609295,0.0,361.613609
2026-07-16_ttft_component_regression/phase1/input6000_rate3p33_reuse50_seed1,54,0.0,0.4244965661652394,0.4244965661652394,659.3929171458198,0.0,659.817413711985,0.000434,361.609295,0.0,361.609729
2026-07-16_ttft_component_regression/phase1/input6000_rate3p33_reuse50_seed1,72,0.017146477547910474,7.846089023028777,7.863235500576688,659.3929171458198,0.0,667.2561526463965,6.452018,374.293811,0.0,380.745829
2026-07-16_ttft_component_regression/phase1/input6000_rate3p33_reuse50_seed1,96,0.0,15.052979174502214,15.052979174502214,659.3929171458198,0.0,674.4458963203219,0.004324,378.19047,0.0,378.194794
2026-07-16_ttft_component_regression/phase1/input6000_rate3p33_reuse50_seed1,102,0.0,14.820201451806815,14.820201451806815,659.3929171458198,0.0,674.2131185976266,8.926584,381.742865,0.0,390.669449
2026-07-16_ttft_component_regression/phase1/input6000_rate3p33_reuse50_seed1,116,0.0,15.049165896071168,15.049165896071168,659.3929171458198,0.0,674.4420830418909,16.701518,377.758214,0.0,394.459732
2026-07-16_ttft_component_regression/phase1/input6000_rate3p33_reuse50_seed1,128,0.0,14.791389354386965,14.791389354386965,659.3929171458198,0.0,674.1843065002067,17.133095,535.727455,0.0,552.86055
2026-07-16_ttft_component_regression/phase1/input6000_rate3p33_reuse50_seed1,153,0.0,22.20435344198178,22.20435344198178,659.3929171458198,0.0,681.5972705878015,173.44095,679.446033,0.0,852.886983
2026-07-16_ttft_component_regression/phase1/input6000_rate3p33_reuse50_seed1,138,0.04419083077144669,17.958704349289878,18.002895180061323,659.3929171458198,0.0,677.395812325881,1.782038,389.05028,0.0,390.832318
2026-07-16_ttft_component_regression/phase1/input6000_rate3p33_reuse50_seed1,150,0.0,19.514756087901922,19.514756087901922,659.3929171458198,0.0,678.9076732337217,22.281516,546.590153,0.0,568.871669
2026-07-16_ttft_component_regression/phase1/input6000_rate3p33_reuse50_seed1,130,0.016338496489741786,15.108817800174402,15.125156296664143,659.3929171458198,0.0,674.5180734424839,68.714872,535.895832,0.0,604.610704
2026-07-16_ttft_component_regression/phase1/input6000_rate3p33_reuse50_seed1,151,0.0,21.3995894821686,21.3995894821686,659.3929171458198,0.0,680.7925066279884,7.448126,580.539398,0.0,587.987524
2026-07-16_ttft_component_regression/phase1/input6000_rate3p33_reuse50_seed1,184,0.0013542682313008336,18.22305260055927,18.22440686879057,659.3929171458198,0.0,677.6173240146103,8.796598,401.064373,0.0,409.860971
2026-07-16_ttft_component_regression/phase1/input6000_rate3p33_reuse50_seed1,201,1.2819974402318752,27.161485651638756,28.443483091870633,659.3929171458198,0.6224615080749728,688.4588617457654,44.827731,920.83967,0.619393,966.286794
2026-07-16_ttft_component_regression/phase1/input6000_rate3p33_reuse50_seed1,200,0.0,21.132067938309923,21.132067938309923,659.3929171458198,0.0,680.5249850841296,23.671118,541.926452,0.0,565.59757
2026-07-16_ttft_component_regression/phase1/input6000_rate3p33_reuse50_seed1,190,0.0,20.37012352615176,20.37012352615176,659.3929171458198,0.0,679.7630406719716,6.266959,404.664341,0.0,410.9313
2026-07-16_ttft_component_regression/phase1/input6000_rate3p33_reuse50_seed1,204,1.308324778467514,27.188160623176536,28.49648540164405,659.3929171458198,0.6224615080749728,688.5118640555387,22.006342,754.221784,0.619393,776.847519
2026-07-16_ttft_component_regression/phase1/input6000_rate3p33_reuse50_seed1,207,0.4755065531819938,23.911872699168136,24.38737925235013,659.3929171458198,0.0,683.7802963981699,145.230373,413.251503,0.0,558.481876
2026-07-16_ttft_component_regression/phase1/input6000_rate3p33_reuse50_seed1,228,0.0,18.346400445438913,18.346400445438913,659.3929171458198,0.0,677.7393175912587,19.549345,400.14472,0.0,419.694065
2026-07-16_ttft_component_regression/phase1/input6000_rate3p33_reuse50_seed1,259,0.0,13.633575038834177,13.633575038834177,659.3929171458198,0.0,673.0264921846539,2.106558,383.362781,0.0,385.469339
2026-07-16_ttft_component_regression/phase1/input6000_rate3p33_reuse50_seed1,269,0.0,13.605489302663624,13.605489302663624,659.3929171458198,0.0,672.9984064484834,4.821158,383.265009,0.0,388.086167
2026-07-16_ttft_component_regression/phase1/input6000_rate3p33_reuse50_seed1,281,0.0442128287060775,17.942018981096293,17.98623180980237,659.3929171458198,0.0,677.3791489556221,15.791885,396.738721,0.0,412.530606
2026-07-16_ttft_component_regression/phase1/input6000_rate3p33_reuse50_seed1,278,0.016105821987924117,15.093491021778982,15.109596843766907,659.3929171458198,0.0,674.5025139895866,15.860739,392.189544,0.0,408.050283
2026-07-16_ttft_component_regression/phase1/input6000_rate3p33_reuse50_seed1,267,0.023779219440664252,13.11499881546428,13.138778034904943,659.3929171458198,0.0,672.5316951807247,10.046806,396.527657,0.0,406.574463
2026-07-16_ttft_component_regression/phase1/input6000_rate3p33_reuse50_seed1,297,0.04427978698926203,17.87506730711519,17.919347094104452,659.3929171458198,0.0,677.3122642399242,3.431321,396.974431,0.0,400.405752
2026-07-16_ttft_component_regression/phase1/input6000_rate3p33_reuse50_seed1,3,0.0,0.3869668271922161,0.3869668271922161,659.3929171458198,0.0,659.7798839730119,0.678746,361.609295,0.0,362.288041
2026-07-16_ttft_component_regression/phase1/input6000_rate3p33_reuse50_seed1,6,0.019742109942142504,8.533106643097128,8.552848753039271,659.3929171458198,0.0,667.945765898859,3.331929,373.874899,0.0,377.206828
2026-07-16_ttft_component_regression/phase1/input6000_rate3p33_reuse50_seed1,12,0.0,15.140650022006104,15.140650022006104,659.3929171458198,0.0,674.5335671678258,15.49637,377.544838,0.0,393.041208
2026-07-16_ttft_component_regression/phase1/input6000_rate3p33_reuse50_seed1,17,0.0,14.727286111509839,14.727286111509839,659.3929171458198,0.0,674.1202032573295,9.180805,381.352625,0.0,390.53343
2026-07-16_ttft_component_regression/phase1/input6000_rate3p33_reuse50_seed1,22,0.01328878136891063,14.912296330514305,14.925585111883215,659.3929171458198,0.0,674.318502257703,16.38156,384.071537,0.0,400.453097
2026-07-16_ttft_component_regression/phase1/input6000_rate3p33_reuse50_seed1,41,0.0,14.785842444737499,14.785842444737499,659.3929171458198,0.0,674.1787595905572,3.006571,381.844721,0.0,384.851292
2026-07-16_ttft_component_regression/phase1/input6000_rate3p33_reuse50_seed1,60,0.0,15.056793147752465,15.056793147752465,659.3929171458198,0.0,674.4497102935723,17.478598,378.063622,0.0,395.54222
2026-07-16_ttft_component_regression/phase1/input6000_rate3p33_reuse50_seed1,76,0.0,13.568939458968394,13.568939458968394,659.3929171458198,0.0,672.9618566047882,8.709568,381.899185,0.0,390.608753
2026-07-16_ttft_component_regression/phase1/input6000_rate3p33_reuse50_seed1,87,0.04426618617279159,17.89183601733631,17.9361022035091,659.3929171458198,0.0,677.3290193493289,11.212588,388.573448,0.0,399.786036
2026-07-16_ttft_component_regression/phase1/input6000_rate3p33_reuse50_seed1,93,0.0,19.47453737781406,19.47453737781406,659.3929171458198,0.0,678.8674545236338,9.824953,401.954434,0.0,411.779387
2026-07-16_ttft_component_regression/phase1/input6000_rate3p33_reuse50_seed1,97,0.0,23.235086473908222,23.235086473908222,659.3929171458198,0.0,682.628003619728,11.901766,402.343162,0.0,414.244928
2026-07-16_ttft_component_regression/phase1/input6000_rate3p33_reuse50_seed1,83,0.0,14.780367756470444,14.780367756470444,659.3929171458198,0.0,674.1732849022902,2.775438,381.465969,0.0,384.241407
2026-07-16_ttft_component_regression/phase1/input6000_rate3p33_reuse50_seed1,84,0.01575615634839497,15.070565267790533,15.086321424138928,659.3929171458198,0.0,674.4792385699586,11.707798,383.991921,0.0,395.699719
2026-07-16_ttft_component_regression/phase1/input6000_rate3p33_reuse50_seed1,123,0.04241730911378038,16.32797866732526,16.370395976439042,659.3929171458198,0.0,675.7633131222588,14.318599,396.154648,0.0,410.473247
2026-07-16_ttft_component_regression/phase1/input6000_rate3p33_reuse50_seed1,125,0.0,19.413848241313747,19.413848241313747,659.3929171458198,0.0,678.8067653871335,19.224721,401.366037,0.0,420.590758
2026-07-16_ttft_component_regression/phase1/input6000_rate3p33_reuse50_seed1,142,0.011916219497279092,13.72082063946781,13.732736858965088,659.3929171458198,0.0,673.1256540047848,20.322971,389.783473,0.0,410.106444
2026-07-16_ttft_component_regression/phase1/input6000_rate3p33_reuse50_seed1,152,0.04241730911378038,16.32797866732526,16.370395976439042,659.3929171458198,0.0,675.7633131222588,13.340911,397.461119,0.0,410.80203
2026-07-16_ttft_component_regression/phase1/input6000_rate3p33_reuse50_seed1,162,0.010554972668169477,14.743560875006104,14.754115847674273,659.3929171458198,0.0,674.147032993494,13.23045,392.259782,0.0,405.490232
2026-07-16_ttft_component_regression/phase1/input6000_rate3p33_reuse50_seed1,167,0.04221204578974321,16.10806075942085,16.150272805210594,659.3929171458198,0.0,675.5431899510304,6.568516,395.507144,0.0,402.07566
2026-07-16_ttft_component_regression/phase1/input6000_rate3p33_reuse50_seed1,213,1.2300871796369395,27.1011513771095,28.331238556746438,659.3929171458198,0.6224615080749728,688.3466172106412,2.723817,702.281038,0.619393,705.624248
2026-07-16_ttft_component_regression/phase1/input6000_rate3p33_reuse50_seed1,209,0.04791499307480208,7.446156463690448,7.49407145676525,659.3929171458198,0.0,666.886988602585,2.206287,384.513767,0.0,386.720054
2026-07-16_ttft_component_regression/phase1/input6000_rate3p33_reuse50_seed1,220,0.0,12.958600019131863,12.958600019131863,659.3929171458198,0.0,672.3515171649516,17.973835,385.566845,0.0,403.54068
2026-07-16_ttft_component_regression/phase1/input6000_rate3p33_reuse50_seed1,225,0.0,12.732930326601165,12.732930326601165,659.3929171458198,0.0,672.1258474724209,1.790487,389.20852,0.0,390.999007
2026-07-16_ttft_component_regression/phase1/input6000_rate3p33_reuse50_seed1,239,0.0441404680820656,17.992009430549963,18.03614989863203,659.3929171458198,0.0,677.4290670444518,53.13754,548.949866,0.0,602.087406
2026-07-16_ttft_component_regression/phase1/input6000_rate3p33_reuse50_seed1,237,0.017034336383169726,15.155002331233478,15.172036667616647,659.3929171458198,0.0,674.5649538134364,20.304559,546.889665,0.0,567.194224
2026-07-16_ttft_component_regression/phase1/input6000_rate3p33_reuse50_seed1,249,0.0,19.571115874243556,19.571115874243556,659.3929171458198,0.0,678.9640330200633,0.402668,399.086867,0.0,399.489535
2026-07-16_ttft_component_regression/phase1/input6000_rate3p33_reuse50_seed1,273,0.04226641302452004,16.521674947087437,16.563941360111958,659.3929171458198,0.0,675.9568585059317,9.273086,551.992051,0.0,561.265137
2026-07-16_ttft_component_regression/phase1/input6000_rate3p33_reuse50_seed1,279,0.0,23.26795486292006,23.26795486292006,659.3929171458198,0.0,682.6608720087398,5.667518,403.547286,0.0,409.214804
2026-07-16_ttft_component_regression/phase1/input6000_rate3p33_reuse50_seed1,285,0.0,24.1678984731009,24.1678984731009,659.3929171458198,0.0,683.5608156189206,5.759934,403.358408,0.0,409.118342
2026-07-16_ttft_component_regression/phase1/input6000_rate3p33_reuse50_seed1,282,0.0,24.184911242222707,24.184911242222707,659.3929171458198,0.0,683.5778283880425,13.863423,408.802873,0.0,422.666296
2026-07-16_ttft_component_regression/phase1/input6000_rate3p33_reuse50_seed1,274,0.0,19.56420773139464,19.56420773139464,659.3929171458198,0.0,678.9571248772144,225.713921,557.149635,0.0,782.863556
2026-07-16_ttft_component_regression/phase1/input6000_rate3p33_reuse50_seed1,0,0.0,0.4057542845198542,0.4057542845198542,659.3929171458198,0.0,659.7986714303396,0.0,361.609295,0.0,361.609295
2026-07-16_ttft_component_regression/phase1/input6000_rate3p33_reuse50_seed1,8,0.0186109098193901,8.602007733850536,8.620618643669927,659.3929171458198,0.0,668.0135357894897,3.491987,373.934387,0.0,377.426374
2026-07-16_ttft_component_regression/phase1/input6000_rate3p33_reuse50_seed1,32,0.0,15.075869538288439,15.075869538288439,659.3929171458198,0.0,674.4687866841082,4.725677,378.39591,0.0,383.121587
2026-07-16_ttft_component_regression/phase1/input6000_rate3p33_reuse50_seed1,39,0.0,15.06823812323237,15.06823812323237,659.3929171458198,0.0,674.4611552690521,16.141571,378.03543,0.0,394.177001
2026-07-16_ttft_component_regression/phase1/input6000_rate3p33_reuse50_seed1,57,0.04419083077144669,17.958704349289878,18.002895180061323,659.3929171458198,0.0,677.395812325881,16.115425,388.533768,0.0,404.649193
2026-07-16_ttft_component_regression/phase1/input6000_rate3p33_reuse50_seed1,43,0.0,14.805571512274515,14.805571512274515,659.3929171458198,0.0,674.1984886580942,5.824876,535.067872,0.0,540.892748
2026-07-16_ttft_component_regression/phase1/input6000_rate3p33_reuse50_seed1,44,0.016802761983757762,15.139573630981205,15.156376392964964,659.3929171458198,0.0,674.5492935387847,159.983712,532.672607,0.0,692.656319
2026-07-16_ttft_component_regression/phase1/input6000_rate3p33_reuse50_seed1,50,0.016802761983757762,15.139573630981205,15.156376392964964,659.3929171458198,0.0,674.5492935387847,6.932902,383.741041,0.0,390.673943
2026-07-16_ttft_component_regression/phase1/input6000_rate3p33_reuse50_seed1,78,0.0,19.507533633730375,19.507533633730375,659.3929171458198,0.0,678.9004507795502,8.618194,393.049854,0.0,401.668048
2026-07-16_ttft_component_regression/phase1/input6000_rate3p33_reuse50_seed1,137,0.0,0.3775581583641942,0.3775581583641942,659.3929171458198,0.0,659.770475304184,0.003974,361.609295,0.0,361.613269
2026-07-16_ttft_component_regression/phase1/input6000_rate3p33_reuse50_seed1,140,0.018236060838843306,7.779772883660172,7.798008944499015,659.3929171458198,0.0,667.1909260903187,5.590171,373.941779,0.0,379.53195
2026-07-16_ttft_component_regression/phase1/input6000_rate3p33_reuse50_seed1,171,0.0,13.886559229639891,13.886559229639891,659.3929171458198,0.0,673.2794763754597,1.380383,389.333734,0.0,390.714117
2026-07-16_ttft_component_regression/phase1/input6000_rate3p33_reuse50_seed1,186,0.0,12.699201843332007,12.699201843332007,659.3929171458198,0.0,672.0921189891518,3.9616,390.233799,0.0,394.195399
2026-07-16_ttft_component_regression/phase1/input6000_rate3p33_reuse50_seed1,202,0.0,12.939998554963786,12.939998554963786,659.3929171458198,0.0,672.3329157007836,15.847626,389.44164,0.0,405.289266
2026-07-16_ttft_component_regression/phase1/input6000_rate3p33_reuse50_seed1,194,0.004727914130460442,13.126141653712493,13.130869567842954,659.3929171458198,0.0,672.5237867136627,3.208962,384.02979,0.0,387.238752
2026-07-16_ttft_component_regression/phase1/input6000_rate3p33_reuse50_seed1,234,0.0,14.799844772006127,14.799844772006127,659.3929171458198,0.0,674.1927619178259,20.089024,383.625462,0.0,403.714486
2026-07-16_ttft_component_regression/phase1/input6000_rate3p33_reuse50_seed1,240,0.0,14.79418984047276,14.79418984047276,659.3929171458198,0.0,674.1871069862925,3.324932,388.689882,0.0,392.014814
2026-07-16_ttft_component_regression/phase1/input6000_rate3p33_reuse50_seed1,272,0.0,13.802055182389859,13.802055182389859,659.3929171458198,0.0,673.1949723282096,13.325868,382.433617,0.0,395.759485
2026-07-16_ttft_component_regression/phase1/input6000_rate3p33_reuse50_seed1,294,0.015054573463856184,15.024947798017847,15.040002371481703,659.3929171458198,0.0,674.4329195173015,7.097924,392.26359,0.0,399.361514
2026-07-16_ttft_component_regression/phase1/input6000_rate3p33_reuse50_seed1,296,0.04430471164687453,17.833059204984792,17.877363916631666,659.3929171458198,0.0,677.2702810624514,10.569165,396.571143,0.0,407.140308
2026-07-16_ttft_component_regression/phase1/input6000_rate3p33_reuse50_seed1,288,0.0,15.056793147752465,15.056793147752465,659.3929171458198,0.0,674.4497102935723,6.507147,389.210095,0.0,395.717242
2026-07-16_ttft_component_regression/phase1/input6000_rate3p33_reuse50_seed1,291,0.0,14.802699176309682,14.802699176309682,659.3929171458198,0.0,674.1956163221295,4.779172,388.345438,0.0,393.12461
2026-07-16_ttft_component_regression/phase1/input6000_rate3p33_reuse50_seed1,9,0.0,0.3838316416238348,0.3838316416238348,659.3929171458198,0.0,659.7767487874436,0.007336,361.609295,0.0,361.616631
2026-07-16_ttft_component_regression/phase1/input6000_rate3p33_reuse50_seed1,15,0.019742109942142504,8.533106643097128,8.552848753039271,659.3929171458198,0.0,667.945765898859,12.150186,374.218163,0.0,386.368349
2026-07-16_ttft_component_regression/phase1/input6000_rate3p33_reuse50_seed1,36,0.0,15.121628773587165,15.121628773587165,659.3929171458198,0.0,674.5145459194069,56.960234,523.006589,0.0,579.966823
2026-07-16_ttft_component_regression/phase1/input6000_rate3p33_reuse50_seed1,37,0.0,14.731992310141731,14.731992310141731,659.3929171458198,0.0,674.1249094559615,12.96197,381.151889,0.0,394.113859
2026-07-16_ttft_component_regression/phase1/input6000_rate3p33_reuse50_seed1,34,0.019128150288804636,8.572461192756117,8.591589343044921,659.3929171458198,0.0,667.9845064888647,12.539579,525.122525,0.0,537.662104
2026-07-16_ttft_component_regression/phase1/input6000_rate3p33_reuse50_seed1,51,0.01328878136891063,14.912296330514305,14.925585111883215,659.3929171458198,0.0,674.318502257703,11.919562,383.866641,0.0,395.786203
2026-07-16_ttft_component_regression/phase1/input6000_rate3p33_reuse50_seed1,45,0.013643181214931075,14.934665226939403,14.948308408154334,659.3929171458198,0.0,674.3412255539741,20.294749,384.063441,0.0,404.35819
2026-07-16_ttft_component_regression/phase1/input6000_rate3p33_reuse50_seed1,75,0.0,21.378449181286044,21.378449181286044,659.3929171458198,0.0,680.7713663271059,17.676508,396.22339,0.0,413.899898
2026-07-16_ttft_component_regression/phase1/input6000_rate3p33_reuse50_seed1,56,0.04430076004275917,17.841470508342574,17.885771268385334,659.3929171458198,0.0,677.2786884142051,12.980164,388.619368,0.0,401.599532
2026-07-16_ttft_component_regression/phase1/input6000_rate3p33_reuse50_seed1,73,0.0,19.47453737781406,19.47453737781406,659.3929171458198,0.0,678.8674545236338,17.997334,392.96723,0.0,410.964564
2026-07-16_ttft_component_regression/phase1/input6000_rate3p33_reuse50_seed1,92,0.0,21.38792181920578,21.38792181920578,659.3929171458198,0.0,680.7808389650255,14.020353,405.262765,0.0,419.283118
2026-07-16_ttft_component_regression/phase1/input6000_rate3p33_reuse50_seed1,91,0.0,19.507533633730375,19.507533633730375,659.3929171458198,0.0,678.9004507795502,21.218234,393.184254,0.0,414.402488
2026-07-16_ttft_component_regression/phase1/input6000_rate3p33_reuse50_seed1,112,0.0,23.25042308158711,23.25042308158711,659.3929171458198,0.0,682.6433402274068,107.370911,556.973366,0.0,664.344277
2026-07-16_ttft_component_regression/phase1/input6000_rate3p33_reuse50_seed1,121,0.0,24.12151952009723,24.12151952009723,659.3929171458198,0.0,683.514436665917,16.320377,408.043278,0.0,424.363655
2026-07-16_ttft_component_regression/phase1/input6000_rate3p33_reuse50_seed1,111,0.0,19.52193880093804,19.52193880093804,659.3929171458198,0.0,678.9148559467578,12.576924,555.906551,0.0,568.483475
2026-07-16_ttft_component_regression/phase1/input6000_rate3p33_reuse50_seed1,119,0.0,21.39144142724767,21.39144142724767,659.3929171458198,0.0,680.7843585730674,12.749157,403.563668,0.0,416.312825
2026-07-16_ttft_component_regression/phase1/input6000_rate3p33_reuse50_seed1,145,0.0,18.282820095671322,18.282820095671322,659.3929171458198,0.0,677.6757372414911,0.600934,400.800573,0.0,401.401507
2026-07-16_ttft_component_regression/phase1/input6000_rate3p33_reuse50_seed1,133,0.0,21.20108479933907,21.20108479933907,659.3929171458198,0.0,680.5940019451589,0.859947,399.779576,0.0,400.639523
2026-07-16_ttft_component_regression/phase1/input6000_rate3p33_reuse50_seed1,156,0.0,21.17722982863154,21.17722982863154,659.3929171458198,0.0,680.5701469744513,13.161291,400.857757,0.0,414.019048
2026-07-16_ttft_component_regression/phase1/input6000_rate3p33_reuse50_seed1,183,0.06995658387530854,21.957404517819214,22.027361101694524,659.3929171458198,0.0,681.4202782475143,18.05105,410.146365,0.0,428.197415
2026-07-16_ttft_component_regression/phase1/input6000_rate3p33_reuse50_seed1,165,0.0,22.226947631713685,22.226947631713685,659.3929171458198,0.0,681.6198647775334,9.314124,402.761415,0.0,412.075539
2026-07-16_ttft_component_regression/phase1/input6000_rate3p33_reuse50_seed1,158,0.0,23.252950016253887,23.252950016253887,659.3929171458198,0.0,682.6458671620736,133.406336,404.317667,0.0,537.724003
2026-07-16_ttft_component_regression/phase1/input6000_rate3p33_reuse50_seed1,192,0.505405230599039,24.04867191870117,24.55407714930021,659.3929171458198,0.0,683.9469942951199,7.849046,413.852768,0.0,421.701814
2026-07-16_ttft_component_regression/phase1/input6000_rate3p33_reuse50_seed1,178,0.0,20.88834236443531,20.88834236443531,659.3929171458198,0.0,680.281259510255,24.53075,405.504761,0.0,430.035511
2026-07-16_ttft_component_regression/phase1/input6000_rate3p33_reuse50_seed1,188,0.5012767545134148,24.030119281520456,24.531396036033872,659.3929171458198,0.0,683.9243131818537,6.305662,413.950494,0.0,420.256156
2026-07-16_ttft_component_regression/phase1/input6000_rate3p33_reuse50_seed1,235,0.04404888583129961,18.041797318350845,18.085846204182143,659.3929171458198,0.0,677.4787633500019,3.643893,388.545182,0.0,392.189075
2026-07-16_ttft_component_regression/phase1/input6000_rate3p33_reuse50_seed1,248,0.01752296207936965,7.824883665468705,7.842406627548074,659.3929171458198,0.0,667.2353237733678,1.786237,374.780689,0.0,376.566926
2026-07-16_ttft_component_regression/phase1/input6000_rate3p33_reuse50_seed1,265,0.0,12.681315085496967,12.681315085496967,659.3929171458198,0.0,672.0742322313167,6.753212,387.757833,0.0,394.511045
2026-07-16_ttft_component_regression/phase1/input6000_rate3p33_reuse50_seed1,260,0.0,13.865443172378866,13.865443172378866,659.3929171458198,0.0,673.2583603181986,0.594705,389.1346,0.0,389.729305
2026-07-16_ttft_component_regression/phase1/input6000_rate3p33_reuse50_seed1,271,0.01262150974807538,13.76240531200967,13.775026821757747,659.3929171458198,0.0,673.1679439675775,19.005979,392.065192,0.0,411.071171
2026-07-16_ttft_component_regression/phase1/input6000_rate3p33_reuse50_seed1,290,0.044250498281365215,17.908584445405612,17.952834943686977,659.3929171458198,0.0,677.3457520895067,16.393583,396.975487,0.0,413.36907
2026-07-16_ttft_component_regression/phase1/input6000_rate3p33_reuse50_seed1,284,0.01563943090445069,15.062940613821793,15.078580044726243,659.3929171458198,0.0,674.471497190546,9.186359,388.431527,0.0,397.617886
2026-07-16_ttft_component_regression/phase1/input6000_rate3p33_reuse50_seed1,5,0.0,0.4276154394174669,0.4276154394174669,659.3929171458198,0.0,659.8205325852372,0.025067,361.609295,0.0,361.634362
2026-07-16_ttft_component_regression/phase1/input6000_rate3p33_reuse50_seed1,14,0.01867680358587265,8.598407915481104,8.617084719066977,659.3929171458198,0.0,668.0100018648867,9.278961,374.302803,0.0,383.581764
2026-07-16_ttft_component_regression/phase1/input6000_rate3p33_reuse50_seed1,25,0.0,14.802699176309682,14.802699176309682,659.3929171458198,0.0,674.1956163221295,1.378408,381.435217,0.0,382.813625
2026-07-16_ttft_component_regression/phase1/input6000_rate3p33_reuse50_seed1,20,0.0,15.022501726117182,15.022501726117182,659.3929171458198,0.0,674.4154188719369,18.131042,377.689894,0.0,395.820936
2026-07-16_ttft_component_regression/phase1/input6000_rate3p33_reuse50_seed1,28,0.016802761983757762,15.139573630981205,15.156376392964964,659.3929171458198,0.0,674.5492935387847,13.008212,384.055345,0.0,397.063557
2026-07-16_ttft_component_regression/phase1/input6000_rate3p33_reuse50_seed1,52,0.04419083077144669,17.958704349289878,18.002895180061323,659.3929171458198,0.0,677.395812325881,17.215931,542.603151,0.0,559.819082
2026-07-16_ttft_component_regression/phase1/input6000_rate3p33_reuse50_seed1,53,0.0,21.205022627430985,21.205022627430985,659.3929171458198,0.0,680.5979397732507,125.130018,576.513801,0.0,701.643819
2026-07-16_ttft_component_regression/phase1/input6000_rate3p33_reuse50_seed1,55,0.0,23.246617617747408,23.246617617747408,659.3929171458198,0.0,682.6395347635672,242.972467,670.595673,0.0,913.56814
2026-07-16_ttft_component_regression/phase1/input6000_rate3p33_reuse50_seed1,59,0.0,24.13219447310792,24.13219447310792,659.3929171458198,0.0,683.5251116189277,11.656365,399.069819,0.0,410.726184
2026-07-16_ttft_component_regression/phase1/input6000_rate3p33_reuse50_seed1,49,0.016802761983757762,15.139573630981205,15.156376392964964,659.3929171458198,0.0,674.5492935387847,13.972203,384.604209,0.0,398.576412
2026-07-16_ttft_component_regression/phase1/input6000_rate3p33_reuse50_seed1,65,0.0,24.15674575663211,24.15674575663211,659.3929171458198,0.0,683.5496629024518,14.973734,398.804923,0.0,413.778657
2026-07-16_ttft_component_regression/phase1/input6000_rate3p33_reuse50_seed1,68,0.06503752439394692,25.43381468366214,25.498852208056086,659.3929171458198,0.0,684.8917693538758,57.345786,406.794597,0.0,464.140383
2026-07-16_ttft_component_regression/phase1/input6000_rate3p33_reuse50_seed1,70,0.49477842558071644,27.82017866439936,28.314957089980076,659.3929171458198,0.0,687.7078742357999,1.769779,409.916729,0.0,411.686508
2026-07-16_ttft_component_regression/phase1/input6000_rate3p33_reuse50_seed1,88,0.509935921269803,27.89824303792414,28.408178959193943,659.3929171458198,0.0,687.8010961050137,6.915024,413.482668,0.0,420.397692
2026-07-16_ttft_component_regression/phase1/input6000_rate3p33_reuse50_seed1,106,0.06988360057179763,25.48113131614285,25.55101491671465,659.3929171458198,0.0,684.9439320625344,17.869012,412.943508,0.0,430.81252
2026-07-16_ttft_component_regression/phase1/input6000_rate3p33_reuse50_seed1,107,0.5030191154448627,27.862826331439756,28.36584544688462,659.3929171458198,0.0,687.7587625927043,12.570386,416.73656,0.0,429.306946
2026-07-16_ttft_component_regression/phase1/input6000_rate3p33_reuse50_seed1,136,0.0,24.265844291950756,24.265844291950756,659.3929171458198,0.0,683.6587614377705,18.47805,407.975346,0.0,426.453396
2026-07-16_ttft_component_regression/phase1/input6000_rate3p33_reuse50_seed1,114,0.09144169243327165,25.687251446174837,25.77869313860811,659.3929171458198,0.0,685.1716102844279,7.692971,413.534503,0.0,421.227474
2026-07-16_ttft_component_regression/phase1/input6000_rate3p33_reuse50_seed1,141,0.08213972330140841,23.57877407320064,23.66091379650205,659.3929171458198,0.0,683.0538309423218,8.877782,412.87506,0.0,421.752842
2026-07-16_ttft_component_regression/phase1/input6000_rate3p33_reuse50_seed1,131,0.0,24.317351502308014,24.317351502308014,659.3929171458198,0.0,683.7102686481278,14.180817,408.22261,0.0,422.403427
2026-07-16_ttft_component_regression/phase1/input6000_rate3p33_reuse50_seed1,163,0.060938747942519605,25.393503171388875,25.454441919331394,659.3929171458198,0.0,684.8473590651512,76.715291,565.054839,0.0,641.77013
2026-07-16_ttft_component_regression/phase1/input6000_rate3p33_reuse50_seed1,160,0.0,24.182051918597082,24.182051918597082,659.3929171458198,0.0,683.5749690644168,142.232217,560.975709,0.0,703.207926
2026-07-16_ttft_component_regression/phase1/input6000_rate3p33_reuse50_seed1,164,0.47311930181157563,27.705712014666634,28.17883131647821,659.3929171458198,0.0,687.5717484622979,233.413448,569.64285,0.0,803.056298
2026-07-16_ttft_component_regression/phase1/input6000_rate3p33_reuse50_seed1,159,0.0,24.205197348657464,24.205197348657464,659.3929171458198,0.0,683.5981144944772,20.016787,557.45801,0.0,577.474797
2026-07-16_ttft_component_regression/phase1/input6000_rate3p33_reuse50_seed1,144,0.5295847603506227,25.788278403202554,26.317863163553177,659.3929171458198,0.0,685.7107803093729,79.098192,418.276233,0.0,497.374425
2026-07-16_ttft_component_regression/phase1/input6000_rate3p33_reuse50_seed1,196,4698.902597454294,27.124850000776604,4726.027447455071,659.3929171458198,0.0,5385.42036460089,2663.5044639999996,416.24291,0.0,3079.747374
2026-07-16_ttft_component_regression/phase1/input6000_rate3p33_reuse50_seed1,195,4405.218554948349,27.129942878535132,4432.348497826884,659.3929171458198,0.0,5091.741414972704,2355.706214,417.552415,0.0,2773.258629
2026-07-16_ttft_component_regression/phase1/input6000_rate3p33_reuse50_seed1,205,6800.136484123008,27.095712958946876,6827.232197081955,659.3929171458198,0.0,7486.625114227774,5588.659686,416.48275,0.0,6005.142436
2026-07-16_ttft_component_regression/phase1/input6000_rate3p33_reuse50_seed1,217,4287.301831067458,26.69147887174653,4313.993309939205,659.3929171458198,0.0,4973.386227085024,2492.7002599999996,413.526801,0.0,2906.227061
2026-07-16_ttft_component_regression/phase1/input6000_rate3p33_reuse50_seed1,197,5536.4008195195065,27.14483894666211,5563.545658466169,659.3929171458198,0.0,6222.938575611988,3407.778854,416.236326,0.0,3824.01518
2026-07-16_ttft_component_regression/phase1/input6000_rate3p33_reuse50_seed1,193,5041.024995441373,27.183879819068665,5068.208875260441,659.3929171458198,0.6224615080749728,5728.224253914335,5353.066073,762.315476,0.619393,6116.000942
2026-07-16_ttft_component_regression/phase1/input6000_rate3p33_reuse50_seed1,233,0.4492750453476745,25.399981243932686,25.849256289280362,659.3929171458198,0.0,685.2421734351001,15.709863,414.626516,0.0,430.336379
2026-07-16_ttft_component_regression/phase1/input6000_rate3p33_reuse50_seed1,238,0.0,23.233794068693562,23.233794068693562,659.3929171458198,0.0,682.6267112145133,14.041189,400.557282,0.0,414.598471
2026-07-16_ttft_component_regression/phase1/input6000_rate3p33_reuse50_seed1,245,0.454542758807445,27.604746655240536,28.05928941404798,659.3929171458198,0.0,687.4522065598677,23.15538,410.856446,0.0,434.011826
2026-07-16_ttft_component_regression/phase1/input6000_rate3p33_reuse50_seed1,244,0.05355560080730448,25.320202435003306,25.37375803581061,659.3929171458198,0.0,684.7666751816304,3.257496,407.767994,0.0,411.02549
2026-07-16_ttft_component_regression/phase1/input6000_rate3p33_reuse50_seed1,241,0.0,24.12151952009723,24.12151952009723,659.3929171458198,0.0,683.514436665917,14.271356,405.068986,0.0,419.340342
2026-07-16_ttft_component_regression/phase1/input6000_rate3p33_reuse50_seed1,275,0.4584940830836508,27.626441088946077,28.084935172029727,659.3929171458198,0.0,687.4778523178495,26.216507,417.192967,0.0,443.409474
2026-07-16_ttft_component_regression/phase1/input6000_rate3p33_reuse50_seed1,287,0.0,24.15398094923617,24.15398094923617,659.3929171458198,0.0,683.5468980950559,15.683281,408.096274,0.0,423.779555
2026-07-16_ttft_component_regression/phase1/input6000_rate3p33_reuse50_seed1,295,0.0,21.224549941954656,21.224549941954656,659.3929171458198,0.0,680.6174670877745,12.94798,401.258837,0.0,414.206817
2026-07-16_ttft_component_regression/phase1/input6000_rate3p33_reuse50_seed1,7,0.0,0.408881307936075,0.408881307936075,659.3929171458198,0.0,659.8017984537559,0.000801,361.609295,0.0,361.610096
2026-07-16_ttft_component_regression/phase1/input6000_rate3p33_reuse50_seed1,31,0.0,14.799844772006127,14.799844772006127,659.3929171458198,0.0,674.1927619178259,14.94629,381.406161,0.0,396.352451
2026-07-16_ttft_component_regression/phase1/input6000_rate3p33_reuse50_seed1,26,0.01854466648059078,8.605580943436852,8.624125609917442,659.3929171458198,0.0,668.0170427557372,9.021774,374.830195,0.0,383.851969
2026-07-16_ttft_component_regression/phase1/input6000_rate3p33_reuse50_seed1,29,0.0,15.026307034249854,15.026307034249854,659.3929171458198,0.0,674.4192241800696,6.263229,377.86455,0.0,384.127779
2026-07-16_ttft_component_regression/phase1/input6000_rate3p33_reuse50_seed1,47,0.016105821987924117,15.093491021778982,15.109596843766907,659.3929171458198,0.0,674.5025139895866,9.716979,384.023537,0.0,393.740516
2026-07-16_ttft_component_regression/phase1/input6000_rate3p33_reuse50_seed1,38,0.0,14.820201451806815,14.820201451806815,659.3929171458198,0.0,674.2131185976266,11.228964,381.110225,0.0,392.339189
2026-07-16_ttft_component_regression/phase1/input6000_rate3p33_reuse50_seed1,62,0.0,21.259024913987602,21.259024913987602,659.3929171458198,0.0,680.6519420598073,222.578891,545.806808,0.0,768.385699
2026-07-16_ttft_component_regression/phase1/input6000_rate3p33_reuse50_seed1,79,0.0,23.265471713724953,23.265471713724953,659.3929171458198,0.0,682.6583888595447,23.121698,396.699422,0.0,419.82112
2026-07-16_ttft_component_regression/phase1/input6000_rate3p33_reuse50_seed1,61,0.04404888583129961,18.041797318350845,18.085846204182143,659.3929171458198,0.0,677.4787633500019,18.898017,542.472175,0.0,561.370192
2026-07-16_ttft_component_regression/phase1/input6000_rate3p33_reuse50_seed1,101,0.0,23.28272230885988,23.28272230885988,659.3929171458198,0.0,682.6756394546796,21.877813,404.542807,0.0,426.42062
2026-07-16_ttft_component_regression/phase1/input6000_rate3p33_reuse50_seed1,86,0.0,23.28394357531055,23.28394357531055,659.3929171458198,0.0,682.6768607211303,13.135867,396.595998,0.0,409.731865
2026-07-16_ttft_component_regression/phase1/input6000_rate3p33_reuse50_seed1,108,0.0,21.412227555060028,21.412227555060028,659.3929171458198,0.0,680.8051447008797,8.823734,403.41157,0.0,412.235304
2026-07-16_ttft_component_regression/phase1/input6000_rate3p33_reuse50_seed1,104,0.0,23.288815677326134,23.288815677326134,659.3929171458198,0.0,682.6817328231459,2.277141,403.498324,0.0,405.775465
2026-07-16_ttft_component_regression/phase1/input6000_rate3p33_reuse50_seed1,99,0.0,21.329010444360524,21.329010444360524,659.3929171458198,0.0,680.7219275901803,14.852782,393.290782,0.0,408.143564
2026-07-16_ttft_component_regression/phase1/input6000_rate3p33_reuse50_seed1,149,0.04213168348397838,16.590658627399176,16.632790310883156,659.3929171458198,0.0,676.0257074567029,149.707537,668.62057,0.0,818.328107
2026-07-16_ttft_component_regression/phase1/input6000_rate3p33_reuse50_seed1,146,1.291139533179703,26.805918779422665,28.097058312602368,659.3929171458198,0.6224615080749728,688.1124369664971,22.715321,763.595012,0.619393,786.929726
2026-07-16_ttft_component_regression/phase1/input6000_rate3p33_reuse50_seed1,168,1.1729381251777515,28.44296025754681,29.615898382724563,659.3929171458198,0.6224615080749728,689.6312770366193,10.879972,773.723914,0.619393,785.223279
2026-07-16_ttft_component_regression/phase1/input6000_rate3p33_reuse50_seed1,180,934.2238134894237,26.696745343984677,960.9205588334084,659.3929171458198,0.6224615080749728,1620.9359374873034,629.020679,763.543773,0.619393,1393.183845
2026-07-16_ttft_component_regression/phase1/input6000_rate3p33_reuse50_seed1,161,0.0,21.296327154721318,21.296327154721318,659.3929171458198,0.0,680.6892443005411,12.312009,402.562614,0.0,414.874623
2026-07-16_ttft_component_regression/phase1/input6000_rate3p33_reuse50_seed1,157,0.04403173807602697,18.05007489636597,18.094106634441996,659.3929171458198,0.0,677.4870237802618,4.116296,397.333471,0.0,401.449767
2026-07-16_ttft_component_regression/phase1/input6000_rate3p33_reuse50_seed1,169,0.0,22.276952425130307,22.276952425130307,659.3929171458198,0.0,681.66986957095,297.146981,833.136991,0.0,1130.283972
2026-07-16_ttft_component_regression/phase1/input6000_rate3p33_reuse50_seed1,175,0.5155325212622324,25.723466351276006,26.23899887253824,659.3929171458198,0.0,685.631916018358,570.858473,539.191689,0.0,1110.050162
2026-07-16_ttft_component_regression/phase1/input6000_rate3p33_reuse50_seed1,170,1.202306772170584,28.480062041129635,29.68236881330022,659.3929171458198,0.6224615080749728,689.6977474671949,556.366969,1094.159058,0.619393,1651.14542
2026-07-16_ttft_component_regression/phase1/input6000_rate3p33_reuse50_seed1,182,2983.4338066552664,26.731869102612027,3010.1656757578785,659.3929171458198,0.6224615080749728,3670.1810544117734,1706.803738,762.525344,0.619393,2469.948475
2026-07-16_ttft_component_regression/phase1/input6000_rate3p33_reuse50_seed1,185,1621.6504526613255,26.714690348819623,1648.3651430101452,659.3929171458198,0.6224615080749728,2308.38052166404,9790.054774,767.942242,0.619393,10558.616409
2026-07-16_ttft_component_regression/phase1/input6000_rate3p33_reuse50_seed1,219,4636.62112397605,26.71719160482198,4663.3383155808715,659.3929171458198,0.6224615080749728,5323.3536942347655,2760.881892,768.171822,0.619393,3529.673107
2026-07-16_ttft_component_regression/phase1/input6000_rate3p33_reuse50_seed1,243,0.0,24.244156052227773,24.244156052227773,659.3929171458198,0.0,683.6370731980476,3.788885,401.454565,0.0,405.24345
2026-07-16_ttft_component_regression/phase1/input6000_rate3p33_reuse50_seed1,246,1.145965771452078,28.405622557283817,29.551588328735896,659.3929171458198,0.6224615080749728,689.5669669826306,7.950068,764.08264,0.619393,772.652101
2026-07-16_ttft_component_regression/phase1/input6000_rate3p33_reuse50_seed1,250,0.49753465338719965,25.638549754351597,26.136084407738796,659.3929171458198,0.0,685.5290015535586,195.474609,420.223485,0.0,615.698094
2026-07-16_ttft_component_regression/phase1/input6000_rate3p33_reuse50_seed1,264,1.1439029925980089,28.40263736440158,29.54654035699959,659.3929171458198,0.6224615080749728,689.5619190108943,61.202904000000004,762.728939,0.619393,824.551236
2026-07-16_ttft_component_regression/phase1/input6000_rate3p33_reuse50_seed1,258,1.1480302735905832,28.40859172443031,29.55662199802089,659.3929171458198,0.6224615080749728,689.5720006519156,23.288151,760.281515,0.619393,784.189059
2026-07-16_ttft_component_regression/phase1/input6000_rate3p33_reuse50_seed1,270,1.1521644413359466,28.414481855365057,29.566646296701006,659.3929171458198,0.6224615080749728,689.5820249505957,3.978466,751.542873,0.619393,756.140732
2026-07-16_ttft_component_regression/phase1/input6000_rate3p33_reuse50_seed1,262,0.059686298609131654,23.377699861218627,23.43738615982776,659.3929171458198,0.0,682.8303033056475,12.213485,414.120272,0.0,426.333757
2026-07-16_ttft_component_regression/phase1/input6000_rate3p33_reuse50_seed1,1,0.0,0.4120070468246051,0.4120070468246051,659.3929171458198,0.0,659.8049241926443,0.400429,361.609295,0.0,362.009724
2026-07-16_ttft_component_regression/phase1/input6000_rate3p33_reuse50_seed1,19,0.0,15.03392195215287,15.03392195215287,659.3929171458198,0.0,674.4268390979727,244.34551,523.000061,0.0,767.345571
2026-07-16_ttft_component_regression/phase1/input6000_rate3p33_reuse50_seed1,18,0.018478075017559818,8.609127580142724,8.627605655160284,659.3929171458198,0.0,668.0205228009801,9.820124,525.111261,0.0,534.931385
2026-07-16_ttft_component_regression/phase1/input6000_rate3p33_reuse50_seed1,21,0.0,14.838344869621917,14.838344869621917,659.3929171458198,0.0,674.2312620154416,3.519649,381.161425,0.0,384.681074
2026-07-16_ttft_component_regression/phase1/input6000_rate3p33_reuse50_seed1,42,0.01749632695300603,15.185960415402016,15.203456742355023,659.3929171458198,0.0,674.5963738881748,17.963828,384.264465,0.0,402.228293
2026-07-16_ttft_component_regression/phase1/input6000_rate3p33_reuse50_seed1,48,0.04406549361269102,18.033513832554757,18.07757932616745,659.3929171458198,0.0,677.4704964719872,5.040995,389.012264,0.0,394.053259
2026-07-16_ttft_component_regression/phase1/input6000_rate3p33_reuse50_seed1,33,0.018071557689865334,15.22484496035578,15.242916518045645,659.3929171458198,0.0,674.6358336638654,0.089692,384.315121,0.0,384.404813
2026-07-16_ttft_component_regression/phase1/input6000_rate3p33_reuse50_seed1,58,0.0,21.292643975248538,21.292643975248538,659.3929171458198,0.0,680.6855611210683,18.362438,393.22483,0.0,411.587268
2026-07-16_ttft_component_regression/phase1/input6000_rate3p33_reuse50_seed1,66,0.0,23.290030587919578,23.290030587919578,659.3929171458198,0.0,682.6829477337393,12.341517,396.50563,0.0,408.847147
2026-07-16_ttft_component_regression/phase1/input6000_rate3p33_reuse50_seed1,81,0.0,23.292456847738684,23.292456847738684,659.3929171458198,0.0,682.6853739935584,12.046212,396.894462,0.0,408.940674
2026-07-16_ttft_component_regression/phase1/input6000_rate3p33_reuse50_seed1,85,0.0,23.292456847738684,23.292456847738684,659.3929171458198,0.0,682.6853739935584,3.914358,396.542974,0.0,400.457332
2026-07-16_ttft_component_regression/phase1/input6000_rate3p33_reuse50_seed1,109,0.015067885742819998,13.91024880784484,13.925316693587659,659.3929171458198,0.0,673.3182338394074,8.875949,385.126293,0.0,394.002242
2026-07-16_ttft_component_regression/phase1/input6000_rate3p33_reuse50_seed1,120,0.0,21.236137493902472,21.236137493902472,659.3929171458198,0.0,680.6290546397222,11.034882,401.397749,0.0,412.432631
2026-07-16_ttft_component_regression/phase1/input6000_rate3p33_reuse50_seed1,117,0.04218141715578733,16.56771199396661,16.6098934111224,659.3929171458198,0.0,676.0028105569421,12.636944,393.751137,0.0,406.388081
2026-07-16_ttft_component_regression/phase1/input6000_rate3p33_reuse50_seed1,155,0.012815373674188653,14.88259852035273,14.895413894026918,659.3929171458198,0.0,674.2883310398466,13.131431,393.715249,0.0,406.84668
2026-07-16_ttft_component_regression/phase1/input6000_rate3p33_reuse50_seed1,177,0.0,18.29308257379426,18.29308257379426,659.3929171458198,0.0,677.685999719614,5.471885,398.749273,0.0,404.221158
2026-07-16_ttft_component_regression/phase1/input6000_rate3p33_reuse50_seed1,154,0.0,14.74162653735833,14.74162653735833,659.3929171458198,0.0,674.1345436831781,18.044079,382.802531,0.0,400.84661
2026-07-16_ttft_component_regression/phase1/input6000_rate3p33_reuse50_seed1,174,0.04226641302452004,16.521674947087437,16.563941360111958,659.3929171458198,0.0,675.9568585059317,55.402195,395.903158,0.0,451.305353
2026-07-16_ttft_component_regression/phase1/input6000_rate3p33_reuse50_seed1,166,0.012856033881985168,13.776332692258745,13.789188726140729,659.3929171458198,0.0,673.1821058719605,17.793236,390.713829,0.0,408.507065
2026-07-16_ttft_component_regression/phase1/input6000_rate3p33_reuse50_seed1,172,0.014604833277335048,13.881817834419772,13.896422667697108,659.3929171458198,0.0,673.2893398135169,2.580944,392.149766,0.0,394.73071
2026-07-16_ttft_component_regression/phase1/input6000_rate3p33_reuse50_seed1,191,0.0,18.32003769980216,18.32003769980216,659.3929171458198,0.0,677.7129548456219,8.193705,400.664357,0.0,408.858062
2026-07-16_ttft_component_regression/phase1/input6000_rate3p33_reuse50_seed1,211,0.0,20.390211074639744,20.390211074639744,659.3929171458198,0.0,679.7831282204595,10.862397,404.840885,0.0,415.703282
2026-07-16_ttft_component_regression/phase1/input6000_rate3p33_reuse50_seed1,223,0.0,18.329992729830735,18.329992729830735,659.3929171458198,0.0,677.7229098756504,9.423945,398.122769,0.0,407.546714
2026-07-16_ttft_component_regression/phase1/input6000_rate3p33_reuse50_seed1,232,0.042114026943833,16.59829656583158,16.64041059277541,659.3929171458198,0.0,676.0333277385952,1.377778,394.88544,0.0,396.263218
2026-07-16_ttft_component_regression/phase1/input6000_rate3p33_reuse50_seed1,236,0.04401404934379808,18.05834651951966,18.102360568863457,659.3929171458198,0.0,677.4952777146832,20.183676,397.451101,0.0,417.634777
2026-07-16_ttft_component_regression/phase1/input6000_rate3p33_reuse50_seed1,263,0.013791048049623061,13.832367139082809,13.846158187132431,659.3929171458198,0.0,673.2390753329522,14.561849,391.454739,0.0,406.016588
2026-07-16_ttft_component_regression/phase1/input6000_rate3p33_reuse50_seed1,268,0.042365704903883854,16.444542346086077,16.48690805098996,659.3929171458198,0.0,675.8798251968097,13.420399,397.158399,0.0,410.578798
2026-07-16_ttft_component_regression/phase1/input6000_rate3p33_reuse50_seed1,251,0.04953043093693348,15.548944182524055,15.598474613460988,659.3929171458198,0.0,674.9913917592808,5.02592,395.027094,0.0,400.053014
2026-07-16_ttft_component_regression/phase1/input6000_rate3p33_reuse50_seed1,283,0.04419083077144669,17.958704349289878,18.002895180061323,659.3929171458198,0.0,677.395812325881,0.681872,394.38983,0.0,395.071702
2026-07-16_ttft_component_regression/phase1/input6000_rate3p33_reuse50_seed1,289,0.0,21.259024913987602,21.259024913987602,659.3929171458198,0.0,680.6519420598073,20.501302,401.336373,0.0,421.837675
2026-07-16_ttft_component_regression/phase1/input6000_rate3p33_reuse50_seed1,4,0.0,0.4182545527853351,0.4182545527853351,659.3929171458198,0.0,659.8111716986051,0.446664,361.609295,0.0,362.055959
2026-07-16_ttft_component_regression/phase1/input6000_rate3p33_reuse50_seed1,11,0.018276226363861156,8.619608416779041,8.637884643142902,659.3929171458198,0.0,668.0308017889627,16.768706,374.112819,0.0,390.881525
2026-07-16_ttft_component_regression/phase1/input6000_rate3p33_reuse50_seed1,23,0.0,14.814295905597412,14.814295905597412,659.3929171458198,0.0,674.2072130514172,10.014248,381.412721,0.0,391.426969
2026-07-16_ttft_component_regression/phase1/input6000_rate3p33_reuse50_seed1,16,0.0,15.022501726117182,15.022501726117182,659.3929171458198,0.0,674.4154188719369,11.70936,377.64967,0.0,389.35903
2026-07-16_ttft_component_regression/phase1/input6000_rate3p33_reuse50_seed1,27,0.01575615634839497,15.070565267790533,15.086321424138928,659.3929171458198,0.0,674.4792385699586,8.309144,384.185105,0.0,392.494249
2026-07-16_ttft_component_regression/phase1/input6000_rate3p33_reuse50_seed1,80,0.0,15.064422733541967,15.064422733541967,659.3929171458198,0.0,674.4573398793617,1.335684,377.378982,0.0,378.714666
2026-07-16_ttft_component_regression/phase1/input6000_rate3p33_reuse50_seed1,90,0.014023989803306831,13.846456189609832,13.86048017941314,659.3929171458198,0.0,673.2533973252329,130.284785,383.623921,0.0,513.908706
2026-07-16_ttft_component_regression/phase1/input6000_rate3p33_reuse50_seed1,74,0.0,0.31536662966585793,0.31536662966585793,659.3929171458198,0.0,659.7082837754856,0.005347,361.609295,0.0,361.614642
2026-07-16_ttft_component_regression/phase1/input6000_rate3p33_reuse50_seed1,77,0.016287012927406624,7.888985121948159,7.905272134875566,659.3929171458198,0.0,667.2981892806953,3.957789,373.902835,0.0,377.860624
2026-07-16_ttft_component_regression/phase1/input6000_rate3p33_reuse50_seed1,100,0.0,21.20108479933907,21.20108479933907,659.3929171458198,0.0,680.5940019451589,18.662313,400.861691,0.0,419.524004
2026-07-16_ttft_component_regression/phase1/input6000_rate3p33_reuse50_seed1,89,0.0,13.600069123538516,13.600069123538516,659.3929171458198,0.0,672.9929862693583,12.579222,381.089937,0.0,393.669159
2026-07-16_ttft_component_regression/phase1/input6000_rate3p33_reuse50_seed1,95,0.04419083077144669,17.958704349289878,18.002895180061323,659.3929171458198,0.0,677.395812325881,9.175816,388.626376,0.0,397.802192
2026-07-16_ttft_component_regression/phase1/input6000_rate3p33_reuse50_seed1,105,0.0,24.14301432708859,24.14301432708859,659.3929171458198,0.0,683.5359314729084,0.321855,404.543657,0.0,404.865512
2026-07-16_ttft_component_regression/phase1/input6000_rate3p33_reuse50_seed1,122,0.4691092157379852,27.68413688176995,28.15324609750793,659.3929171458198,0.0,687.5461632433277,11.513678,414.291668,0.0,425.805346
2026-07-16_ttft_component_regression/phase1/input6000_rate3p33_reuse50_seed1,103,0.0,23.261734185240503,23.261734185240503,659.3929171458198,0.0,682.6546513310602,3.876067,402.312753,0.0,406.18882
2026-07-16_ttft_component_regression/phase1/input6000_rate3p33_reuse50_seed1,113,0.061618359451070547,25.400205813442437,25.461824172893508,659.3929171458198,0.0,684.8547413187133,10.847591,410.140796,0.0,420.988387
2026-07-16_ttft_component_regression/phase1/input6000_rate3p33_reuse50_seed1,148,0.48524609504196525,27.770227764265965,28.25547385930793,659.3929171458198,0.0,687.6483910051277,12.7742,416.574712,0.0,429.348912
2026-07-16_ttft_component_regression/phase1/input6000_rate3p33_reuse50_seed1,139,0.4906823665106977,27.798796345862534,28.28947871237323,659.3929171458198,0.0,687.682395858193,12.316535,417.462337,0.0,429.778872
2026-07-16_ttft_component_regression/phase1/input6000_rate3p33_reuse50_seed1,173,0.04233229481545704,16.47545395721514,16.517786252030596,659.3929171458198,0.0,675.9107033978504,16.439473,394.8807,0.0,411.320173
2026-07-16_ttft_component_regression/phase1/input6000_rate3p33_reuse50_seed1,176,0.0,18.323365278907914,18.323365278907914,659.3929171458198,0.0,677.7162824247276,22.772167,401.265589,0.0,424.037756
2026-07-16_ttft_component_regression/phase1/input6000_rate3p33_reuse50_seed1,210,0.0,12.912665705145098,12.912665705145098,659.3929171458198,0.0,672.3055828509648,4.79314,382.122908,0.0,386.916048
2026-07-16_ttft_component_regression/phase1/input6000_rate3p33_reuse50_seed1,214,0.04981784892015578,15.316493956475366,15.366311805395522,659.3929171458198,0.0,674.7592289512153,20.97135,397.395453,0.0,418.366803
2026-07-16_ttft_component_regression/phase1/input6000_rate3p33_reuse50_seed1,212,0.043132223251820825,13.08835838449953,13.131490607751351,659.3929171458198,0.0,672.5244077535712,3.389961,391.661557,0.0,395.051518
2026-07-16_ttft_component_regression/phase1/input6000_rate3p33_reuse50_seed1,218,0.0005006088449337298,18.237364345776438,18.237864954621372,659.3929171458198,0.0,677.6307821004411,6.125718,400.927067,0.0,407.052785
2026-07-16_ttft_component_regression/phase1/input6000_rate3p33_reuse50_seed1,231,0.0,21.366415858386734,21.366415858386734,659.3929171458198,0.0,680.7593330042065,237.417057,555.130984,0.0,792.548041
2026-07-16_ttft_component_regression/phase1/input6000_rate3p33_reuse50_seed1,230,0.0,19.44452029124437,19.44452029124437,659.3929171458198,0.0,678.8374374370641,12.231062,552.872429,0.0,565.103491
2026-07-16_ttft_component_regression/phase1/input6000_rate3p33_reuse50_seed1,227,0.04981784892015578,15.316493956475366,15.366311805395522,659.3929171458198,0.0,674.7592289512153,14.019956,396.867711,0.0,410.887667
2026-07-16_ttft_component_regression/phase1/input6000_rate3p33_reuse50_seed1,247,0.0,21.350417159635715,21.350417159635715,659.3929171458198,0.0,680.7433343054555,15.654423,405.351497,0.0,421.00592
2026-07-16_ttft_component_regression/phase1/input6000_rate3p33_reuse50_seed1,35,0.01880753660955664,8.59112831038505,8.609935846994608,659.3929171458198,0.0,668.0028529928144,12.027602,373.910259,0.0,385.937861
2026-07-16_ttft_component_regression/phase1/input6000_rate3p33_reuse50_seed1,40,0.0,15.09876081390134,15.09876081390134,659.3929171458198,0.0,674.4916779597211,8.728163,377.49383,0.0,386.221993
2026-07-16_ttft_component_regression/phase1/input6000_rate3p33_reuse50_seed1,30,0.0,0.4276154394174669,0.4276154394174669,659.3929171458198,0.0,659.8205325852372,0.001023,361.609295,0.0,361.610318
2026-07-16_ttft_component_regression/phase1/input6000_rate3p33_reuse50_seed1,46,0.0,14.7591945512106,14.7591945512106,659.3929171458198,0.0,674.1521116970304,10.351401,381.186993,0.0,391.538394
2026-07-16_ttft_component_regression/phase1/input6000_rate3p33_reuse50_seed1,64,0.044311072030133104,17.816222393085482,17.860533465115616,659.3929171458198,0.0,677.2534506109354,190.758126,571.368303,0.0,762.126429
2026-07-16_ttft_component_regression/phase1/input6000_rate3p33_reuse50_seed1,63,0.014585273173337257,14.994711379835666,15.009296653009002,659.3929171458198,0.0,674.4022137988287,7.671288,537.337769,0.0,545.009057
2026-07-16_ttft_component_regression/phase1/input6000_rate3p33_reuse50_seed1,67,0.0,347.85837525180443,347.85837525180443,659.3929171458198,0.0,1007.2512923976242,298.098282,664.831953,0.0,962.930235
2026-07-16_ttft_component_regression/phase1/input6000_rate3p33_reuse50_seed1,82,0.0,23.246617617747408,23.246617617747408,659.3929171458198,0.0,682.6395347635672,2.640424,396.449406,0.0,399.08983
2026-07-16_ttft_component_regression/phase1/input6000_rate3p33_reuse50_seed1,94,0.0,21.255236864337817,21.255236864337817,659.3929171458198,0.0,680.6481540101576,3.305144,393.352606,0.0,396.65775
2026-07-16_ttft_component_regression/phase1/input6000_rate3p33_reuse50_seed1,110,0.014256590338478923,13.86057709627333,13.874833686611808,659.3929171458198,0.0,673.2677508324316,15.065411,384.650193,0.0,399.715604
2026-07-16_ttft_component_regression/phase1/input6000_rate3p33_reuse50_seed1,115,0.0442020941795211,17.950364362097595,17.994566456277116,659.3929171458198,0.0,677.3874836020968,7.43737,389.26964,0.0,396.70701
2026-07-16_ttft_component_regression/phase1/input6000_rate3p33_reuse50_seed1,126,1.1625299053775662,28.4289245263385,29.591454431716066,659.3929171458198,0.6224615080749728,689.6068330856108,2.544833,731.541676,0.619393,734.705902
2026-07-16_ttft_component_regression/phase1/input6000_rate3p33_reuse50_seed1,129,0.0,23.246617617747408,23.246617617747408,659.3929171458198,0.0,682.6395347635672,0.942526,406.486629,0.0,407.429155
2026-07-16_ttft_component_regression/phase1/input6000_rate3p33_reuse50_seed1,132,0.0,24.14029567710811,24.14029567710811,659.3929171458198,0.0,683.5332128229279,17.209247,403.935684,0.0,421.144931
2026-07-16_ttft_component_regression/phase1/input6000_rate3p33_reuse50_seed1,127,0.0,23.259233670211,23.259233670211,659.3929171458198,0.0,682.6521508160307,4.659379,403.020229,0.0,407.679608
2026-07-16_ttft_component_regression/phase1/input6000_rate3p33_reuse50_seed1,143,0.0,21.398430782997938,21.398430782997938,659.3929171458198,0.0,680.7913479288177,12.005247,400.121293,0.0,412.12654
2026-07-16_ttft_component_regression/phase1/input6000_rate3p33_reuse50_seed1,181,1.2607681387522676,26.77870752959799,28.03947566835026,659.3929171458198,0.6224615080749728,688.054854322245,138.61407,908.441933,0.619393,1047.675396
2026-07-16_ttft_component_regression/phase1/input6000_rate3p33_reuse50_seed1,179,0.0,18.309999365161396,18.309999365161396,659.3929171458198,0.0,677.7029165109811,1.230376,534.838701,0.0,536.069077
2026-07-16_ttft_component_regression/phase1/input6000_rate3p33_reuse50_seed1,187,0.0,20.858683288834165,20.858683288834165,659.3929171458198,0.0,680.2516004346539,1.354997,405.911012,0.0,407.266009
2026-07-16_ttft_component_regression/phase1/input6000_rate3p33_reuse50_seed1,203,0.015488139986568174,18.647652564493267,18.663140704479837,659.3929171458198,0.0,678.0560578502996,16.006047,401.564659,0.0,417.570706
2026-07-16_ttft_component_regression/phase1/input6000_rate3p33_reuse50_seed1,216,0.0,20.079598853947523,20.079598853947523,659.3929171458198,0.0,679.4725159997673,224.615248,558.877933,0.0,783.493181
2026-07-16_ttft_component_regression/phase1/input6000_rate3p33_reuse50_seed1,224,1.2158186420184571,26.731869102612027,27.947687744630485,659.3929171458198,0.6224615080749728,687.9630663985251,20.137887000000003,746.862079,0.619393,767.619359
2026-07-16_ttft_component_regression/phase1/input6000_rate3p33_reuse50_seed1,208,1.341575893530445,27.21812897379909,28.559704867329536,659.3929171458198,0.6224615080749728,688.5750835212242,18.562223,748.277105,0.619393,767.458721
2026-07-16_ttft_component_regression/phase1/input6000_rate3p33_reuse50_seed1,215,0.0,18.34313723082446,18.34313723082446,659.3929171458198,0.0,677.7360543766442,19.359709,555.875817,0.0,575.235526
2026-07-16_ttft_component_regression/phase1/input6000_rate3p33_reuse50_seed1,226,0.06858030038902992,21.94572046005977,22.0143007604488,659.3929171458198,0.0,681.4072179062686,211.655244,408.266712,0.0,619.921956
2026-07-16_ttft_component_regression/phase1/input6000_rate3p33_reuse50_seed1,252,0.0,20.84905980991343,20.84905980991343,659.3929171458198,0.0,680.2419769557332,24.461648,408.136658,0.0,432.598306
2026-07-16_ttft_component_regression/phase1/input6000_rate3p33_reuse50_seed1,254,0.0536313605045782,23.32221253241611,23.375843892920688,659.3929171458198,0.0,682.7687610387404,22.562264,407.76933,0.0,430.331594
2026-07-16_ttft_component_regression/phase1/input6000_rate3p33_reuse50_seed1,261,0.0,22.172904285205817,22.172904285205817,659.3929171458198,0.0,681.5658214310256,21.7865,407.311998,0.0,429.098498
2026-07-16_ttft_component_regression/phase1/input6000_rate3p33_reuse50_seed1,277,0.0,24.118873204322956,24.118873204322956,659.3929171458198,0.0,683.5117903501427,8.128314,407.107941,0.0,415.236255
2026-07-16_ttft_component_regression/phase1/input6000_rate3p33_reuse50_seed1,266,0.0,20.82325405962493,20.82325405962493,659.3929171458198,0.0,680.2161712054447,24.454394,406.291289,0.0,430.745683
2026-07-16_ttft_component_regression/phase1/input6000_rate3p33_reuse50_seed1,286,0.0,24.126839000469666,24.126839000469666,659.3929171458198,0.0,683.5197561462894,14.818634,403.336588,0.0,418.155222
2026-07-16_ttft_component_regression/phase1/input6000_rate3p33_reuse50_seed1,292,0.0,24.105774708628434,24.105774708628434,659.3929171458198,0.0,683.4986918544482,0.407031,402.319653,0.0,402.726684
2026-07-16_ttft_component_regression/phase1/input6000_rate3p33_reuse50_seed1,280,0.05223139873581169,25.306960594013855,25.35919199274967,659.3929171458198,0.0,684.7521091385694,24.286766,410.9436,0.0,435.230366
2026-07-16_ttft_component_regression/phase1/input6000_rate3p33_reuse50_seed1,298,0.051571390972744796,25.3003496842376,25.351921075210342,659.3929171458198,0.0,684.7448382210301,18.400663,407.075277,0.0,425.47594
2026-07-16_ttft_component_regression/phase1/input6000_rate3p33_reuse50_seed1,2,0.0,0.38069540876914554,0.38069540876914554,659.3929171458198,0.0,659.7736125545889,0.088507,361.609295,0.0,361.697802
2026-07-16_ttft_component_regression/phase1/input6000_rate3p33_reuse50_seed1,10,0.019742109942142504,8.533106643097128,8.552848753039271,659.3929171458198,0.0,667.945765898859,6.559444,374.035891,0.0,380.595335
2026-07-16_ttft_component_regression/phase1/input6000_rate3p33_reuse50_seed1,13,0.0,15.152040985647854,15.152040985647854,659.3929171458198,0.0,674.5449581314676,16.348091,377.603334,0.0,393.951425
2026-07-16_ttft_component_regression/phase1/input6000_rate3p33_reuse50_seed1,71,0.0174611219273163,7.828480079454696,7.845941201382012,659.3929171458198,0.0,667.2388583472018,11.282138,373.978803,0.0,385.260941
2026-07-16_ttft_component_regression/phase1/input6000_rate3p33_reuse50_seed1,69,0.0,0.408881307936075,0.408881307936075,659.3929171458198,0.0,659.8017984537559,0.018572,361.609295,0.0,361.627867
2026-07-16_ttft_component_regression/phase1/input6000_rate3p33_reuse50_seed1,98,0.0,15.079685340170034,15.079685340170034,659.3929171458198,0.0,674.4726024859898,4.509898,378.068838,0.0,382.578736
2026-07-16_ttft_component_regression/phase1/input6000_rate3p33_reuse50_seed1,118,0.019128150288804636,8.572461192756117,8.591589343044921,659.3929171458198,0.0,667.9845064888647,1.939637,374.418835,0.0,376.358472
2026-07-16_ttft_component_regression/phase1/input6000_rate3p33_reuse50_seed1,124,0.0,13.872485358744417,13.872485358744417,659.3929171458198,0.0,673.2654025045641,13.447266,377.843878,0.0,391.291144
2026-07-16_ttft_component_regression/phase1/input6000_rate3p33_reuse50_seed1,135,0.014467760255661629,14.987174374827536,15.001642135083197,659.3929171458198,0.0,674.394559280903,143.564812,535.802712,0.0,679.367524
2026-07-16_ttft_component_regression/phase1/input6000_rate3p33_reuse50_seed1,134,0.0,14.780367756470444,14.780367756470444,659.3929171458198,0.0,674.1732849022902,8.180784,535.617791,0.0,543.798575
2026-07-16_ttft_component_regression/phase1/input6000_rate3p33_reuse50_seed1,147,0.042365704903883854,16.444542346086077,16.48690805098996,659.3929171458198,0.0,675.8798251968097,5.252764,388.953128,0.0,394.205892
2026-07-16_ttft_component_regression/phase1/input6000_rate3p33_reuse50_seed1,198,0.0,12.927336757137413,12.927336757137413,659.3929171458198,0.0,672.3202539029571,15.754081,388.857879,0.0,404.61196
2026-07-16_ttft_component_regression/phase1/input6000_rate3p33_reuse50_seed1,199,0.043494764185739075,13.108293230315105,13.151787994500845,659.3929171458198,0.0,672.5447051403206,10.684854,392.405832,0.0,403.090686
2026-07-16_ttft_component_regression/phase1/input6000_rate3p33_reuse50_seed1,206,0.07394573668103653,15.581780349389144,15.65572608607018,659.3929171458198,0.0,675.04864323189,13.010602,397.229535,0.0,410.240137
2026-07-16_ttft_component_regression/phase1/input6000_rate3p33_reuse50_seed1,189,0.0,12.937434612783344,12.937434612783344,659.3929171458198,0.0,672.3303517586031,3.51613,390.571077,0.0,394.087207
2026-07-16_ttft_component_regression/phase1/input6000_rate3p33_reuse50_seed1,221,0.017314596865839006,12.752493281399405,12.769807878265244,659.3929171458198,0.0,672.162725024085,5.962639,392.36711,0.0,398.329749
2026-07-16_ttft_component_regression/phase1/input6000_rate3p33_reuse50_seed1,229,0.001779711303607106,18.215838757861135,18.217618469164744,659.3929171458198,0.0,677.6105356149845,19.430984,399.299077,0.0,418.730061
2026-07-16_ttft_component_regression/phase1/input6000_rate3p33_reuse50_seed1,222,0.04981462224470066,15.279780735871137,15.329595358115837,659.3929171458198,0.0,674.7225125039356,6.031395,396.945119,0.0,402.976514
2026-07-16_ttft_component_regression/phase1/input6000_rate3p33_reuse50_seed1,256,0.0,19.481940241800334,19.481940241800334,659.3929171458198,0.0,678.8748573876201,14.953261,553.863319,0.0,568.81658
2026-07-16_ttft_component_regression/phase1/input6000_rate3p33_reuse50_seed1,242,0.044258603620827223,17.900212789632974,17.9444713932538,659.3929171458198,0.0,677.3373885390736,18.741538,397.365981,0.0,416.107519
2026-07-16_ttft_component_regression/phase1/input6000_rate3p33_reuse50_seed1,257,0.0,21.383201752518435,21.383201752518435,659.3929171458198,0.0,680.7761188983382,22.207855,401.379088,0.0,423.586943
2026-07-16_ttft_component_regression/phase1/input6000_rate3p33_reuse50_seed1,255,0.04234143212282465,16.467733226366818,16.510074658489643,659.3929171458198,0.0,675.9029918043094,110.645512,550.451247,0.0,661.096759
2026-07-16_ttft_component_regression/phase1/input6000_rate3p33_reuse50_seed1,253,0.020753656649960716,12.94077345251986,12.96152710916982,659.3929171458198,0.0,672.3544442549895,4.310717,395.916937,0.0,400.227654
2026-07-16_ttft_component_regression/phase1/input6000_rate3p33_reuse50_seed1,276,0.0,21.39027012520562,21.39027012520562,659.3929171458198,0.0,680.7831872710253,21.148469,405.839226,0.0,426.987695
2026-07-16_ttft_component_regression/phase1/input6000_rate3p33_reuse50_seed1,293,0.0,23.241514499039656,23.241514499039656,659.3929171458198,0.0,682.6344316448594,16.112154,404.907637,0.0,421.019791
2026-07-16_ttft_component_regression/phase1/input6000_rate3p33_reuse50_seed1,299,0.0,23.240233344178694,23.240233344178694,659.3929171458198,0.0,682.6331504899985,4.169371,404.692597,0.0,408.861968
2026-07-16_ttft_component_regression/phase1/input6000_rate3p33_reuse50_seed1,24,0.0,0.38069540876914554,0.38069540876914554,659.3929171458198,0.0,659.7736125545889,0.004314,361.609295,0.0,361.613609
2026-07-16_ttft_component_regression/phase1/input6000_rate3p33_reuse50_seed1,54,0.0,0.4244965661652394,0.4244965661652394,659.3929171458198,0.0,659.817413711985,0.000434,361.609295,0.0,361.609729
2026-07-16_ttft_component_regression/phase1/input6000_rate3p33_reuse50_seed1,72,0.017146477547910474,7.846089023028777,7.863235500576688,659.3929171458198,0.0,667.2561526463965,6.452018,374.293811,0.0,380.745829
2026-07-16_ttft_component_regression/phase1/input6000_rate3p33_reuse50_seed1,96,0.0,15.052979174502214,15.052979174502214,659.3929171458198,0.0,674.4458963203219,0.004324,378.19047,0.0,378.194794
2026-07-16_ttft_component_regression/phase1/input6000_rate3p33_reuse50_seed1,102,0.0,14.820201451806815,14.820201451806815,659.3929171458198,0.0,674.2131185976266,8.926584,381.742865,0.0,390.669449
2026-07-16_ttft_component_regression/phase1/input6000_rate3p33_reuse50_seed1,116,0.0,15.049165896071168,15.049165896071168,659.3929171458198,0.0,674.4420830418909,16.701518,377.758214,0.0,394.459732
2026-07-16_ttft_component_regression/phase1/input6000_rate3p33_reuse50_seed1,128,0.0,14.791389354386965,14.791389354386965,659.3929171458198,0.0,674.1843065002067,17.133095,535.727455,0.0,552.86055
2026-07-16_ttft_component_regression/phase1/input6000_rate3p33_reuse50_seed1,153,0.0,22.20435344198178,22.20435344198178,659.3929171458198,0.0,681.5972705878015,173.44095,679.446033,0.0,852.886983
2026-07-16_ttft_component_regression/phase1/input6000_rate3p33_reuse50_seed1,138,0.04419083077144669,17.958704349289878,18.002895180061323,659.3929171458198,0.0,677.395812325881,1.782038,389.05028,0.0,390.832318
2026-07-16_ttft_component_regression/phase1/input6000_rate3p33_reuse50_seed1,150,0.0,19.514756087901922,19.514756087901922,659.3929171458198,0.0,678.9076732337217,22.281516,546.590153,0.0,568.871669
2026-07-16_ttft_component_regression/phase1/input6000_rate3p33_reuse50_seed1,130,0.016338496489741786,15.108817800174402,15.125156296664143,659.3929171458198,0.0,674.5180734424839,68.714872,535.895832,0.0,604.610704
2026-07-16_ttft_component_regression/phase1/input6000_rate3p33_reuse50_seed1,151,0.0,21.3995894821686,21.3995894821686,659.3929171458198,0.0,680.7925066279884,7.448126,580.539398,0.0,587.987524
2026-07-16_ttft_component_regression/phase1/input6000_rate3p33_reuse50_seed1,184,0.0013542682313008336,18.22305260055927,18.22440686879057,659.3929171458198,0.0,677.6173240146103,8.796598,401.064373,0.0,409.860971
2026-07-16_ttft_component_regression/phase1/input6000_rate3p33_reuse50_seed1,201,1.2819974402318752,27.161485651638756,28.443483091870633,659.3929171458198,317.26402995218524,1005.1004301898756,28.086944182248473,413.189646,317.33456081775154,758.611151
2026-07-16_ttft_component_regression/phase1/input6000_rate3p33_reuse50_seed1,200,0.0,21.132067938309923,21.132067938309923,659.3929171458198,0.0,680.5249850841296,23.671118,407.944846,0.0,431.615964
2026-07-16_ttft_component_regression/phase1/input6000_rate3p33_reuse50_seed1,213,0.059007923939386024,23.37151070506532,23.430518629004705,659.3929171458198,0.0,682.8234357748245,12.685,407.417971,0.0,420.102971
2026-07-16_ttft_component_regression/phase1/input6000_rate3p33_reuse50_seed1,190,0.0,20.37012352615176,20.37012352615176,659.3929171458198,0.0,679.7630406719716,6.266959,404.664341,0.0,410.9313
2026-07-16_ttft_component_regression/phase1/input6000_rate3p33_reuse50_seed1,204,1.308324778467514,27.188160623176536,28.49648540164405,659.3929171458198,317.26402995218524,1005.1534324996489,16.175761182248472,409.904429,317.33456081775154,743.414751
2026-07-16_ttft_component_regression/phase1/input6000_rate3p33_reuse50_seed1,207,0.5094240370453857,24.2828484940381,24.792272531083483,659.3929171458198,0.0,684.1851896769033,111.797605,413.947422,0.0,525.745027
2026-07-16_ttft_component_regression/phase1/input6000_rate3p33_reuse50_seed1,228,0.0,21.407653854786293,21.407653854786293,659.3929171458198,0.0,680.800571000606,2.406014,405.282373,0.0,407.688387
2026-07-16_ttft_component_regression/phase1/input6000_rate3p33_reuse50_seed1,259,0.0,13.633575038834177,13.633575038834177,659.3929171458198,0.0,673.0264921846539,10.099996,382.858283,0.0,392.958279
2026-07-16_ttft_component_regression/phase1/input6000_rate3p33_reuse50_seed1,269,0.04193065367103574,16.6667833720124,16.708714025683435,659.3929171458198,0.0,676.1016311715032,11.318143,389.873448,0.0,401.191591
2026-07-16_ttft_component_regression/phase1/input6000_rate3p33_reuse50_seed1,281,0.0442128287060775,17.942018981096293,17.98623180980237,659.3929171458198,0.0,677.3791489556221,7.15637,396.589893,0.0,403.746263
2026-07-16_ttft_component_regression/phase1/input6000_rate3p33_reuse50_seed1,278,0.016105821987924117,15.093491021778982,15.109596843766907,659.3929171458198,0.0,674.5025139895866,7.291112,392.166088,0.0,399.4572
2026-07-16_ttft_component_regression/phase1/input6000_rate3p33_reuse50_seed1,267,0.01656200718178489,14.00350251656395,14.020064523745734,659.3929171458198,0.0,673.4129816695655,16.925986,390.183593,0.0,407.109579
2026-07-16_ttft_component_regression/phase1/input6000_rate3p33_reuse50_seed1,297,0.04427978698926203,17.87506730711519,17.919347094104452,659.3929171458198,0.0,677.3122642399242,14.239369,396.964063,0.0,411.203432
2026-07-16_ttft_component_regression/phase1/input6000_rate3p33_reuse50_seed1,3,0.0,0.3869668271922161,0.3869668271922161,659.3929171458198,0.0,659.7798839730119,0.678746,361.609295,0.0,362.288041
2026-07-16_ttft_component_regression/phase1/input6000_rate3p33_reuse50_seed1,6,0.019742109942142504,8.533106643097128,8.552848753039271,659.3929171458198,0.0,667.945765898859,3.331929,373.874899,0.0,377.206828
2026-07-16_ttft_component_regression/phase1/input6000_rate3p33_reuse50_seed1,12,0.0,15.140650022006104,15.140650022006104,659.3929171458198,0.0,674.5335671678258,15.49637,377.544838,0.0,393.041208
2026-07-16_ttft_component_regression/phase1/input6000_rate3p33_reuse50_seed1,17,0.0,14.727286111509839,14.727286111509839,659.3929171458198,0.0,674.1202032573295,9.180805,381.352625,0.0,390.53343
2026-07-16_ttft_component_regression/phase1/input6000_rate3p33_reuse50_seed1,22,0.01328878136891063,14.912296330514305,14.925585111883215,659.3929171458198,0.0,674.318502257703,16.38156,384.071537,0.0,400.453097
2026-07-16_ttft_component_regression/phase1/input6000_rate3p33_reuse50_seed1,41,0.0,14.785842444737499,14.785842444737499,659.3929171458198,0.0,674.1787595905572,3.006571,381.844721,0.0,384.851292
2026-07-16_ttft_component_regression/phase1/input6000_rate3p33_reuse50_seed1,60,0.0,15.056793147752465,15.056793147752465,659.3929171458198,0.0,674.4497102935723,17.478598,378.063622,0.0,395.54222
2026-07-16_ttft_component_regression/phase1/input6000_rate3p33_reuse50_seed1,76,0.0,13.568939458968394,13.568939458968394,659.3929171458198,0.0,672.9618566047882,8.709568,381.899185,0.0,390.608753
2026-07-16_ttft_component_regression/phase1/input6000_rate3p33_reuse50_seed1,87,0.04426618617279159,17.89183601733631,17.9361022035091,659.3929171458198,0.0,677.3290193493289,11.212588,388.573448,0.0,399.786036
2026-07-16_ttft_component_regression/phase1/input6000_rate3p33_reuse50_seed1,93,0.0,19.47453737781406,19.47453737781406,659.3929171458198,0.0,678.8674545236338,9.824953,401.954434,0.0,411.779387
2026-07-16_ttft_component_regression/phase1/input6000_rate3p33_reuse50_seed1,97,0.0,23.235086473908222,23.235086473908222,659.3929171458198,0.0,682.628003619728,11.901766,402.343162,0.0,414.244928
2026-07-16_ttft_component_regression/phase1/input6000_rate3p33_reuse50_seed1,83,0.0,14.780367756470444,14.780367756470444,659.3929171458198,0.0,674.1732849022902,2.775438,381.465969,0.0,384.241407
2026-07-16_ttft_component_regression/phase1/input6000_rate3p33_reuse50_seed1,84,0.01575615634839497,15.070565267790533,15.086321424138928,659.3929171458198,0.0,674.4792385699586,11.707798,383.991921,0.0,395.699719
2026-07-16_ttft_component_regression/phase1/input6000_rate3p33_reuse50_seed1,123,0.04241730911378038,16.32797866732526,16.370395976439042,659.3929171458198,0.0,675.7633131222588,14.318599,396.154648,0.0,410.473247
2026-07-16_ttft_component_regression/phase1/input6000_rate3p33_reuse50_seed1,125,0.0,19.413848241313747,19.413848241313747,659.3929171458198,0.0,678.8067653871335,19.224721,401.366037,0.0,420.590758
2026-07-16_ttft_component_regression/phase1/input6000_rate3p33_reuse50_seed1,142,0.011916219497279092,13.72082063946781,13.732736858965088,659.3929171458198,0.0,673.1256540047848,20.322971,389.783473,0.0,410.106444
2026-07-16_ttft_component_regression/phase1/input6000_rate3p33_reuse50_seed1,152,0.04241730911378038,16.32797866732526,16.370395976439042,659.3929171458198,0.0,675.7633131222588,13.340911,397.461119,0.0,410.80203
2026-07-16_ttft_component_regression/phase1/input6000_rate3p33_reuse50_seed1,162,0.010554972668169477,14.743560875006104,14.754115847674273,659.3929171458198,0.0,674.147032993494,13.23045,392.259782,0.0,405.490232
2026-07-16_ttft_component_regression/phase1/input6000_rate3p33_reuse50_seed1,167,0.04221204578974321,16.10806075942085,16.150272805210594,659.3929171458198,0.0,675.5431899510304,6.568516,395.507144,0.0,402.07566
2026-07-16_ttft_component_regression/phase1/input6000_rate3p33_reuse50_seed1,209,0.04791499307480208,7.446156463690448,7.49407145676525,659.3929171458198,0.0,666.886988602585,2.206287,384.513767,0.0,386.720054
2026-07-16_ttft_component_regression/phase1/input6000_rate3p33_reuse50_seed1,220,0.02370725375369787,7.3536146792932096,7.3773219330469075,659.3929171458198,0.0,666.7702390788667,4.298034,381.075996,0.0,385.37403
2026-07-16_ttft_component_regression/phase1/input6000_rate3p33_reuse50_seed1,225,0.0,13.791513927948278,13.791513927948278,659.3929171458198,0.0,673.184431073768,10.872526,385.726395,0.0,396.598921
2026-07-16_ttft_component_regression/phase1/input6000_rate3p33_reuse50_seed1,239,0.017034336383169726,15.155002331233478,15.172036667616647,659.3929171458198,0.0,674.5649538134364,50.335266,543.499816,0.0,593.835082
2026-07-16_ttft_component_regression/phase1/input6000_rate3p33_reuse50_seed1,237,0.0,14.850794520116459,14.850794520116459,659.3929171458198,0.0,674.2437116659362,18.926956,547.125051,0.0,566.052007
2026-07-16_ttft_component_regression/phase1/input6000_rate3p33_reuse50_seed1,249,0.04199669190721384,16.64400628316972,16.686002975076935,659.3929171458198,0.0,676.0789201208967,11.577551,395.816232,0.0,407.393783
2026-07-16_ttft_component_regression/phase1/input6000_rate3p33_reuse50_seed1,273,0.044166713260652045,17.975367956483755,18.019534669744406,659.3929171458198,0.0,677.4124518155642,10.897395,552.542691,0.0,563.440086
2026-07-16_ttft_component_regression/phase1/input6000_rate3p33_reuse50_seed1,279,0.0,23.26795486292006,23.26795486292006,659.3929171458198,0.0,682.6608720087398,8.31798,403.845454,0.0,412.163434
2026-07-16_ttft_component_regression/phase1/input6000_rate3p33_reuse50_seed1,285,0.0,24.1678984731009,24.1678984731009,659.3929171458198,0.0,683.5608156189206,10.934268,405.823628,0.0,416.757896
2026-07-16_ttft_component_regression/phase1/input6000_rate3p33_reuse50_seed1,282,0.0,23.26795486292006,23.26795486292006,659.3929171458198,0.0,682.6608720087398,23.257048,405.713146,0.0,428.970194
2026-07-16_ttft_component_regression/phase1/input6000_rate3p33_reuse50_seed1,274,0.0,21.270325731710077,21.270325731710077,659.3929171458198,0.0,680.6632428775298,227.620142,557.698836,0.0,785.318978
2026-07-16_ttft_component_regression/phase1/input6000_rate3p33_reuse50_seed1,0,0.0,0.4057542845198542,0.4057542845198542,659.3929171458198,0.0,659.7986714303396,0.0,361.609295,0.0,361.609295
2026-07-16_ttft_component_regression/phase1/input6000_rate3p33_reuse50_seed1,8,0.0186109098193901,8.602007733850536,8.620618643669927,659.3929171458198,0.0,668.0135357894897,3.491987,373.934387,0.0,377.426374
2026-07-16_ttft_component_regression/phase1/input6000_rate3p33_reuse50_seed1,32,0.0,15.075869538288439,15.075869538288439,659.3929171458198,0.0,674.4687866841082,4.725677,378.39591,0.0,383.121587
2026-07-16_ttft_component_regression/phase1/input6000_rate3p33_reuse50_seed1,39,0.0,15.06823812323237,15.06823812323237,659.3929171458198,0.0,674.4611552690521,16.141571,378.03543,0.0,394.177001
2026-07-16_ttft_component_regression/phase1/input6000_rate3p33_reuse50_seed1,57,0.04419083077144669,17.958704349289878,18.002895180061323,659.3929171458198,0.0,677.395812325881,16.115425,388.533768,0.0,404.649193
2026-07-16_ttft_component_regression/phase1/input6000_rate3p33_reuse50_seed1,43,0.0,14.805571512274515,14.805571512274515,659.3929171458198,0.0,674.1984886580942,5.824876,535.067872,0.0,540.892748
2026-07-16_ttft_component_regression/phase1/input6000_rate3p33_reuse50_seed1,44,0.016802761983757762,15.139573630981205,15.156376392964964,659.3929171458198,0.0,674.5492935387847,159.983712,532.672607,0.0,692.656319
2026-07-16_ttft_component_regression/phase1/input6000_rate3p33_reuse50_seed1,50,0.016802761983757762,15.139573630981205,15.156376392964964,659.3929171458198,0.0,674.5492935387847,6.932902,383.741041,0.0,390.673943
2026-07-16_ttft_component_regression/phase1/input6000_rate3p33_reuse50_seed1,78,0.0,19.507533633730375,19.507533633730375,659.3929171458198,0.0,678.9004507795502,8.618194,393.049854,0.0,401.668048
2026-07-16_ttft_component_regression/phase1/input6000_rate3p33_reuse50_seed1,137,0.0,0.3775581583641942,0.3775581583641942,659.3929171458198,0.0,659.770475304184,0.003974,361.609295,0.0,361.613269
2026-07-16_ttft_component_regression/phase1/input6000_rate3p33_reuse50_seed1,140,0.018236060838843306,7.779772883660172,7.798008944499015,659.3929171458198,0.0,667.1909260903187,5.590171,373.941779,0.0,379.53195
2026-07-16_ttft_component_regression/phase1/input6000_rate3p33_reuse50_seed1,171,0.0,13.886559229639891,13.886559229639891,659.3929171458198,0.0,673.2794763754597,1.380383,389.333734,0.0,390.714117
2026-07-16_ttft_component_regression/phase1/input6000_rate3p33_reuse50_seed1,186,0.0,12.699201843332007,12.699201843332007,659.3929171458198,0.0,672.0921189891518,3.9616,390.233799,0.0,394.195399
2026-07-16_ttft_component_regression/phase1/input6000_rate3p33_reuse50_seed1,202,0.0,12.939998554963786,12.939998554963786,659.3929171458198,0.0,672.3329157007836,15.847626,389.44164,0.0,405.289266
2026-07-16_ttft_component_regression/phase1/input6000_rate3p33_reuse50_seed1,194,0.004727914130460442,13.126141653712493,13.130869567842954,659.3929171458198,0.0,672.5237867136627,3.208962,384.02979,0.0,387.238752
2026-07-16_ttft_component_regression/phase1/input6000_rate3p33_reuse50_seed1,234,0.0,14.799844772006127,14.799844772006127,659.3929171458198,0.0,674.1927619178259,20.089024,383.625462,0.0,403.714486
2026-07-16_ttft_component_regression/phase1/input6000_rate3p33_reuse50_seed1,240,0.0,14.79418984047276,14.79418984047276,659.3929171458198,0.0,674.1871069862925,3.324932,388.689882,0.0,392.014814
2026-07-16_ttft_component_regression/phase1/input6000_rate3p33_reuse50_seed1,272,0.0,13.802055182389859,13.802055182389859,659.3929171458198,0.0,673.1949723282096,13.325868,382.433617,0.0,395.759485
2026-07-16_ttft_component_regression/phase1/input6000_rate3p33_reuse50_seed1,294,0.015054573463856184,15.024947798017847,15.040002371481703,659.3929171458198,0.0,674.4329195173015,7.097924,392.26359,0.0,399.361514
2026-07-16_ttft_component_regression/phase1/input6000_rate3p33_reuse50_seed1,296,0.04430471164687453,17.833059204984792,17.877363916631666,659.3929171458198,0.0,677.2702810624514,10.569165,396.571143,0.0,407.140308
2026-07-16_ttft_component_regression/phase1/input6000_rate3p33_reuse50_seed1,288,0.0,15.056793147752465,15.056793147752465,659.3929171458198,0.0,674.4497102935723,6.507147,389.210095,0.0,395.717242
2026-07-16_ttft_component_regression/phase1/input6000_rate3p33_reuse50_seed1,291,0.0,14.802699176309682,14.802699176309682,659.3929171458198,0.0,674.1956163221295,4.779172,388.345438,0.0,393.12461
2026-07-16_ttft_component_regression/phase1/input6000_rate3p33_reuse50_seed1,9,0.0,0.3838316416238348,0.3838316416238348,659.3929171458198,0.0,659.7767487874436,0.007336,361.609295,0.0,361.616631
2026-07-16_ttft_component_regression/phase1/input6000_rate3p33_reuse50_seed1,15,0.019742109942142504,8.533106643097128,8.552848753039271,659.3929171458198,0.0,667.945765898859,12.150186,374.218163,0.0,386.368349
2026-07-16_ttft_component_regression/phase1/input6000_rate3p33_reuse50_seed1,36,0.0,15.121628773587165,15.121628773587165,659.3929171458198,0.0,674.5145459194069,56.960234,523.006589,0.0,579.966823
2026-07-16_ttft_component_regression/phase1/input6000_rate3p33_reuse50_seed1,37,0.0,14.731992310141731,14.731992310141731,659.3929171458198,0.0,674.1249094559615,12.96197,381.151889,0.0,394.113859
2026-07-16_ttft_component_regression/phase1/input6000_rate3p33_reuse50_seed1,34,0.019128150288804636,8.572461192756117,8.591589343044921,659.3929171458198,0.0,667.9845064888647,12.539579,525.122525,0.0,537.662104
2026-07-16_ttft_component_regression/phase1/input6000_rate3p33_reuse50_seed1,51,0.01328878136891063,14.912296330514305,14.925585111883215,659.3929171458198,0.0,674.318502257703,11.919562,383.866641,0.0,395.786203
2026-07-16_ttft_component_regression/phase1/input6000_rate3p33_reuse50_seed1,45,0.013643181214931075,14.934665226939403,14.948308408154334,659.3929171458198,0.0,674.3412255539741,20.294749,384.063441,0.0,404.35819
2026-07-16_ttft_component_regression/phase1/input6000_rate3p33_reuse50_seed1,75,0.0,21.378449181286044,21.378449181286044,659.3929171458198,0.0,680.7713663271059,17.676508,396.22339,0.0,413.899898
2026-07-16_ttft_component_regression/phase1/input6000_rate3p33_reuse50_seed1,56,0.04430076004275917,17.841470508342574,17.885771268385334,659.3929171458198,0.0,677.2786884142051,12.980164,388.619368,0.0,401.599532
2026-07-16_ttft_component_regression/phase1/input6000_rate3p33_reuse50_seed1,73,0.0,19.47453737781406,19.47453737781406,659.3929171458198,0.0,678.8674545236338,17.997334,392.96723,0.0,410.964564
2026-07-16_ttft_component_regression/phase1/input6000_rate3p33_reuse50_seed1,92,0.0,21.38792181920578,21.38792181920578,659.3929171458198,0.0,680.7808389650255,14.020353,405.262765,0.0,419.283118
2026-07-16_ttft_component_regression/phase1/input6000_rate3p33_reuse50_seed1,91,0.0,19.507533633730375,19.507533633730375,659.3929171458198,0.0,678.9004507795502,21.218234,393.184254,0.0,414.402488
2026-07-16_ttft_component_regression/phase1/input6000_rate3p33_reuse50_seed1,112,0.0,23.25042308158711,23.25042308158711,659.3929171458198,0.0,682.6433402274068,107.370911,556.973366,0.0,664.344277
2026-07-16_ttft_component_regression/phase1/input6000_rate3p33_reuse50_seed1,121,0.0,24.12151952009723,24.12151952009723,659.3929171458198,0.0,683.514436665917,16.320377,408.043278,0.0,424.363655
2026-07-16_ttft_component_regression/phase1/input6000_rate3p33_reuse50_seed1,111,0.0,19.52193880093804,19.52193880093804,659.3929171458198,0.0,678.9148559467578,12.576924,555.906551,0.0,568.483475
2026-07-16_ttft_component_regression/phase1/input6000_rate3p33_reuse50_seed1,119,0.0,21.39144142724767,21.39144142724767,659.3929171458198,0.0,680.7843585730674,12.749157,403.563668,0.0,416.312825
2026-07-16_ttft_component_regression/phase1/input6000_rate3p33_reuse50_seed1,145,0.0,18.282820095671322,18.282820095671322,659.3929171458198,0.0,677.6757372414911,0.600934,400.800573,0.0,401.401507
2026-07-16_ttft_component_regression/phase1/input6000_rate3p33_reuse50_seed1,133,0.0,21.20108479933907,21.20108479933907,659.3929171458198,0.0,680.5940019451589,0.859947,399.779576,0.0,400.639523
2026-07-16_ttft_component_regression/phase1/input6000_rate3p33_reuse50_seed1,156,0.0,21.17722982863154,21.17722982863154,659.3929171458198,0.0,680.5701469744513,13.161291,400.857757,0.0,414.019048
2026-07-16_ttft_component_regression/phase1/input6000_rate3p33_reuse50_seed1,183,0.06995658387530854,21.957404517819214,22.027361101694524,659.3929171458198,0.0,681.4202782475143,18.05105,410.146365,0.0,428.197415
2026-07-16_ttft_component_regression/phase1/input6000_rate3p33_reuse50_seed1,165,0.0,22.226947631713685,22.226947631713685,659.3929171458198,0.0,681.6198647775334,9.314124,402.761415,0.0,412.075539
2026-07-16_ttft_component_regression/phase1/input6000_rate3p33_reuse50_seed1,158,0.0,23.252950016253887,23.252950016253887,659.3929171458198,0.0,682.6458671620736,133.406336,404.317667,0.0,537.724003
2026-07-16_ttft_component_regression/phase1/input6000_rate3p33_reuse50_seed1,192,0.505405230599039,24.04867191870117,24.55407714930021,659.3929171458198,0.0,683.9469942951199,7.849046,413.852768,0.0,421.701814
2026-07-16_ttft_component_regression/phase1/input6000_rate3p33_reuse50_seed1,178,0.0,20.88834236443531,20.88834236443531,659.3929171458198,0.0,680.281259510255,24.53075,405.504761,0.0,430.035511
2026-07-16_ttft_component_regression/phase1/input6000_rate3p33_reuse50_seed1,188,0.5012767545134148,24.030119281520456,24.531396036033872,659.3929171458198,0.0,683.9243131818537,6.305662,413.950494,0.0,420.256156
2026-07-16_ttft_component_regression/phase1/input6000_rate3p33_reuse50_seed1,193,6219.645785304386,27.183879819068665,6246.829665123454,659.3929171458198,0.0,6906.2225822692735,3888.721861,415.299935,0.0,4304.021796
2026-07-16_ttft_component_regression/phase1/input6000_rate3p33_reuse50_seed1,235,0.0,21.292643975248538,21.292643975248538,659.3929171458198,0.0,680.6855611210683,7.542045,403.223776,0.0,410.765821
2026-07-16_ttft_component_regression/phase1/input6000_rate3p33_reuse50_seed1,248,0.0,13.589426932031428,13.589426932031428,659.3929171458198,0.0,672.9823440778512,5.373728,382.470865,0.0,387.844593
2026-07-16_ttft_component_regression/phase1/input6000_rate3p33_reuse50_seed1,265,0.0,13.542519485745078,13.542519485745078,659.3929171458198,0.0,672.9354366315648,8.273461,388.861991,0.0,397.135452
2026-07-16_ttft_component_regression/phase1/input6000_rate3p33_reuse50_seed1,260,0.0,13.573961332450747,13.573961332450747,659.3929171458198,0.0,672.9668784782705,15.68975,392.377993,0.0,408.067743
2026-07-16_ttft_component_regression/phase1/input6000_rate3p33_reuse50_seed1,271,0.01262150974807538,13.76240531200967,13.775026821757747,659.3929171458198,0.0,673.1679439675775,0.396831,388.48397,0.0,388.880801
2026-07-16_ttft_component_regression/phase1/input6000_rate3p33_reuse50_seed1,290,0.044250498281365215,17.908584445405612,17.952834943686977,659.3929171458198,0.0,677.3457520895067,16.827257,396.960959,0.0,413.788216
2026-07-16_ttft_component_regression/phase1/input6000_rate3p33_reuse50_seed1,284,0.01563943090445069,15.062940613821793,15.078580044726243,659.3929171458198,0.0,674.471497190546,9.692133,388.543779,0.0,398.235912
2026-07-16_ttft_component_regression/phase1/input6000_rate3p33_reuse50_seed1,5,0.0,0.4276154394174669,0.4276154394174669,659.3929171458198,0.0,659.8205325852372,0.025067,361.609295,0.0,361.634362
2026-07-16_ttft_component_regression/phase1/input6000_rate3p33_reuse50_seed1,14,0.01867680358587265,8.598407915481104,8.617084719066977,659.3929171458198,0.0,668.0100018648867,9.278961,374.302803,0.0,383.581764
2026-07-16_ttft_component_regression/phase1/input6000_rate3p33_reuse50_seed1,25,0.0,14.802699176309682,14.802699176309682,659.3929171458198,0.0,674.1956163221295,1.378408,381.435217,0.0,382.813625
2026-07-16_ttft_component_regression/phase1/input6000_rate3p33_reuse50_seed1,20,0.0,15.022501726117182,15.022501726117182,659.3929171458198,0.0,674.4154188719369,18.131042,377.689894,0.0,395.820936
2026-07-16_ttft_component_regression/phase1/input6000_rate3p33_reuse50_seed1,28,0.016802761983757762,15.139573630981205,15.156376392964964,659.3929171458198,0.0,674.5492935387847,13.008212,384.055345,0.0,397.063557
2026-07-16_ttft_component_regression/phase1/input6000_rate3p33_reuse50_seed1,52,0.04419083077144669,17.958704349289878,18.002895180061323,659.3929171458198,0.0,677.395812325881,17.215931,542.603151,0.0,559.819082
2026-07-16_ttft_component_regression/phase1/input6000_rate3p33_reuse50_seed1,53,0.0,21.205022627430985,21.205022627430985,659.3929171458198,0.0,680.5979397732507,125.130018,576.513801,0.0,701.643819
2026-07-16_ttft_component_regression/phase1/input6000_rate3p33_reuse50_seed1,55,0.0,23.246617617747408,23.246617617747408,659.3929171458198,0.0,682.6395347635672,242.972467,670.595673,0.0,913.56814
2026-07-16_ttft_component_regression/phase1/input6000_rate3p33_reuse50_seed1,59,0.0,24.13219447310792,24.13219447310792,659.3929171458198,0.0,683.5251116189277,11.656365,399.069819,0.0,410.726184
2026-07-16_ttft_component_regression/phase1/input6000_rate3p33_reuse50_seed1,49,0.016802761983757762,15.139573630981205,15.156376392964964,659.3929171458198,0.0,674.5492935387847,13.972203,384.604209,0.0,398.576412
2026-07-16_ttft_component_regression/phase1/input6000_rate3p33_reuse50_seed1,65,0.0,24.15674575663211,24.15674575663211,659.3929171458198,0.0,683.5496629024518,14.973734,398.804923,0.0,413.778657
2026-07-16_ttft_component_regression/phase1/input6000_rate3p33_reuse50_seed1,68,0.06503752439394692,25.43381468366214,25.498852208056086,659.3929171458198,0.0,684.8917693538758,57.345786,406.794597,0.0,464.140383
2026-07-16_ttft_component_regression/phase1/input6000_rate3p33_reuse50_seed1,70,0.49477842558071644,27.82017866439936,28.314957089980076,659.3929171458198,0.0,687.7078742357999,1.769779,409.916729,0.0,411.686508
2026-07-16_ttft_component_regression/phase1/input6000_rate3p33_reuse50_seed1,88,0.509935921269803,27.89824303792414,28.408178959193943,659.3929171458198,0.0,687.8010961050137,6.915024,413.482668,0.0,420.397692
2026-07-16_ttft_component_regression/phase1/input6000_rate3p33_reuse50_seed1,106,0.06988360057179763,25.48113131614285,25.55101491671465,659.3929171458198,0.0,684.9439320625344,17.869012,412.943508,0.0,430.81252
2026-07-16_ttft_component_regression/phase1/input6000_rate3p33_reuse50_seed1,107,0.5030191154448627,27.862826331439756,28.36584544688462,659.3929171458198,0.0,687.7587625927043,12.570386,416.73656,0.0,429.306946
2026-07-16_ttft_component_regression/phase1/input6000_rate3p33_reuse50_seed1,136,0.0,24.265844291950756,24.265844291950756,659.3929171458198,0.0,683.6587614377705,18.47805,407.975346,0.0,426.453396
2026-07-16_ttft_component_regression/phase1/input6000_rate3p33_reuse50_seed1,114,0.09144169243327165,25.687251446174837,25.77869313860811,659.3929171458198,0.0,685.1716102844279,7.692971,413.534503,0.0,421.227474
2026-07-16_ttft_component_regression/phase1/input6000_rate3p33_reuse50_seed1,141,0.08213972330140841,23.57877407320064,23.66091379650205,659.3929171458198,0.0,683.0538309423218,8.877782,412.87506,0.0,421.752842
2026-07-16_ttft_component_regression/phase1/input6000_rate3p33_reuse50_seed1,131,0.0,24.317351502308014,24.317351502308014,659.3929171458198,0.0,683.7102686481278,14.180817,408.22261,0.0,422.403427
2026-07-16_ttft_component_regression/phase1/input6000_rate3p33_reuse50_seed1,163,0.060938747942519605,25.393503171388875,25.454441919331394,659.3929171458198,0.0,684.8473590651512,76.715291,565.054839,0.0,641.77013
2026-07-16_ttft_component_regression/phase1/input6000_rate3p33_reuse50_seed1,160,0.0,24.182051918597082,24.182051918597082,659.3929171458198,0.0,683.5749690644168,142.232217,560.975709,0.0,703.207926
2026-07-16_ttft_component_regression/phase1/input6000_rate3p33_reuse50_seed1,164,0.47311930181157563,27.705712014666634,28.17883131647821,659.3929171458198,0.0,687.5717484622979,233.413448,569.64285,0.0,803.056298
2026-07-16_ttft_component_regression/phase1/input6000_rate3p33_reuse50_seed1,159,0.0,24.205197348657464,24.205197348657464,659.3929171458198,0.0,683.5981144944772,20.016787,557.45801,0.0,577.474797
2026-07-16_ttft_component_regression/phase1/input6000_rate3p33_reuse50_seed1,144,0.5295847603506227,25.788278403202554,26.317863163553177,659.3929171458198,0.0,685.7107803093729,79.098192,418.276233,0.0,497.374425
2026-07-16_ttft_component_regression/phase1/input6000_rate3p33_reuse50_seed1,185,7231.808070270866,26.714690348819623,7258.522760619685,659.3929171458198,0.0,7917.915677765504,6619.040711000001,416.24291,0.0,7035.283621
2026-07-16_ttft_component_regression/phase1/input6000_rate3p33_reuse50_seed1,217,0.4518956068604207,25.41335198275582,25.865247589616242,659.3929171458198,0.0,685.258164735436,22.860305,416.275836,0.0,439.136141
2026-07-16_ttft_component_regression/phase1/input6000_rate3p33_reuse50_seed1,195,6194.967999870335,27.129942878535132,6222.09794274887,659.3929171458198,0.0,6881.4908598946895,4101.698953,416.236326,0.0,4517.935279
2026-07-16_ttft_component_regression/phase1/input6000_rate3p33_reuse50_seed1,182,7203.663407086693,26.731869102612027,7230.395276189305,659.3929171458198,0.0,7889.788193335125,6399.533412,417.552415,0.0,6817.085827
2026-07-16_ttft_component_regression/phase1/input6000_rate3p33_reuse50_seed1,219,972.0187267988975,26.683463941600532,998.702190740498,659.3929171458198,0.0,1658.0951078863177,620.5274830000001,415.668981,0.0,1036.196464
2026-07-16_ttft_component_regression/phase1/input6000_rate3p33_reuse50_seed1,233,0.0,21.39377844501692,21.39377844501692,659.3929171458198,0.0,680.7866955908366,6.526007,400.29115,0.0,406.817157
2026-07-16_ttft_component_regression/phase1/input6000_rate3p33_reuse50_seed1,238,0.0,21.157050233945828,21.157050233945828,659.3929171458198,0.0,680.5499673797656,21.716833,399.202697,0.0,420.91953
2026-07-16_ttft_component_regression/phase1/input6000_rate3p33_reuse50_seed1,245,0.05223139873581169,25.306960594013855,25.35919199274967,659.3929171458198,0.0,684.7521091385694,20.951489,408.850365,0.0,429.801854
2026-07-16_ttft_component_regression/phase1/input6000_rate3p33_reuse50_seed1,246,0.4519174193860957,27.590266607540478,28.042184026926574,659.3929171458198,0.0,687.4351011727463,4.945993,410.857086,0.0,415.803079
2026-07-16_ttft_component_regression/phase1/input6000_rate3p33_reuse50_seed1,244,0.0,24.14029567710811,24.14029567710811,659.3929171458198,0.0,683.5332128229279,8.69824,401.741203,0.0,410.439443
2026-07-16_ttft_component_regression/phase1/input6000_rate3p33_reuse50_seed1,241,0.0,23.247888147329533,23.247888147329533,659.3929171458198,0.0,682.6408052931492,14.057286,400.723454,0.0,414.78074
2026-07-16_ttft_component_regression/phase1/input6000_rate3p33_reuse50_seed1,275,0.055552381750338935,25.340114955454844,25.395667337205182,659.3929171458198,0.0,684.7885844830249,10.388419,411.583481,0.0,421.9719
2026-07-16_ttft_component_regression/phase1/input6000_rate3p33_reuse50_seed1,287,0.0,24.110987606242418,24.110987606242418,659.3929171458198,0.0,683.5039047520622,14.911608,407.892592,0.0,422.8042
2026-07-16_ttft_component_regression/phase1/input6000_rate3p33_reuse50_seed1,295,0.0,23.252950016253887,23.252950016253887,659.3929171458198,0.0,682.6458671620736,15.858086,404.736147,0.0,420.594233
2026-07-16_ttft_component_regression/phase1/input6000_rate3p33_reuse50_seed1,7,0.0,0.408881307936075,0.408881307936075,659.3929171458198,0.0,659.8017984537559,0.000801,361.609295,0.0,361.610096
2026-07-16_ttft_component_regression/phase1/input6000_rate3p33_reuse50_seed1,31,0.0,14.799844772006127,14.799844772006127,659.3929171458198,0.0,674.1927619178259,14.94629,381.406161,0.0,396.352451
2026-07-16_ttft_component_regression/phase1/input6000_rate3p33_reuse50_seed1,26,0.01854466648059078,8.605580943436852,8.624125609917442,659.3929171458198,0.0,668.0170427557372,9.021774,374.830195,0.0,383.851969
2026-07-16_ttft_component_regression/phase1/input6000_rate3p33_reuse50_seed1,29,0.0,15.026307034249854,15.026307034249854,659.3929171458198,0.0,674.4192241800696,6.263229,377.86455,0.0,384.127779
2026-07-16_ttft_component_regression/phase1/input6000_rate3p33_reuse50_seed1,47,0.016105821987924117,15.093491021778982,15.109596843766907,659.3929171458198,0.0,674.5025139895866,9.716979,384.023537,0.0,393.740516
2026-07-16_ttft_component_regression/phase1/input6000_rate3p33_reuse50_seed1,38,0.0,14.820201451806815,14.820201451806815,659.3929171458198,0.0,674.2131185976266,11.228964,381.110225,0.0,392.339189
2026-07-16_ttft_component_regression/phase1/input6000_rate3p33_reuse50_seed1,62,0.0,21.259024913987602,21.259024913987602,659.3929171458198,0.0,680.6519420598073,222.578891,545.806808,0.0,768.385699
2026-07-16_ttft_component_regression/phase1/input6000_rate3p33_reuse50_seed1,79,0.0,23.265471713724953,23.265471713724953,659.3929171458198,0.0,682.6583888595447,23.121698,396.699422,0.0,419.82112
2026-07-16_ttft_component_regression/phase1/input6000_rate3p33_reuse50_seed1,61,0.04404888583129961,18.041797318350845,18.085846204182143,659.3929171458198,0.0,677.4787633500019,18.898017,542.472175,0.0,561.370192
2026-07-16_ttft_component_regression/phase1/input6000_rate3p33_reuse50_seed1,101,0.0,23.28272230885988,23.28272230885988,659.3929171458198,0.0,682.6756394546796,21.877813,404.542807,0.0,426.42062
2026-07-16_ttft_component_regression/phase1/input6000_rate3p33_reuse50_seed1,86,0.0,23.28394357531055,23.28394357531055,659.3929171458198,0.0,682.6768607211303,13.135867,396.595998,0.0,409.731865
2026-07-16_ttft_component_regression/phase1/input6000_rate3p33_reuse50_seed1,108,0.0,21.412227555060028,21.412227555060028,659.3929171458198,0.0,680.8051447008797,8.823734,403.41157,0.0,412.235304
2026-07-16_ttft_component_regression/phase1/input6000_rate3p33_reuse50_seed1,104,0.0,23.288815677326134,23.288815677326134,659.3929171458198,0.0,682.6817328231459,2.277141,403.498324,0.0,405.775465
2026-07-16_ttft_component_regression/phase1/input6000_rate3p33_reuse50_seed1,99,0.0,21.329010444360524,21.329010444360524,659.3929171458198,0.0,680.7219275901803,14.852782,393.290782,0.0,408.143564
2026-07-16_ttft_component_regression/phase1/input6000_rate3p33_reuse50_seed1,149,0.04213168348397838,16.590658627399176,16.632790310883156,659.3929171458198,0.0,676.0257074567029,226.53052,549.46097,0.0,775.99149
2026-07-16_ttft_component_regression/phase1/input6000_rate3p33_reuse50_seed1,146,1.291139533179703,26.805918779422665,28.097058312602368,659.3929171458198,317.26402995218524,1004.7540054106073,2.410115182248473,553.406571,317.33456081775154,873.151247
2026-07-16_ttft_component_regression/phase1/input6000_rate3p33_reuse50_seed1,168,1.1729381251777515,28.44296025754681,29.615898382724563,659.3929171458198,317.26402995218524,1006.2728454807295,162.74087118224847,560.324376,317.33456081775154,1040.399808
2026-07-16_ttft_component_regression/phase1/input6000_rate3p33_reuse50_seed1,180,1.1708530708385299,28.440185854910137,29.611038925748666,659.3929171458198,317.26402995218524,1006.2679860237536,12.934671182248472,564.649733,317.33456081775154,894.918965
2026-07-16_ttft_component_regression/phase1/input6000_rate3p33_reuse50_seed1,181,0.5044208674499381,443.29624302601644,443.8006638934664,659.3929171458198,0.0,1103.193581039286,9.475513,568.776317,0.0,578.25183
2026-07-16_ttft_component_regression/phase1/input6000_rate3p33_reuse50_seed1,161,0.0,21.296327154721318,21.296327154721318,659.3929171458198,0.0,680.6892443005411,1.590255,402.97169,0.0,404.561945
2026-07-16_ttft_component_regression/phase1/input6000_rate3p33_reuse50_seed1,157,0.04403173807602697,18.05007489636597,18.094106634441996,659.3929171458198,0.0,677.4870237802618,16.5879,397.431133,0.0,414.019033
2026-07-16_ttft_component_regression/phase1/input6000_rate3p33_reuse50_seed1,169,0.0,373.53884691235487,373.53884691235487,659.3929171458198,0.0,1032.9317640581746,19.486088,556.501215,0.0,575.987303
2026-07-16_ttft_component_regression/phase1/input6000_rate3p33_reuse50_seed1,175,0.5155325212622324,25.723466351276006,26.23899887253824,659.3929171458198,0.0,685.631916018358,30.347794,563.429132,0.0,593.776926
2026-07-16_ttft_component_regression/phase1/input6000_rate3p33_reuse50_seed1,170,1.202306772170584,28.480062041129635,29.68236881330022,659.3929171458198,317.26402995218524,1006.3393159113052,231.56269818224845,560.019594,317.33456081775154,1108.916853
2026-07-16_ttft_component_regression/phase1/input6000_rate3p33_reuse50_seed1,196,6185.042986044489,27.124850000776604,6212.167836045266,659.3929171458198,317.26402995218524,7188.824783143271,4101.373554182249,416.611606,317.33456081775154,4835.319721
2026-07-16_ttft_component_regression/phase1/input6000_rate3p33_reuse50_seed1,205,3053.6092568467384,27.111841113296368,3080.721097960035,659.3929171458198,317.26402995218524,4057.3780450580402,7337.793545182248,416.16637,317.33456081775154,8071.294476
2026-07-16_ttft_component_regression/phase1/input6000_rate3p33_reuse50_seed1,197,6220.852937123799,27.14483894666211,6247.997776070461,659.3929171458198,317.26402995218524,7224.654723168466,8030.041953182248,417.583462,317.33456081775154,8764.959976
2026-07-16_ttft_component_regression/phase1/input6000_rate3p33_reuse50_seed1,243,0.0,24.217004822303462,24.217004822303462,659.3929171458198,0.0,683.6099219681232,4.674725,401.603791,0.0,406.278516
2026-07-16_ttft_component_regression/phase1/input6000_rate3p33_reuse50_seed1,250,0.0,19.511149836456944,19.511149836456944,659.3929171458198,0.0,678.9040669822767,2.654992,395.58492,0.0,398.239912
2026-07-16_ttft_component_regression/phase1/input6000_rate3p33_reuse50_seed1,258,1.1439029925980089,28.40263736440158,29.54654035699959,659.3929171458198,317.26402995218524,1006.2034874550045,14.658798182248471,394.403456,317.33456081775154,726.396815
2026-07-16_ttft_component_regression/phase1/input6000_rate3p33_reuse50_seed1,264,1.1397826110677083,28.396619027673434,29.536401638741143,659.3929171458198,317.26402995218524,1006.1933487367462,2.2003041822484732,406.245797,317.33456081775154,725.780662
2026-07-16_ttft_component_regression/phase1/input6000_rate3p33_reuse50_seed1,270,1.1480302735905832,28.40859172443031,29.55662199802089,659.3929171458198,317.26402995218524,1006.2135690960258,7.578190182248473,406.969161,317.33456081775154,731.881912
2026-07-16_ttft_component_regression/phase1/input6000_rate3p33_reuse50_seed1,262,0.0,19.467094075679675,19.467094075679675,659.3929171458198,0.0,678.8600112214995,17.863151,401.011155,0.0,418.874306
2026-07-16_ttft_component_regression/phase1/input6000_rate3p33_reuse50_seed1,1,0.0,0.4120070468246051,0.4120070468246051,659.3929171458198,0.0,659.8049241926443,0.400429,361.609295,0.0,362.009724
2026-07-16_ttft_component_regression/phase1/input6000_rate3p33_reuse50_seed1,19,0.0,15.03392195215287,15.03392195215287,659.3929171458198,0.0,674.4268390979727,244.34551,523.000061,0.0,767.345571
2026-07-16_ttft_component_regression/phase1/input6000_rate3p33_reuse50_seed1,18,0.018478075017559818,8.609127580142724,8.627605655160284,659.3929171458198,0.0,668.0205228009801,9.820124,525.111261,0.0,534.931385
2026-07-16_ttft_component_regression/phase1/input6000_rate3p33_reuse50_seed1,21,0.0,14.838344869621917,14.838344869621917,659.3929171458198,0.0,674.2312620154416,3.519649,381.161425,0.0,384.681074
2026-07-16_ttft_component_regression/phase1/input6000_rate3p33_reuse50_seed1,42,0.01749632695300603,15.185960415402016,15.203456742355023,659.3929171458198,0.0,674.5963738881748,17.963828,384.264465,0.0,402.228293
2026-07-16_ttft_component_regression/phase1/input6000_rate3p33_reuse50_seed1,48,0.04406549361269102,18.033513832554757,18.07757932616745,659.3929171458198,0.0,677.4704964719872,5.040995,389.012264,0.0,394.053259
2026-07-16_ttft_component_regression/phase1/input6000_rate3p33_reuse50_seed1,33,0.018071557689865334,15.22484496035578,15.242916518045645,659.3929171458198,0.0,674.6358336638654,0.089692,384.315121,0.0,384.404813
2026-07-16_ttft_component_regression/phase1/input6000_rate3p33_reuse50_seed1,58,0.0,21.292643975248538,21.292643975248538,659.3929171458198,0.0,680.6855611210683,18.362438,393.22483,0.0,411.587268
2026-07-16_ttft_component_regression/phase1/input6000_rate3p33_reuse50_seed1,66,0.0,23.290030587919578,23.290030587919578,659.3929171458198,0.0,682.6829477337393,12.341517,396.50563,0.0,408.847147
2026-07-16_ttft_component_regression/phase1/input6000_rate3p33_reuse50_seed1,81,0.0,23.292456847738684,23.292456847738684,659.3929171458198,0.0,682.6853739935584,12.046212,396.894462,0.0,408.940674
2026-07-16_ttft_component_regression/phase1/input6000_rate3p33_reuse50_seed1,85,0.0,23.292456847738684,23.292456847738684,659.3929171458198,0.0,682.6853739935584,3.914358,396.542974,0.0,400.457332
2026-07-16_ttft_component_regression/phase1/input6000_rate3p33_reuse50_seed1,109,0.015067885742819998,13.91024880784484,13.925316693587659,659.3929171458198,0.0,673.3182338394074,8.875949,385.126293,0.0,394.002242
2026-07-16_ttft_component_regression/phase1/input6000_rate3p33_reuse50_seed1,120,0.0,21.236137493902472,21.236137493902472,659.3929171458198,0.0,680.6290546397222,11.034882,401.397749,0.0,412.432631
2026-07-16_ttft_component_regression/phase1/input6000_rate3p33_reuse50_seed1,117,0.04218141715578733,16.56771199396661,16.6098934111224,659.3929171458198,0.0,676.0028105569421,12.636944,393.751137,0.0,406.388081
2026-07-16_ttft_component_regression/phase1/input6000_rate3p33_reuse50_seed1,155,0.012815373674188653,14.88259852035273,14.895413894026918,659.3929171458198,0.0,674.2883310398466,13.131431,393.715249,0.0,406.84668
2026-07-16_ttft_component_regression/phase1/input6000_rate3p33_reuse50_seed1,177,0.0,19.507533633730375,19.507533633730375,659.3929171458198,0.0,678.9004507795502,5.471885,398.749273,0.0,404.221158
2026-07-16_ttft_component_regression/phase1/input6000_rate3p33_reuse50_seed1,154,0.0,14.74162653735833,14.74162653735833,659.3929171458198,0.0,674.1345436831781,18.044079,382.802531,0.0,400.84661
2026-07-16_ttft_component_regression/phase1/input6000_rate3p33_reuse50_seed1,174,0.04226641302452004,16.521674947087437,16.563941360111958,659.3929171458198,0.0,675.9568585059317,55.402195,395.903158,0.0,451.305353
2026-07-16_ttft_component_regression/phase1/input6000_rate3p33_reuse50_seed1,166,0.012856033881985168,13.776332692258745,13.789188726140729,659.3929171458198,0.0,673.1821058719605,17.793236,390.713829,0.0,408.507065
2026-07-16_ttft_component_regression/phase1/input6000_rate3p33_reuse50_seed1,172,0.014604833277335048,13.881817834419772,13.896422667697108,659.3929171458198,0.0,673.2893398135169,2.580944,392.149766,0.0,394.73071
2026-07-16_ttft_component_regression/phase1/input6000_rate3p33_reuse50_seed1,191,0.0,18.32003769980216,18.32003769980216,659.3929171458198,0.0,677.7129548456219,8.193705,400.664357,0.0,408.858062
2026-07-16_ttft_component_regression/phase1/input6000_rate3p33_reuse50_seed1,211,0.0,20.076352034677456,20.076352034677456,659.3929171458198,0.0,679.4692691804972,10.862397,404.840885,0.0,415.703282
2026-07-16_ttft_component_regression/phase1/input6000_rate3p33_reuse50_seed1,223,0.0,18.329992729830735,18.329992729830735,659.3929171458198,0.0,677.7229098756504,9.423945,398.122769,0.0,407.546714
2026-07-16_ttft_component_regression/phase1/input6000_rate3p33_reuse50_seed1,232,0.042114026943833,16.59829656583158,16.64041059277541,659.3929171458198,0.0,676.0333277385952,1.377778,394.88544,0.0,396.263218
2026-07-16_ttft_component_regression/phase1/input6000_rate3p33_reuse50_seed1,236,0.04401404934379808,18.05834651951966,18.102360568863457,659.3929171458198,0.0,677.4952777146832,20.183676,397.451101,0.0,417.634777
2026-07-16_ttft_component_regression/phase1/input6000_rate3p33_reuse50_seed1,263,0.013791048049623061,13.832367139082809,13.846158187132431,659.3929171458198,0.0,673.2390753329522,14.561849,391.454739,0.0,406.016588
2026-07-16_ttft_component_regression/phase1/input6000_rate3p33_reuse50_seed1,268,0.042365704903883854,16.444542346086077,16.48690805098996,659.3929171458198,0.0,675.8798251968097,13.420399,397.158399,0.0,410.578798
2026-07-16_ttft_component_regression/phase1/input6000_rate3p33_reuse50_seed1,251,0.04213168348397838,16.590658627399176,16.632790310883156,659.3929171458198,0.0,676.0257074567029,5.02592,395.027094,0.0,400.053014
2026-07-16_ttft_component_regression/phase1/input6000_rate3p33_reuse50_seed1,283,0.04419083077144669,17.958704349289878,18.002895180061323,659.3929171458198,0.0,677.395812325881,0.681872,394.38983,0.0,395.071702
2026-07-16_ttft_component_regression/phase1/input6000_rate3p33_reuse50_seed1,289,0.0,21.259024913987602,21.259024913987602,659.3929171458198,0.0,680.6519420598073,20.501302,401.336373,0.0,421.837675
2026-07-16_ttft_component_regression/phase1/input6000_rate3p33_reuse50_seed1,4,0.0,0.4182545527853351,0.4182545527853351,659.3929171458198,0.0,659.8111716986051,0.446664,361.609295,0.0,362.055959
2026-07-16_ttft_component_regression/phase1/input6000_rate3p33_reuse50_seed1,11,0.018276226363861156,8.619608416779041,8.637884643142902,659.3929171458198,0.0,668.0308017889627,16.768706,374.112819,0.0,390.881525
2026-07-16_ttft_component_regression/phase1/input6000_rate3p33_reuse50_seed1,23,0.0,14.814295905597412,14.814295905597412,659.3929171458198,0.0,674.2072130514172,10.014248,381.412721,0.0,391.426969
2026-07-16_ttft_component_regression/phase1/input6000_rate3p33_reuse50_seed1,16,0.0,15.022501726117182,15.022501726117182,659.3929171458198,0.0,674.4154188719369,11.70936,377.64967,0.0,389.35903
2026-07-16_ttft_component_regression/phase1/input6000_rate3p33_reuse50_seed1,27,0.01575615634839497,15.070565267790533,15.086321424138928,659.3929171458198,0.0,674.4792385699586,8.309144,384.185105,0.0,392.494249
2026-07-16_ttft_component_regression/phase1/input6000_rate3p33_reuse50_seed1,80,0.0,15.064422733541967,15.064422733541967,659.3929171458198,0.0,674.4573398793617,1.335684,377.378982,0.0,378.714666
2026-07-16_ttft_component_regression/phase1/input6000_rate3p33_reuse50_seed1,90,0.014023989803306831,13.846456189609832,13.86048017941314,659.3929171458198,0.0,673.2533973252329,130.284785,383.623921,0.0,513.908706
2026-07-16_ttft_component_regression/phase1/input6000_rate3p33_reuse50_seed1,74,0.0,0.31536662966585793,0.31536662966585793,659.3929171458198,0.0,659.7082837754856,0.005347,361.609295,0.0,361.614642
2026-07-16_ttft_component_regression/phase1/input6000_rate3p33_reuse50_seed1,77,0.016287012927406624,7.888985121948159,7.905272134875566,659.3929171458198,0.0,667.2981892806953,3.957789,373.902835,0.0,377.860624
2026-07-16_ttft_component_regression/phase1/input6000_rate3p33_reuse50_seed1,100,0.0,21.20108479933907,21.20108479933907,659.3929171458198,0.0,680.5940019451589,18.662313,400.861691,0.0,419.524004
2026-07-16_ttft_component_regression/phase1/input6000_rate3p33_reuse50_seed1,89,0.0,13.600069123538516,13.600069123538516,659.3929171458198,0.0,672.9929862693583,12.579222,381.089937,0.0,393.669159
2026-07-16_ttft_component_regression/phase1/input6000_rate3p33_reuse50_seed1,95,0.04419083077144669,17.958704349289878,18.002895180061323,659.3929171458198,0.0,677.395812325881,9.175816,388.626376,0.0,397.802192
2026-07-16_ttft_component_regression/phase1/input6000_rate3p33_reuse50_seed1,105,0.0,24.14301432708859,24.14301432708859,659.3929171458198,0.0,683.5359314729084,0.321855,404.543657,0.0,404.865512
2026-07-16_ttft_component_regression/phase1/input6000_rate3p33_reuse50_seed1,122,0.4691092157379852,27.68413688176995,28.15324609750793,659.3929171458198,0.0,687.5461632433277,11.513678,414.291668,0.0,425.805346
2026-07-16_ttft_component_regression/phase1/input6000_rate3p33_reuse50_seed1,103,0.0,23.261734185240503,23.261734185240503,659.3929171458198,0.0,682.6546513310602,3.876067,402.312753,0.0,406.18882
2026-07-16_ttft_component_regression/phase1/input6000_rate3p33_reuse50_seed1,113,0.061618359451070547,25.400205813442437,25.461824172893508,659.3929171458198,0.0,684.8547413187133,10.847591,410.140796,0.0,420.988387
2026-07-16_ttft_component_regression/phase1/input6000_rate3p33_reuse50_seed1,148,0.48524609504196525,27.770227764265965,28.25547385930793,659.3929171458198,0.0,687.6483910051277,12.7742,416.574712,0.0,429.348912
2026-07-16_ttft_component_regression/phase1/input6000_rate3p33_reuse50_seed1,139,0.4906823665106977,27.798796345862534,28.28947871237323,659.3929171458198,0.0,687.682395858193,12.316535,417.462337,0.0,429.778872
2026-07-16_ttft_component_regression/phase1/input6000_rate3p33_reuse50_seed1,173,0.04233229481545704,16.47545395721514,16.517786252030596,659.3929171458198,0.0,675.9107033978504,16.439473,394.8807,0.0,411.320173
2026-07-16_ttft_component_regression/phase1/input6000_rate3p33_reuse50_seed1,176,0.0,18.323365278907914,18.323365278907914,659.3929171458198,0.0,677.7162824247276,22.772167,401.265589,0.0,424.037756
2026-07-16_ttft_component_regression/phase1/input6000_rate3p33_reuse50_seed1,210,0.0,12.912665705145098,12.912665705145098,659.3929171458198,0.0,672.3055828509648,4.79314,382.122908,0.0,386.916048
2026-07-16_ttft_component_regression/phase1/input6000_rate3p33_reuse50_seed1,214,0.0424170752914857,16.343576243823183,16.385993319114668,659.3929171458198,0.0,675.7789104649344,20.97135,397.395453,0.0,418.366803
2026-07-16_ttft_component_regression/phase1/input6000_rate3p33_reuse50_seed1,212,0.012504137748864797,13.755453914852348,13.767958052601212,659.3929171458198,0.0,673.160875198421,3.389961,391.661557,0.0,395.051518
2026-07-16_ttft_component_regression/phase1/input6000_rate3p33_reuse50_seed1,218,0.0005006088449337298,18.237364345776438,18.237864954621372,659.3929171458198,0.0,677.6307821004411,6.125718,400.927067,0.0,407.052785
2026-07-16_ttft_component_regression/phase1/input6000_rate3p33_reuse50_seed1,231,0.0,21.366415858386734,21.366415858386734,659.3929171458198,0.0,680.7593330042065,237.417057,555.130984,0.0,792.548041
2026-07-16_ttft_component_regression/phase1/input6000_rate3p33_reuse50_seed1,230,0.0,19.44452029124437,19.44452029124437,659.3929171458198,0.0,678.8374374370641,12.231062,552.872429,0.0,565.103491
2026-07-16_ttft_component_regression/phase1/input6000_rate3p33_reuse50_seed1,227,0.0424170752914857,16.343576243823183,16.385993319114668,659.3929171458198,0.0,675.7789104649344,14.019956,396.867711,0.0,410.887667
2026-07-16_ttft_component_regression/phase1/input6000_rate3p33_reuse50_seed1,247,0.0,21.350417159635715,21.350417159635715,659.3929171458198,0.0,680.7433343054555,15.654423,405.351497,0.0,421.00592
2026-07-16_ttft_component_regression/phase1/input6000_rate3p33_reuse50_seed1,35,0.01880753660955664,8.59112831038505,8.609935846994608,659.3929171458198,0.0,668.0028529928144,12.027602,373.910259,0.0,385.937861
2026-07-16_ttft_component_regression/phase1/input6000_rate3p33_reuse50_seed1,40,0.0,15.09876081390134,15.09876081390134,659.3929171458198,0.0,674.4916779597211,8.728163,377.49383,0.0,386.221993
2026-07-16_ttft_component_regression/phase1/input6000_rate3p33_reuse50_seed1,30,0.0,0.4276154394174669,0.4276154394174669,659.3929171458198,0.0,659.8205325852372,0.001023,361.609295,0.0,361.610318
2026-07-16_ttft_component_regression/phase1/input6000_rate3p33_reuse50_seed1,46,0.0,14.7591945512106,14.7591945512106,659.3929171458198,0.0,674.1521116970304,10.351401,381.186993,0.0,391.538394
2026-07-16_ttft_component_regression/phase1/input6000_rate3p33_reuse50_seed1,64,0.044311072030133104,17.816222393085482,17.860533465115616,659.3929171458198,0.0,677.2534506109354,190.758126,571.368303,0.0,762.126429
2026-07-16_ttft_component_regression/phase1/input6000_rate3p33_reuse50_seed1,63,0.014585273173337257,14.994711379835666,15.009296653009002,659.3929171458198,0.0,674.4022137988287,7.671288,537.337769,0.0,545.009057
2026-07-16_ttft_component_regression/phase1/input6000_rate3p33_reuse50_seed1,67,0.0,347.85837525180443,347.85837525180443,659.3929171458198,0.0,1007.2512923976242,298.098282,664.831953,0.0,962.930235
2026-07-16_ttft_component_regression/phase1/input6000_rate3p33_reuse50_seed1,82,0.0,23.246617617747408,23.246617617747408,659.3929171458198,0.0,682.6395347635672,2.640424,396.449406,0.0,399.08983
2026-07-16_ttft_component_regression/phase1/input6000_rate3p33_reuse50_seed1,94,0.0,21.255236864337817,21.255236864337817,659.3929171458198,0.0,680.6481540101576,3.305144,393.352606,0.0,396.65775
2026-07-16_ttft_component_regression/phase1/input6000_rate3p33_reuse50_seed1,110,0.014256590338478923,13.86057709627333,13.874833686611808,659.3929171458198,0.0,673.2677508324316,15.065411,384.650193,0.0,399.715604
2026-07-16_ttft_component_regression/phase1/input6000_rate3p33_reuse50_seed1,115,0.0442020941795211,17.950364362097595,17.994566456277116,659.3929171458198,0.0,677.3874836020968,7.43737,389.26964,0.0,396.70701
2026-07-16_ttft_component_regression/phase1/input6000_rate3p33_reuse50_seed1,126,1.1625299053775662,28.4289245263385,29.591454431716066,659.3929171458198,317.26402995218524,1006.2484015297211,7.290515182248473,394.321422,317.33456081775154,718.946498
2026-07-16_ttft_component_regression/phase1/input6000_rate3p33_reuse50_seed1,129,0.0,23.246617617747408,23.246617617747408,659.3929171458198,0.0,682.6395347635672,3.047418,406.784093,0.0,409.831511
2026-07-16_ttft_component_regression/phase1/input6000_rate3p33_reuse50_seed1,132,0.0,24.14029567710811,24.14029567710811,659.3929171458198,0.0,683.5332128229279,19.611603,404.550131,0.0,424.161734
2026-07-16_ttft_component_regression/phase1/input6000_rate3p33_reuse50_seed1,127,0.0,21.205022627430985,21.205022627430985,659.3929171458198,0.0,680.5979397732507,8.526975,401.245461,0.0,409.772436
2026-07-16_ttft_component_regression/phase1/input6000_rate3p33_reuse50_seed1,143,0.0,21.398430782997938,21.398430782997938,659.3929171458198,0.0,680.7913479288177,9.738117,400.343143,0.0,410.08126
2026-07-16_ttft_component_regression/phase1/input6000_rate3p33_reuse50_seed1,179,0.0,18.309999365161396,18.309999365161396,659.3929171458198,0.0,677.7029165109811,21.713231,398.41181,0.0,420.125041
2026-07-16_ttft_component_regression/phase1/input6000_rate3p33_reuse50_seed1,187,0.0,18.34313723082446,18.34313723082446,659.3929171458198,0.0,677.7360543766442,21.492893,401.370901,0.0,422.863794
2026-07-16_ttft_component_regression/phase1/input6000_rate3p33_reuse50_seed1,203,0.07349480863595556,15.853573724100519,15.927068532736474,659.3929171458198,0.0,675.3199856785562,10.398628,396.425589,0.0,406.824217
2026-07-16_ttft_component_regression/phase1/input6000_rate3p33_reuse50_seed1,216,0.0,19.55726075508007,19.55726075508007,659.3929171458198,0.0,678.9501779008998,221.067887,553.959196,0.0,775.027083
2026-07-16_ttft_component_regression/phase1/input6000_rate3p33_reuse50_seed1,208,1.4135292773209145,29.1253815530517,30.538910830372615,659.3929171458198,317.26402995218524,1007.1958579283776,5.978669182248473,397.447393,317.33456081775154,720.760623
2026-07-16_ttft_component_regression/phase1/input6000_rate3p33_reuse50_seed1,224,1.1959856548715324,28.472387125430874,29.668372780302406,659.3929171458198,317.26402995218524,1006.3253198783075,3.4574651822484737,554.855586,317.33456081775154,875.647612
2026-07-16_ttft_component_regression/phase1/input6000_rate3p33_reuse50_seed1,215,0.042077089885825376,16.613555772542853,16.65563286242868,659.3929171458198,0.0,676.0485500082484,17.282785,553.930382,0.0,571.213167
2026-07-16_ttft_component_regression/phase1/input6000_rate3p33_reuse50_seed1,226,0.0,21.40420743227259,21.40420743227259,659.3929171458198,0.0,680.7971245780924,26.05221,558.442228,0.0,584.494438
2026-07-16_ttft_component_regression/phase1/input6000_rate3p33_reuse50_seed1,252,0.0,19.47082078934932,19.47082078934932,659.3929171458198,0.0,678.8637379351691,4.28583,400.394436,0.0,404.680266
2026-07-16_ttft_component_regression/phase1/input6000_rate3p33_reuse50_seed1,254,0.0,21.379640452177565,21.379640452177565,659.3929171458198,0.0,680.7725575979973,23.902192,404.679477,0.0,428.581669
2026-07-16_ttft_component_regression/phase1/input6000_rate3p33_reuse50_seed1,261,0.0,21.378449181286044,21.378449181286044,659.3929171458198,0.0,680.7713663271059,8.574699,404.736083,0.0,413.310782
2026-07-16_ttft_component_regression/phase1/input6000_rate3p33_reuse50_seed1,277,0.0,21.185225028726517,21.185225028726517,659.3929171458198,0.0,680.5781421745463,11.272988,400.933083,0.0,412.206071
2026-07-16_ttft_component_regression/phase1/input6000_rate3p33_reuse50_seed1,266,0.0,22.196973055674114,22.196973055674114,659.3929171458198,0.0,681.5898902014939,10.770792,407.016517,0.0,417.787309
2026-07-16_ttft_component_regression/phase1/input6000_rate3p33_reuse50_seed1,286,0.0,23.24279347881506,23.24279347881506,659.3929171458198,0.0,682.6357106246348,21.952392,400.511717,0.0,422.464109
2026-07-16_ttft_component_regression/phase1/input6000_rate3p33_reuse50_seed1,292,0.0,24.105774708628434,24.105774708628434,659.3929171458198,0.0,683.4986918544482,10.087028,403.523376,0.0,413.610404
2026-07-16_ttft_component_regression/phase1/input6000_rate3p33_reuse50_seed1,280,0.0,23.25042308158711,23.25042308158711,659.3929171458198,0.0,682.6433402274068,10.708933,403.46243,0.0,414.171363
2026-07-16_ttft_component_regression/phase1/input6000_rate3p33_reuse50_seed1,298,0.051571390972744796,25.3003496842376,25.351921075210342,659.3929171458198,0.0,684.7448382210301,3.613913,407.066973,0.0,410.680886
2026-07-16_ttft_component_regression/phase1/input6000_rate3p33_reuse50_seed1,2,0.0,0.38069540876914554,0.38069540876914554,659.3929171458198,0.0,659.7736125545889,0.088507,361.609295,0.0,361.697802
2026-07-16_ttft_component_regression/phase1/input6000_rate3p33_reuse50_seed1,10,0.019742109942142504,8.533106643097128,8.552848753039271,659.3929171458198,0.0,667.945765898859,6.559444,374.035891,0.0,380.595335
2026-07-16_ttft_component_regression/phase1/input6000_rate3p33_reuse50_seed1,13,0.0,15.152040985647854,15.152040985647854,659.3929171458198,0.0,674.5449581314676,16.348091,377.603334,0.0,393.951425
2026-07-16_ttft_component_regression/phase1/input6000_rate3p33_reuse50_seed1,71,0.0174611219273163,7.828480079454696,7.845941201382012,659.3929171458198,0.0,667.2388583472018,11.282138,373.978803,0.0,385.260941
2026-07-16_ttft_component_regression/phase1/input6000_rate3p33_reuse50_seed1,69,0.0,0.408881307936075,0.408881307936075,659.3929171458198,0.0,659.8017984537559,0.018572,361.609295,0.0,361.627867
2026-07-16_ttft_component_regression/phase1/input6000_rate3p33_reuse50_seed1,98,0.0,15.079685340170034,15.079685340170034,659.3929171458198,0.0,674.4726024859898,4.509898,378.068838,0.0,382.578736
2026-07-16_ttft_component_regression/phase1/input6000_rate3p33_reuse50_seed1,118,0.019128150288804636,8.572461192756117,8.591589343044921,659.3929171458198,0.0,667.9845064888647,1.939637,374.418835,0.0,376.358472
2026-07-16_ttft_component_regression/phase1/input6000_rate3p33_reuse50_seed1,124,0.0,13.872485358744417,13.872485358744417,659.3929171458198,0.0,673.2654025045641,13.447266,377.843878,0.0,391.291144
2026-07-16_ttft_component_regression/phase1/input6000_rate3p33_reuse50_seed1,135,0.014467760255661629,14.987174374827536,15.001642135083197,659.3929171458198,0.0,674.394559280903,143.564812,535.802712,0.0,679.367524
2026-07-16_ttft_component_regression/phase1/input6000_rate3p33_reuse50_seed1,134,0.0,14.780367756470444,14.780367756470444,659.3929171458198,0.0,674.1732849022902,8.180784,535.617791,0.0,543.798575
2026-07-16_ttft_component_regression/phase1/input6000_rate3p33_reuse50_seed1,147,0.042365704903883854,16.444542346086077,16.48690805098996,659.3929171458198,0.0,675.8798251968097,5.252764,388.953128,0.0,394.205892
2026-07-16_ttft_component_regression/phase1/input6000_rate3p33_reuse50_seed1,198,0.0,12.927336757137413,12.927336757137413,659.3929171458198,0.0,672.3202539029571,15.754081,388.857879,0.0,404.61196
2026-07-16_ttft_component_regression/phase1/input6000_rate3p33_reuse50_seed1,199,0.043494764185739075,13.108293230315105,13.151787994500845,659.3929171458198,0.0,672.5447051403206,10.684854,392.405832,0.0,403.090686
2026-07-16_ttft_component_regression/phase1/input6000_rate3p33_reuse50_seed1,206,0.07394573668103653,15.581780349389144,15.65572608607018,659.3929171458198,0.0,675.04864323189,13.010602,397.229535,0.0,410.240137
2026-07-16_ttft_component_regression/phase1/input6000_rate3p33_reuse50_seed1,189,0.0,12.937434612783344,12.937434612783344,659.3929171458198,0.0,672.3303517586031,3.51613,390.571077,0.0,394.087207
2026-07-16_ttft_component_regression/phase1/input6000_rate3p33_reuse50_seed1,221,0.017314596865839006,12.752493281399405,12.769807878265244,659.3929171458198,0.0,672.162725024085,5.962639,392.36711,0.0,398.329749
2026-07-16_ttft_component_regression/phase1/input6000_rate3p33_reuse50_seed1,229,0.0,19.425427513716258,19.425427513716258,659.3929171458198,0.0,678.818344659536,19.430984,399.299077,0.0,418.730061
2026-07-16_ttft_component_regression/phase1/input6000_rate3p33_reuse50_seed1,222,0.04981462224470066,15.279780735871137,15.329595358115837,659.3929171458198,0.0,674.7225125039356,6.031395,396.945119,0.0,402.976514
2026-07-16_ttft_component_regression/phase1/input6000_rate3p33_reuse50_seed1,256,0.0,19.481940241800334,19.481940241800334,659.3929171458198,0.0,678.8748573876201,14.953261,553.863319,0.0,568.81658
2026-07-16_ttft_component_regression/phase1/input6000_rate3p33_reuse50_seed1,242,0.044258603620827223,17.900212789632974,17.9444713932538,659.3929171458198,0.0,677.3373885390736,18.741538,397.365981,0.0,416.107519
2026-07-16_ttft_component_regression/phase1/input6000_rate3p33_reuse50_seed1,257,0.0,21.383201752518435,21.383201752518435,659.3929171458198,0.0,680.7761188983382,22.207855,401.379088,0.0,423.586943
2026-07-16_ttft_component_regression/phase1/input6000_rate3p33_reuse50_seed1,255,0.04234143212282465,16.467733226366818,16.510074658489643,659.3929171458198,0.0,675.9029918043094,110.645512,550.451247,0.0,661.096759
2026-07-16_ttft_component_regression/phase1/input6000_rate3p33_reuse50_seed1,253,0.013557773334322657,13.818310104891765,13.831867878226088,659.3929171458198,0.0,673.2247850240458,4.310717,395.916937,0.0,400.227654
2026-07-16_ttft_component_regression/phase1/input6000_rate3p33_reuse50_seed1,276,0.0,23.247888147329533,23.247888147329533,659.3929171458198,0.0,682.6408052931492,21.148469,405.839226,0.0,426.987695
2026-07-16_ttft_component_regression/phase1/input6000_rate3p33_reuse50_seed1,293,0.0,23.241514499039656,23.241514499039656,659.3929171458198,0.0,682.6344316448594,16.112154,404.907637,0.0,421.019791
2026-07-16_ttft_component_regression/phase1/input6000_rate3p33_reuse50_seed1,299,0.0,23.240233344178694,23.240233344178694,659.3929171458198,0.0,682.6331504899985,4.169371,404.692597,0.0,408.861968
2026-07-16_ttft_component_regression/phase1/input6000_rate5p0_reuse00_seed1,28,0.0,21.980528559424084,21.980528559424084,761.3047401863088,6.217248937900877e-15,783.2852687457329,16.12794,699.448538,0.0,715.576478
2026-07-16_ttft_component_regression/phase1/input6000_rate5p0_reuse00_seed1,22,0.01638417812225224,12.769488051013125,12.785872229135377,761.3047401863088,6.217248937900877e-15,774.0906124154442,135.080853,927.033461,0.0,1062.114314
2026-07-16_ttft_component_regression/phase1/input6000_rate5p0_reuse00_seed1,21,0.0,1.1324481661996886,1.1324481661996886,761.3047401863088,6.217248937900877e-15,762.4371883525084,0.014713,689.692786,0.0,689.707499
2026-07-16_ttft_component_regression/phase1/input6000_rate5p0_reuse00_seed1,43,0.011014953236032651,21.883355143979298,21.89437009721533,761.3047401863088,6.217248937900877e-15,783.1991102835241,19.022999,710.305294,0.0,729.328293
2026-07-16_ttft_component_regression/phase1/input6000_rate5p0_reuse00_seed1,53,0.037820587425552755,25.78446039167505,25.822280979100604,761.3047401863088,6.217248937900877e-15,787.1270211654094,21.212017,717.10581,0.0,738.317827
2026-07-16_ttft_component_regression/phase1/input6000_rate5p0_reuse00_seed1,39,0.0,21.632109294513953,21.632109294513953,761.3047401863088,6.217248937900877e-15,782.9368494808227,9.252786,706.372236,0.0,715.625022
2026-07-16_ttft_component_regression/phase1/input6000_rate5p0_reuse00_seed1,66,0.0,30.601851175847152,30.601851175847152,761.3047401863088,6.217248937900877e-15,791.906591362156,19.392179,723.497098,0.0,742.889277
2026-07-16_ttft_component_regression/phase1/input6000_rate5p0_reuse00_seed1,85,0.0,28.972031148723893,28.972031148723893,761.3047401863088,6.217248937900877e-15,790.2767713350327,14.297304,724.566602,0.0,738.863906
2026-07-16_ttft_component_regression/phase1/input6000_rate5p0_reuse00_seed1,124,0.048975822237931635,20.932731252154706,20.981707074392638,761.3047401863088,6.217248937900877e-15,782.2864472607014,18.295095,711.686926,0.0,729.982021
2026-07-16_ttft_component_regression/phase1/input6000_rate5p0_reuse00_seed1,129,0.048642752637259506,20.904484380527972,20.953127133165232,761.3047401863088,6.217248937900877e-15,782.257867319474,1.477075,711.267278,0.0,712.744353
2026-07-16_ttft_component_regression/phase1/input6000_rate5p0_reuse00_seed1,139,0.07522975625535218,24.612569818735317,24.68779957499067,761.3047401863088,6.217248937900877e-15,785.9925397612994,0.555905,717.890226,0.0,718.446131
2026-07-16_ttft_component_regression/phase1/input6000_rate5p0_reuse00_seed1,183,0.19749281648896574,37.155085791112256,37.352578607601224,761.3047401863088,6.217248937900877e-15,798.65731879391,16.148488,731.393729,0.0,747.542217
2026-07-16_ttft_component_regression/phase1/input6000_rate5p0_reuse00_seed1,187,0.1017740708564419,41.24538360897128,41.347157679827724,761.3047401863088,6.217248937900877e-15,802.6518978661366,9.441981,749.148939,0.0,758.59092
2026-07-16_ttft_component_regression/phase1/input6000_rate5p0_reuse00_seed1,166,0.06909168555376272,30.2704096093791,30.339501294932862,761.3047401863088,6.217248937900877e-15,791.6442414812417,14.283308,736.35862,0.0,750.641928
2026-07-16_ttft_component_regression/phase1/input6000_rate5p0_reuse00_seed1,206,0.12860772944407034,44.569035991096534,44.697643720540604,761.3047401863088,6.217248937900877e-15,806.0023839068493,7.854375,763.328929,0.0,771.183304
2026-07-16_ttft_component_regression/phase1/input6000_rate5p0_reuse00_seed1,156,0.07522975625535218,24.612569818735317,24.68779957499067,761.3047401863088,6.217248937900877e-15,785.9925397612994,9.590415,727.045072,0.0,736.635487
2026-07-16_ttft_component_regression/phase1/input6000_rate5p0_reuse00_seed1,208,0.5423007078433957,48.23779866141042,48.78009936925382,761.3047401863088,6.217248937900877e-15,810.0848395555626,2.823565,762.785949,0.0,765.609514
2026-07-16_ttft_component_regression/phase1/input6000_rate5p0_reuse00_seed1,191,0.0,42.19174523393531,42.19174523393531,761.3047401863088,6.217248937900877e-15,803.4964854202441,66.326686,1017.464614,0.0,1083.7913
2026-07-16_ttft_component_regression/phase1/input6000_rate5p0_reuse00_seed1,242,0.13000328581640894,44.58607063723295,44.71607392304936,761.3047401863088,6.217248937900877e-15,806.0208141093582,3.828057,767.322714,0.0,771.150771
2026-07-16_ttft_component_regression/phase1/input6000_rate5p0_reuse00_seed1,225,0.5409740620115215,48.228346146264535,48.769320208276056,761.3047401863088,6.217248937900877e-15,810.0740603945849,6.9965,774.341875,0.0,781.338375
2026-07-16_ttft_component_regression/phase1/input6000_rate5p0_reuse00_seed1,251,0.13281135594604518,44.62024268232287,44.753054038268914,761.3047401863088,6.217248937900877e-15,806.0577942245777,6.653932,767.322618,0.0,773.97655
2026-07-16_ttft_component_regression/phase1/input6000_rate5p0_reuse00_seed1,271,0.0,27.327480159433645,27.327480159433645,761.3047401863088,6.217248937900877e-15,788.6322203457424,9.798671,764.230783,0.0,774.029454
2026-07-16_ttft_component_regression/phase1/input6000_rate5p0_reuse00_seed1,289,0.5732623364501335,48.45387366959807,49.0271360060482,761.3047401863088,6.217248937900877e-15,810.331876192357,13.633449,763.698575,0.0,777.332024
2026-07-16_ttft_component_regression/phase1/input6000_rate5p0_reuse00_seed1,275,1142.6058186447444,22.48125786668341,1165.0870765114278,761.3047401863088,6.217248937900877e-15,1926.3918166977364,2303.776861,759.384058,0.0,3063.160919
2026-07-16_ttft_component_regression/phase1/input6000_rate5p0_reuse00_seed1,7,0.0,1.0710361437039821,1.0710361437039821,761.3047401863088,6.217248937900877e-15,762.3757763300127,0.012734,676.342498,0.0,676.355232
2026-07-16_ttft_component_regression/phase1/input6000_rate5p0_reuse00_seed1,26,0.03786456815577123,25.663705836701027,25.7015704048568,761.3047401863088,6.217248937900877e-15,787.0063105911656,309.2744,1000.573987,0.0,1309.848387
2026-07-16_ttft_component_regression/phase1/input6000_rate5p0_reuse00_seed1,23,0.010256812908637765,21.815413921677447,21.825670734586083,761.3047401863088,6.217248937900877e-15,783.1304109208949,18.9761,987.540231,0.0,1006.516331
2026-07-16_ttft_component_regression/phase1/input6000_rate5p0_reuse00_seed1,18,0.0,21.619646505674545,21.619646505674545,761.3047401863088,6.217248937900877e-15,782.9243866919833,405.528988,976.208735,0.0,1381.737723
2026-07-16_ttft_component_regression/phase1/input6000_rate5p0_reuse00_seed1,17,0.0,21.944970279233612,21.944970279233612,761.3047401863088,6.217248937900877e-15,783.2497104655424,2.420072,712.690214,0.0,715.110286
2026-07-16_ttft_component_regression/phase1/input6000_rate5p0_reuse00_seed1,27,0.0,30.523027433187643,30.523027433187643,761.3047401863088,6.217248937900877e-15,791.8277676194964,725.140232,935.711105,0.0,1660.851337
2026-07-16_ttft_component_regression/phase1/input6000_rate5p0_reuse00_seed1,36,0.0,33.91668585220962,33.91668585220962,761.3047401863088,6.217248937900877e-15,795.2214260385184,4.425371,729.057858,0.0,733.483229
2026-07-16_ttft_component_regression/phase1/input6000_rate5p0_reuse00_seed1,13,0.01675752240481483,12.742173505323624,12.758931027728439,761.3047401863088,6.217248937900877e-15,774.0636712140372,63.228816,693.93438,0.0,757.163196
2026-07-16_ttft_component_regression/phase1/input6000_rate5p0_reuse00_seed1,48,0.0,35.802226922428446,35.802226922428446,761.3047401863088,6.217248937900877e-15,797.1069671087372,24.490912,744.089348,0.0,768.58026
2026-07-16_ttft_component_regression/phase1/input6000_rate5p0_reuse00_seed1,50,0.06322992129295711,37.85706652559759,37.920296446890546,761.3047401863088,6.217248937900877e-15,799.2250366331994,362.282122,1000.403869,0.0,1362.685991
2026-07-16_ttft_component_regression/phase1/input6000_rate5p0_reuse00_seed1,100,0.0,32.77537974357771,32.77537974357771,761.3047401863088,6.217248937900877e-15,794.0801199298865,10.092372,743.504503,0.0,753.596875
2026-07-16_ttft_component_regression/phase1/input6000_rate5p0_reuse00_seed1,111,0.0,35.48320502150802,35.48320502150802,761.3047401863088,6.217248937900877e-15,796.7879452078168,10.527249,747.501828,0.0,758.029077
2026-07-16_ttft_component_regression/phase1/input6000_rate5p0_reuse00_seed1,88,0.0,32.07437496919622,32.07437496919622,761.3047401863088,6.217248937900877e-15,793.379115155505,13.053912,730.910306,0.0,743.964218
2026-07-16_ttft_component_regression/phase1/input6000_rate5p0_reuse00_seed1,149,0.12301216287391763,25.574856779707208,25.697868942581124,761.3047401863088,6.217248937900877e-15,787.0026091288898,17.559288,736.318371,0.0,753.877659
2026-07-16_ttft_component_regression/phase1/input6000_rate5p0_reuse00_seed1,168,0.0,33.555572697312144,33.555572697312144,761.3047401863088,6.217248937900877e-15,794.860312883621,4.498295,749.72968,0.0,754.227975
2026-07-16_ttft_component_regression/phase1/input6000_rate5p0_reuse00_seed1,172,0.1526991091627928,675.4804115873595,675.6331106965223,761.3047401863088,6.217248937900877e-15,1436.937850882831,1011.870802,1054.731064,0.0,2066.601866
2026-07-16_ttft_component_regression/phase1/input6000_rate5p0_reuse00_seed1,174,0.5711629066597593,5547.0372455389415,5547.6084084456015,761.3047401863088,6.217248937900877e-15,6308.91314863191,1745.117388,1008.237723,0.0,2753.355111
2026-07-16_ttft_component_regression/phase1/input6000_rate5p0_reuse00_seed1,163,0.07060836878066132,30.23451417232507,30.30512254110573,761.3047401863088,6.217248937900877e-15,791.6098627274146,15.163803,739.771708,0.0,754.935511
2026-07-16_ttft_component_regression/phase1/input6000_rate5p0_reuse00_seed1,132,0.048531556745645896,20.895090311748802,20.94362186849445,761.3047401863088,6.217248937900877e-15,782.2483620548032,10.0527,724.241313,0.0,734.294013
2026-07-16_ttft_component_regression/phase1/input6000_rate5p0_reuse00_seed1,205,0.7331716082352194,49.63644869897916,50.369620307214376,761.3047401863088,6.217248937900877e-15,811.6743604935232,13.16762,763.633444,0.0,776.801064
2026-07-16_ttft_component_regression/phase1/input6000_rate5p0_reuse00_seed1,216,0.5173721458310444,48.057464328292625,48.57483647412367,761.3047401863088,6.217248937900877e-15,809.8795766604325,26.003168,769.06542,0.0,795.068588
2026-07-16_ttft_component_regression/phase1/input6000_rate5p0_reuse00_seed1,169,0.0,35.458122947199676,35.458122947199676,761.3047401863088,6.217248937900877e-15,796.7628631335084,471.540276,1028.146567,0.0,1499.686843
2026-07-16_ttft_component_regression/phase1/input6000_rate5p0_reuse00_seed1,217,968.9534143537761,693.4015944844689,1662.3550088382449,761.3047401863088,6.217248937900877e-15,2423.6597490245535,1301.403131,763.422479,0.0,2064.82561
2026-07-16_ttft_component_regression/phase1/input6000_rate5p0_reuse00_seed1,252,3638.2867463878183,52.74139621042643,3691.028142598245,761.3047401863088,6.217248937900877e-15,4452.3328827845535,3395.056978,757.300597,0.0,4152.357575
2026-07-16_ttft_component_regression/phase1/input6000_rate5p0_reuse00_seed1,231,668.7588682675384,29.92249248224044,698.6813607497788,761.3047401863088,6.217248937900877e-15,1459.9861009360875,1137.297282,768.290432,0.0,1905.587714
2026-07-16_ttft_component_regression/phase1/input6000_rate5p0_reuse00_seed1,267,1861.506044591726,29.917383987213984,1891.42342857894,761.3047401863088,6.217248937900877e-15,2652.728168765249,2874.1549339999997,758.7421,0.0,3632.897034
2026-07-16_ttft_component_regression/phase1/input6000_rate5p0_reuse00_seed1,285,1752.4818571606002,39.87879383546766,1792.3606509960678,761.3047401863088,6.217248937900877e-15,2553.6653911823764,1615.069771,767.749039,0.0,2382.81881
2026-07-16_ttft_component_regression/phase1/input6000_rate5p0_reuse00_seed1,250,2437.178111716916,52.81015975203017,2489.9882714689466,761.3047401863088,6.217248937900877e-15,3251.293011655255,1753.0894409999999,757.382002,0.0,2510.471443
2026-07-16_ttft_component_regression/phase1/input6000_rate5p0_reuse00_seed1,262,1843.9567962129543,29.95208952057387,1873.9088857335282,761.3047401863088,6.217248937900877e-15,2635.213625919837,3025.6737160000002,762.221527,0.0,3787.895243
2026-07-16_ttft_component_regression/phase1/input6000_rate5p0_reuse00_seed1,272,1545.6182703072477,22.465430621331308,1568.083700928579,761.3047401863088,6.217248937900877e-15,2329.388441114888,3117.069593,772.492326,0.0,3889.561919
2026-07-16_ttft_component_regression/phase1/input6000_rate5p0_reuse00_seed1,0,0.0,1.079839112110478,1.079839112110478,761.3047401863088,6.217248937900877e-15,762.3845792984192,0.0,676.342498,0.0,676.342498
2026-07-16_ttft_component_regression/phase1/input6000_rate5p0_reuse00_seed1,37,0.0,21.95682161338519,21.95682161338519,761.3047401863088,6.217248937900877e-15,783.2615617996939,12.543853,713.644294,0.0,726.188147
2026-07-16_ttft_component_regression/phase1/input6000_rate5p0_reuse00_seed1,34,0.01681857309054171,12.73749167140345,12.754310244493992,761.3047401863088,6.217248937900877e-15,774.0590504308028,4.937282,695.65006,0.0,700.587342
2026-07-16_ttft_component_regression/phase1/input6000_rate5p0_reuse00_seed1,38,0.0,21.641713562695877,21.641713562695877,761.3047401863088,6.217248937900877e-15,782.9464537490046,297.689871,947.4297,0.0,1245.119571
2026-07-16_ttft_component_regression/phase1/input6000_rate5p0_reuse00_seed1,58,0.0,21.6823178677075,21.6823178677075,761.3047401863088,6.217248937900877e-15,782.9870580540163,7.556014,705.775852,0.0,713.331866
2026-07-16_ttft_component_regression/phase1/input6000_rate5p0_reuse00_seed1,63,0.013796936289217191,22.14061432231851,22.154411258607727,761.3047401863088,6.217248937900877e-15,783.4591514449165,137.63964,709.78315,0.0,847.42279
2026-07-16_ttft_component_regression/phase1/input6000_rate5p0_reuse00_seed1,93,0.038960882124481885,24.706735593968677,24.74569647609316,761.3047401863088,6.217248937900877e-15,786.0504366624019,8.875863,718.094898,0.0,726.970761
2026-07-16_ttft_component_regression/phase1/input6000_rate5p0_reuse00_seed1,123,0.0,32.347867352115564,32.347867352115564,761.3047401863088,6.217248937900877e-15,793.6526075384244,9.127158,731.031362,0.0,740.15852
2026-07-16_ttft_component_regression/phase1/input6000_rate5p0_reuse00_seed1,112,0.06250104485377532,30.41653889418055,30.479039939034326,761.3047401863088,6.217248937900877e-15,791.7837801253431,8.910411,724.803658,0.0,733.714069
2026-07-16_ttft_component_regression/phase1/input6000_rate5p0_reuse00_seed1,157,0.0,32.32346540563679,32.32346540563679,761.3047401863088,6.217248937900877e-15,793.6282055919455,3.390526,736.155046,0.0,739.545572
2026-07-16_ttft_component_regression/phase1/input6000_rate5p0_reuse00_seed1,133,0.019631890066400422,29.216419186674216,29.236051076740615,761.3047401863088,6.217248937900877e-15,790.5407912630494,13.102814,724.574378,0.0,737.677192
2026-07-16_ttft_component_regression/phase1/input6000_rate5p0_reuse00_seed1,181,0.30672216385172296,46.230866517838045,46.53758868168977,761.3047401863088,6.217248937900877e-15,807.8423288679985,22.035612,753.73164,0.0,775.767252
2026-07-16_ttft_component_regression/phase1/input6000_rate5p0_reuse00_seed1,194,0.2928134734895334,46.07945119827565,46.37226467176518,761.3047401863088,6.217248937900877e-15,807.6770048580739,218.07832,1025.19708,0.0,1243.2754
2026-07-16_ttft_component_regression/phase1/input6000_rate5p0_reuse00_seed1,150,0.06559339599118552,30.349882451515327,30.415475847506514,761.3047401863088,6.217248937900877e-15,791.7202160338153,15.190398,724.228138,0.0,739.418536
2026-07-16_ttft_component_regression/phase1/input6000_rate5p0_reuse00_seed1,204,0.6824682331064,42.8044637944024,43.4869320275088,761.3047401863088,6.217248937900877e-15,804.7916722138176,3.89572,758.98292,0.0,762.87864
2026-07-16_ttft_component_regression/phase1/input6000_rate5p0_reuse00_seed1,170,0.0,35.52684659140143,35.52684659140143,761.3047401863088,6.217248937900877e-15,796.8315867777102,13.136794,743.410032,0.0,756.546826
2026-07-16_ttft_component_regression/phase1/input6000_rate5p0_reuse00_seed1,193,0.0,42.21477355646163,42.21477355646163,761.3047401863088,6.217248937900877e-15,803.5195137427704,8.273317,767.464767,0.0,775.738084
2026-07-16_ttft_component_regression/phase1/input6000_rate5p0_reuse00_seed1,247,0.12035281308136254,44.46756106611231,44.58791387919367,761.3047401863088,6.217248937900877e-15,805.8926540655025,3.012437,753.122434,0.0,756.134871
2026-07-16_ttft_component_regression/phase1/input6000_rate5p0_reuse00_seed1,214,3094.890180018872,29.95920336988231,3124.849383388754,761.3047401863088,6.217248937900877e-15,3886.154123575063,5365.226411,765.423354,0.0,6130.649765
2026-07-16_ttft_component_regression/phase1/input6000_rate5p0_reuse00_seed1,257,0.5291073538849663,48.143074677926535,48.6721820318115,761.3047401863088,6.217248937900877e-15,809.9769222181203,444.708968,1021.762323,0.0,1466.471291
2026-07-16_ttft_component_regression/phase1/input6000_rate5p0_reuse00_seed1,256,0.12376771928240511,44.50968816449938,44.633455883781785,761.3047401863088,6.217248937900877e-15,805.9381960700906,15.328061,760.653784,0.0,775.981845
2026-07-16_ttft_component_regression/phase1/input6000_rate5p0_reuse00_seed1,266,16.26551567644576,29.937518014608834,46.20303369105459,761.3047401863088,6.217248937900877e-15,807.5077738773633,46.782084,772.020185,0.0,818.802269
2026-07-16_ttft_component_regression/phase1/input6000_rate5p0_reuse00_seed1,11,0.0,21.944970279233612,21.944970279233612,761.3047401863088,6.217248937900877e-15,783.2497104655424,25.040853,930.749287,0.0,955.79014
2026-07-16_ttft_component_regression/phase1/input6000_rate5p0_reuse00_seed1,5,0.016257080661835507,12.778298389487027,12.794555470148863,761.3047401863088,6.217248937900877e-15,774.0992956564577,432.011399,957.083809,0.0,1389.095208
2026-07-16_ttft_component_regression/phase1/input6000_rate5p0_reuse00_seed1,4,0.0,1.1324481661996886,1.1324481661996886,761.3047401863088,6.217248937900877e-15,762.4371883525084,0.147115,689.692786,0.0,689.839901
2026-07-16_ttft_component_regression/phase1/input6000_rate5p0_reuse00_seed1,29,0.0,21.64496381026258,21.64496381026258,761.3047401863088,6.217248937900877e-15,782.9497039965713,3.348649,706.068524,0.0,709.417173
2026-07-16_ttft_component_regression/phase1/input6000_rate5p0_reuse00_seed1,41,0.011230921348104822,21.90287199359777,21.914102914945875,761.3047401863088,6.217248937900877e-15,783.2188431012546,19.421418,711.022798,0.0,730.444216
2026-07-16_ttft_component_regression/phase1/input6000_rate5p0_reuse00_seed1,70,0.0,33.92444105644713,33.92444105644713,761.3047401863088,6.217248937900877e-15,795.2291812427559,23.754457,729.916354,0.0,753.670811
2026-07-16_ttft_component_regression/phase1/input6000_rate5p0_reuse00_seed1,54,0.037813714082834446,25.795400074606714,25.833213788689548,761.3047401863088,6.217248937900877e-15,787.1379539749984,14.5702,717.846098,0.0,732.416298
2026-07-16_ttft_component_regression/phase1/input6000_rate5p0_reuse00_seed1,59,0.0,30.56021463983524,30.56021463983524,761.3047401863088,6.217248937900877e-15,791.8649548261441,22.530083,724.028938,0.0,746.559021
2026-07-16_ttft_component_regression/phase1/input6000_rate5p0_reuse00_seed1,92,0.07493636987535775,35.86284773901112,35.93778410888648,761.3047401863088,6.217248937900877e-15,797.2425242951953,122.027946,748.415468,0.0,870.443414
2026-07-16_ttft_component_regression/phase1/input6000_rate5p0_reuse00_seed1,78,0.0,32.04772542592169,32.04772542592169,761.3047401863088,6.217248937900877e-15,793.3524656122305,4.40193,740.544666,0.0,744.946596
2026-07-16_ttft_component_regression/phase1/input6000_rate5p0_reuse00_seed1,106,0.5199619566334172,39.10940390932563,39.629365865959045,761.3047401863088,6.217248937900877e-15,800.9341060522678,22.946483,771.292135,0.0,794.238618
2026-07-16_ttft_component_regression/phase1/input6000_rate5p0_reuse00_seed1,79,0.0,33.87707146007504,33.87707146007504,761.3047401863088,6.217248937900877e-15,795.1818116463838,408.956959,990.436094,0.0,1399.393053
2026-07-16_ttft_component_regression/phase1/input6000_rate5p0_reuse00_seed1,89,0.0,33.89331981133252,33.89331981133252,761.3047401863088,6.217248937900877e-15,795.1980599976413,24.539934,735.048277,0.0,759.588211
2026-07-16_ttft_component_regression/phase1/input6000_rate5p0_reuse00_seed1,109,867.4810065586722,44.50864359421809,911.9896501528904,761.3047401863088,6.217248937900877e-15,1673.2943903391993,550.296209,762.250951,0.0,1312.54716
2026-07-16_ttft_component_regression/phase1/input6000_rate5p0_reuse00_seed1,114,6581.5030581508845,44.4680955556611,6625.971153706546,761.3047401863088,6.217248937900877e-15,7387.275893892855,6302.757078,769.573345,0.0,7072.330423
2026-07-16_ttft_component_regression/phase1/input6000_rate5p0_reuse00_seed1,110,6710.431941753885,44.48191501928764,6754.913856773173,761.3047401863088,6.217248937900877e-15,7516.218596959482,6393.481455,760.540033,0.0,7154.021488
2026-07-16_ttft_component_regression/phase1/input6000_rate5p0_reuse00_seed1,128,6310.014449343043,42.793738218093765,6352.808187561137,761.3047401863088,6.217248937900877e-15,7114.112927747446,7305.059855,770.561731,0.0,8075.621586
2026-07-16_ttft_component_regression/phase1/input6000_rate5p0_reuse00_seed1,115,7224.134000877945,44.50864359421809,7268.642644472164,761.3047401863088,6.217248937900877e-15,8029.947384658472,9331.305104000001,775.42566,0.0,10106.730764
2026-07-16_ttft_component_regression/phase1/input6000_rate5p0_reuse00_seed1,200,5679.319987496295,46.924309775066845,5726.244297271362,761.3047401863088,6.217248937900877e-15,6487.54903745767,4622.792351,770.158097,0.0,5392.950448
2026-07-16_ttft_component_regression/phase1/input6000_rate5p0_reuse00_seed1,135,6382.19950243911,42.8302492075813,6425.029751646691,761.3047401863088,6.217248937900877e-15,7186.334491832999,8577.764367000002,773.94237,0.0,9351.706737
2026-07-16_ttft_component_regression/phase1/input6000_rate5p0_reuse00_seed1,207,6092.630908087743,52.97279010560552,6145.6036981933485,761.3047401863088,6.217248937900877e-15,6906.908438379657,6001.516677,760.127052,0.0,6761.643729
2026-07-16_ttft_component_regression/phase1/input6000_rate5p0_reuse00_seed1,137,6952.928777663765,42.84297744328935,6995.771755107055,761.3047401863088,6.217248937900877e-15,7757.076495293363,11564.105413,760.954523,0.0,12325.059936
2026-07-16_ttft_component_regression/phase1/input6000_rate5p0_reuse00_seed1,167,6897.289464455348,44.543384976850454,6941.832849432199,761.3047401863088,6.217248937900877e-15,7703.137589618507,8581.21356,758.781097,0.0,9339.994657
2026-07-16_ttft_component_regression/phase1/input6000_rate5p0_reuse00_seed1,213,4017.0936077666465,30.011902012013863,4047.1055097786602,761.3047401863088,6.217248937900877e-15,4808.410249964969,12030.294184,770.232333,0.0,12800.526517
2026-07-16_ttft_component_regression/phase1/input6000_rate5p0_reuse00_seed1,235,3860.3711656330197,30.001549076760433,3890.37271470978,761.3047401863088,6.217248937900877e-15,4651.677454896089,9890.71371,764.033566,0.0,10654.747276
2026-07-16_ttft_component_regression/phase1/input6000_rate5p0_reuse00_seed1,209,5192.045070464586,39.937900897948,5231.982971362534,761.3047401863088,6.217248937900877e-15,5993.287711548843,8720.031952,761.943479,0.0,9481.975431
2026-07-16_ttft_component_regression/phase1/input6000_rate5p0_reuse00_seed1,211,5441.453346219024,39.93540107554136,5481.388747294565,761.3047401863088,6.217248937900877e-15,6242.693487480874,11112.469555000001,760.820857,0.0,11873.290412
2026-07-16_ttft_component_regression/phase1/input6000_rate5p0_reuse00_seed1,223,7212.954768765771,53.034981409493476,7265.989750175265,761.3047401863088,6.217248937900877e-15,8027.2944903615735,9807.68247,768.359234,0.0,10576.041704
2026-07-16_ttft_component_regression/phase1/input6000_rate5p0_reuse00_seed1,237,4085.6692281971254,30.011902012013863,4115.681130209139,761.3047401863088,6.217248937900877e-15,4876.985870395448,16267.751845,759.967495,0.0,17027.71934
2026-07-16_ttft_component_regression/phase1/input6000_rate5p0_reuse00_seed1,280,5478.861812572256,39.898527177119064,5518.760339749375,761.3047401863088,6.217248937900877e-15,6280.065079935684,12217.039262999999,763.216668,0.0,12980.255931
2026-07-16_ttft_component_regression/phase1/input6000_rate5p0_reuse00_seed1,281,5495.979323563121,39.89576056611724,5535.8750841292385,761.3047401863088,6.217248937900877e-15,6297.179824315547,13709.071207,760.848344,0.0,14469.919551
2026-07-16_ttft_component_regression/phase1/input6000_rate5p0_reuse00_seed1,294,7219.174575871157,39.89576056611724,7259.070336437274,761.3047401863088,6.217248937900877e-15,8020.375076623583,13974.885567000001,767.64495,0.0,14742.530517
2026-07-16_ttft_component_regression/phase1/input6000_rate5p0_reuse00_seed1,246,7474.1183550305095,52.98317921875224,7527.101534249262,761.3047401863088,6.217248937900877e-15,8288.40627443557,14576.560758,761.802146,0.0,15338.362904
2026-07-16_ttft_component_regression/phase1/input6000_rate5p0_reuse00_seed1,259,5485.646473609894,39.914756886925936,5525.56123049682,761.3047401863088,6.217248937900877e-15,6286.865970683129,13141.722674999999,775.186462,0.0,13916.909137
2026-07-16_ttft_component_regression/phase1/input6000_rate5p0_reuse00_seed1,297,10179.605635697708,39.898527177119064,10219.504162874828,761.3047401863088,6.217248937900877e-15,10980.808903061137,15799.423777,773.000384,0.0,16572.424161
2026-07-16_ttft_component_regression/phase1/input6000_rate5p0_reuse00_seed1,9,0.0,1.0886326782416407,1.0886326782416407,761.3047401863088,6.217248937900877e-15,762.3933728645504,0.012364,676.342498,0.0,676.354862
2026-07-16_ttft_component_regression/phase1/input6000_rate5p0_reuse00_seed1,16,0.01650995814463767,12.760530745463873,12.777040703608511,761.3047401863088,6.217248937900877e-15,774.0817808899172,0.879885,694.048684,0.0,694.928569
2026-07-16_ttft_component_regression/phase1/input6000_rate5p0_reuse00_seed1,49,0.0,21.635286274672744,21.635286274672744,761.3047401863088,6.217248937900877e-15,782.9400264609815,16.118921,706.671148,0.0,722.790069
2026-07-16_ttft_component_regression/phase1/input6000_rate5p0_reuse00_seed1,73,0.49132693907774183,743.4254382479307,743.9167651870085,761.3047401863088,6.217248937900877e-15,1505.2215053733173,1088.486676,949.085425,0.0,2037.572101
2026-07-16_ttft_component_regression/phase1/input6000_rate5p0_reuse00_seed1,57,0.0378063574419717,25.80633316645837,25.844139523900342,761.3047401863088,6.217248937900877e-15,787.1488797102091,455.889166,991.511203,0.0,1447.400369
2026-07-16_ttft_component_regression/phase1/input6000_rate5p0_reuse00_seed1,80,5884.64898023512,42.53365254015228,5927.182632775272,761.3047401863088,6.217248937900877e-15,6688.487372961581,1620.088921,749.897114,0.0,2369.986035
2026-07-16_ttft_component_regression/phase1/input6000_rate5p0_reuse00_seed1,56,0.011446589438806196,21.92243510876323,21.933881698202036,761.3047401863088,6.217248937900877e-15,783.2386218845108,18.190831,723.786936,0.0,741.977767
2026-07-16_ttft_component_regression/phase1/input6000_rate5p0_reuse00_seed1,72,0.08691239055064118,38.11476059464903,38.20167298519967,761.3047401863088,6.217248937900877e-15,799.5064131715085,656.446102,1038.196419,0.0,1694.642521
2026-07-16_ttft_component_regression/phase1/input6000_rate5p0_reuse00_seed1,40,0.0,21.89760757518474,21.89760757518474,761.3047401863088,6.217248937900877e-15,783.2023477614936,8.071796,701.040026,0.0,709.111822
2026-07-16_ttft_component_regression/phase1/input6000_rate5p0_reuse00_seed1,71,0.0,35.92303233203265,35.92303233203265,761.3047401863088,6.217248937900877e-15,797.2277725183415,670.500057,1025.15007,0.0,1695.650127
2026-07-16_ttft_component_regression/phase1/input6000_rate5p0_reuse00_seed1,64,0.0,30.612117643690613,30.612117643690613,761.3047401863088,6.217248937900877e-15,791.9168578299993,311.496671,1004.005907,0.0,1315.502578
2026-07-16_ttft_component_regression/phase1/input6000_rate5p0_reuse00_seed1,65,0.0,574.8692340771538,574.8692340771538,761.3047401863088,6.217248937900877e-15,1336.1739742634627,999.536393,1015.276046,0.0,2014.812439
2026-07-16_ttft_component_regression/phase1/input6000_rate5p0_reuse00_seed1,81,6098.630791163455,42.57396967550339,6141.2047608389585,761.3047401863088,6.217248937900877e-15,6902.509501025267,7747.356081,765.637994,0.0,8512.994075
2026-07-16_ttft_component_regression/phase1/input6000_rate5p0_reuse00_seed1,83,6983.706495502979,42.52453657320759,7026.231032076187,761.3047401863088,6.217248937900877e-15,7787.535772262496,14946.405788,770.160871,0.0,15716.566659
2026-07-16_ttft_component_regression/phase1/input6000_rate5p0_reuse00_seed1,94,6981.208322211791,42.52453657320759,7023.732858784999,761.3047401863088,6.217248937900877e-15,7785.0375989713075,14582.26442,766.683837,0.0,15348.948257
2026-07-16_ttft_component_regression/phase1/input6000_rate5p0_reuse00_seed1,120,7532.340221821987,44.51189862626408,7576.852120448251,761.3047401863088,6.217248937900877e-15,8338.15686063456,17243.831393999997,768.235076,0.0,18012.06647
2026-07-16_ttft_component_regression/phase1/input6000_rate5p0_reuse00_seed1,108,7571.081477050451,44.53102356835884,7615.61250061881,761.3047401863088,6.217248937900877e-15,8376.91724080512,17054.945242,760.796893,0.0,17815.742135
2026-07-16_ttft_component_regression/phase1/input6000_rate5p0_reuse00_seed1,90,7059.867429501135,42.562827212475966,7102.430256713611,761.3047401863088,6.217248937900877e-15,7863.73499689992,14228.343397999999,766.817024,0.0,14995.160422
2026-07-16_ttft_component_regression/phase1/input6000_rate5p0_reuse00_seed1,140,7193.526785098588,42.84923069759211,7236.376015796181,761.3047401863088,6.217248937900877e-15,7997.680755982489,15539.571793000001,771.156835,0.0,16310.728628
2026-07-16_ttft_component_regression/phase1/input6000_rate5p0_reuse00_seed1,104,7246.892391841354,42.87349823985986,7289.765890081214,761.3047401863088,6.217248937900877e-15,8051.070630267523,19267.268392,763.06238,0.0,20030.330772
2026-07-16_ttft_component_regression/phase1/input6000_rate5p0_reuse00_seed1,96,7147.187342856055,41.167126537709876,7188.354469393765,761.3047401863088,6.217248937900877e-15,7949.659209580073,16134.2934,760.066948,0.0,16894.360348
2026-07-16_ttft_component_regression/phase1/input6000_rate5p0_reuse00_seed1,102,7306.399471381107,42.89090850359777,7349.290379884705,761.3047401863088,6.217248937900877e-15,8110.595120071013,16274.500078,762.874533,0.0,17037.374611
2026-07-16_ttft_component_regression/phase1/input6000_rate5p0_reuse00_seed1,146,7294.658719438676,42.88805420922871,7337.546773647904,761.3047401863088,6.217248937900877e-15,8098.851513834213,16729.247094,766.278704,0.0,17495.525798
2026-07-16_ttft_component_regression/phase1/input6000_rate5p0_reuse00_seed1,148,7502.969893663017,44.527884499475675,7547.497778162492,761.3047401863088,6.217248937900877e-15,8308.8025183488,22587.340618,765.330002,0.0,23352.67062
2026-07-16_ttft_component_regression/phase1/input6000_rate5p0_reuse00_seed1,151,7422.277689593214,44.51189862626408,7466.789588219478,761.3047401863088,6.217248937900877e-15,8228.094328405787,25127.763293999997,763.334105,0.0,25891.097399
2026-07-16_ttft_component_regression/phase1/input6000_rate5p0_reuse00_seed1,154,7407.204196109742,44.52154814955958,7451.725744259302,761.3047401863088,6.217248937900877e-15,8213.030484445611,26572.977246,762.427632,0.0,27335.404878
2026-07-16_ttft_component_regression/phase1/input6000_rate5p0_reuse00_seed1,171,7354.087853150423,44.55839563360662,7398.64624878403,761.3047401863088,6.217248937900877e-15,8159.950988970339,30522.342722,763.520399,0.0,31285.863121
2026-07-16_ttft_component_regression/phase1/input6000_rate5p0_reuse00_seed1,158,7006.737080078035,42.8554096777852,7049.592489755821,761.3047401863088,6.217248937900877e-15,7810.897229942129,29714.936707,763.896889,0.0,30478.833596
2026-07-16_ttft_component_regression/phase1/input6000_rate5p0_reuse00_seed1,178,8107.607374734526,54.716910707817036,8162.324285442343,761.3047401863088,6.217248937900877e-15,8923.629025628652,34426.802289,765.58923,0.0,35192.391519
2026-07-16_ttft_component_regression/phase1/input6000_rate5p0_reuse00_seed1,177,8147.37599548425,54.720387245966045,8202.096382730217,761.3047401863088,6.217248937900877e-15,8963.401122916526,33610.921898,773.87034,0.0,34384.792238
2026-07-16_ttft_component_regression/phase1/input6000_rate5p0_reuse00_seed1,165,7453.971758157934,44.595099335839365,7498.566857493774,761.3047401863088,6.217248937900877e-15,8259.871597680083,30156.324674000003,761.404128,0.0,30917.728802
2026-07-16_ttft_component_regression/phase1/input6000_rate5p0_reuse00_seed1,196,7930.234314888499,47.07132007403252,7977.305634962532,761.3047401863088,6.217248937900877e-15,8738.61037514884,32337.005821,759.932844,0.0,33096.938665
2026-07-16_ttft_component_regression/phase1/input6000_rate5p0_reuse00_seed1,175,7895.92819075018,47.02443894731023,7942.95262969749,761.3047401863088,6.217248937900877e-15,8704.257369883799,31559.859316000002,774.17731,0.0,32334.036626
2026-07-16_ttft_component_regression/phase1/input6000_rate5p0_reuse00_seed1,232,8702.206877431292,29.997314700169557,8732.204192131461,761.3047401863088,6.217248937900877e-15,9493.50893231777,32123.865747999997,1029.828084,0.0,33153.693832
2026-07-16_ttft_component_regression/phase1/input6000_rate5p0_reuse00_seed1,219,11966.718923147158,39.94284639480208,12006.66176954196,761.3047401863088,6.217248937900877e-15,12767.96650972827,34981.811437000004,771.221558,0.0,35753.032995
2026-07-16_ttft_component_regression/phase1/input6000_rate5p0_reuse00_seed1,201,16115.915166456547,47.06885117315224,16162.984017629698,761.3047401863088,6.217248937900877e-15,16924.288757816008,37123.329695,774.510864,0.0,37897.840559
2026-07-16_ttft_component_regression/phase1/input6000_rate5p0_reuse00_seed1,236,9455.822565806673,30.009858150540502,9485.832423957214,761.3047401863088,6.217248937900877e-15,10247.137164143523,34684.383571,769.216203,0.0,35453.599774
2026-07-16_ttft_component_regression/phase1/input6000_rate5p0_reuse00_seed1,241,17483.88033401417,52.929137086338,17536.80947110051,761.3047401863088,6.217248937900877e-15,18298.11421128682,42852.350102000004,759.325114,0.0,43611.675216
2026-07-16_ttft_component_regression/phase1/input6000_rate5p0_reuse00_seed1,253,17515.411095264844,52.93664372653683,17568.347738991382,761.3047401863088,6.217248937900877e-15,18329.65247917769,40965.806002,762.023131,0.0,41727.829133
2026-07-16_ttft_component_regression/phase1/input6000_rate5p0_reuse00_seed1,238,9666.323034825522,30.02191967561154,9696.344954501134,761.3047401863088,6.217248937900877e-15,10457.649694687443,38418.869733,761.598089,0.0,39180.467822
2026-07-16_ttft_component_regression/phase1/input6000_rate5p0_reuse00_seed1,240,17656.463627361536,52.979739671385424,17709.44336703292,761.3047401863088,6.217248937900877e-15,18470.748107219228,38662.38363800001,773.200986,0.0,39435.584624
2026-07-16_ttft_component_regression/phase1/input6000_rate5p0_reuse00_seed1,263,12845.6850334973,39.85520160746647,12885.540235104767,761.3047401863088,6.217248937900877e-15,13646.844975291076,43069.847994,774.013472,0.0,43843.861466
2026-07-16_ttft_component_regression/phase1/input6000_rate5p0_reuse00_seed1,254,17715.81165313963,52.98317921875224,17768.79483235838,761.3047401863088,6.217248937900877e-15,18530.09957254469,42184.661551,774.282391,0.0,42958.943942
2026-07-16_ttft_component_regression/phase1/input6000_rate5p0_reuse00_seed1,274,7099.73988005241,22.494656787327898,7122.234536839737,761.3047401863088,6.217248937900877e-15,7883.539277026046,44362.178106,759.17951,0.0,45121.357616
2026-07-16_ttft_component_regression/phase1/input6000_rate5p0_reuse00_seed1,264,13003.408887542762,39.89576056611724,13043.30464810888,761.3047401863088,6.217248937900877e-15,13804.60938829519,43884.428202,718.423058,0.0,44602.85126
2026-07-16_ttft_component_regression/phase1/input6000_rate5p0_reuse00_seed1,296,12823.129368357588,39.8491320523308,12862.97850040992,761.3047401863088,6.217248937900877e-15,13624.283240596229,49172.424528,771.730381,0.0,49944.154909
2026-07-16_ttft_component_regression/phase1/input6000_rate5p0_reuse00_seed1,286,12983.982782264757,39.890174779072254,13023.872957043828,761.3047401863088,6.217248937900877e-15,13785.177697230138,45076.082101,758.490373,0.0,45834.572474
2026-07-16_ttft_component_regression/phase1/input6000_rate5p0_reuse00_seed1,284,12995.26529937381,39.89297642283811,13035.158275796648,761.3047401863088,6.217248937900877e-15,13796.463015982958,44358.800405,766.79564,0.0,45125.596045
2026-07-16_ttft_component_regression/phase1/input6000_rate5p0_reuse00_seed1,298,12883.324248890573,39.86713543110864,12923.19138432168,761.3047401863088,6.217248937900877e-15,13684.49612450799,53073.024568,762.172772,0.0,53835.19734
2026-07-16_ttft_component_regression/phase1/input6000_rate5p0_reuse00_seed1,19,0.0,1.0666312350175788,1.0666312350175788,761.3047401863088,6.217248937900877e-15,762.3713714213263,0.036519,676.342498,0.0,676.379017
2026-07-16_ttft_component_regression/phase1/input6000_rate5p0_reuse00_seed1,30,0.016879284907745845,12.73277272349536,12.749652008403107,761.3047401863088,6.217248937900877e-15,774.0543921947119,15.674736,694.644396,0.0,710.319132
2026-07-16_ttft_component_regression/phase1/input6000_rate5p0_reuse00_seed1,52,0.013585076625870355,22.120558160941734,22.134143237567603,761.3047401863088,6.217248937900877e-15,783.4388834238764,21.992466,710.268142,0.0,732.260608
2026-07-16_ttft_component_regression/phase1/input6000_rate5p0_reuse00_seed1,33,0.0,21.93312199484345,21.93312199484345,761.3047401863088,6.217248937900877e-15,783.2378621811522,0.918668,699.999898,0.0,700.918566
2026-07-16_ttft_component_regression/phase1/input6000_rate5p0_reuse00_seed1,75,0.015245229959369975,20.87239601125522,20.887641241214588,761.3047401863088,6.217248937900877e-15,782.1923814275234,2.231861,723.691416,0.0,725.923277
2026-07-16_ttft_component_regression/phase1/input6000_rate5p0_reuse00_seed1,98,0.0,28.01176326036231,28.01176326036231,761.3047401863088,6.217248937900877e-15,789.316503446671,18.594979,724.347306,0.0,742.942285
2026-07-16_ttft_component_regression/phase1/input6000_rate5p0_reuse00_seed1,76,0.03903249770007483,24.67642046312819,24.715452960828262,761.3047401863088,6.217248937900877e-15,786.0201931471371,98.130463,961.968772,0.0,1060.099235
2026-07-16_ttft_component_regression/phase1/input6000_rate5p0_reuse00_seed1,47,0.0,21.711313393473457,21.711313393473457,761.3047401863088,6.217248937900877e-15,783.0160535797822,2.690932,706.33166,0.0,709.022592
2026-07-16_ttft_component_regression/phase1/input6000_rate5p0_reuse00_seed1,127,0.0,34.19860675932252,34.19860675932252,761.3047401863088,6.217248937900877e-15,795.5033469456313,37.790632,735.695445,0.0,773.486077
2026-07-16_ttft_component_regression/phase1/input6000_rate5p0_reuse00_seed1,103,0.0,32.34252262626909,32.34252262626909,761.3047401863088,6.217248937900877e-15,793.6472628125779,12.58511,730.14253,0.0,742.72764
2026-07-16_ttft_component_regression/phase1/input6000_rate5p0_reuse00_seed1,142,0.0,34.195702182650415,34.195702182650415,761.3047401863088,6.217248937900877e-15,795.5004423689592,4.751516,738.099364,0.0,742.85088
2026-07-16_ttft_component_regression/phase1/input6000_rate5p0_reuse00_seed1,145,0.12399551402512347,36.26046175861566,36.38445727264079,761.3047401863088,6.217248937900877e-15,797.6891974589496,159.479863,751.989835,0.0,911.469698
2026-07-16_ttft_component_regression/phase1/input6000_rate5p0_reuse00_seed1,147,0.5465286988311638,39.26157590694386,39.80810460577502,761.3047401863088,6.217248937900877e-15,801.1128447920838,243.032672,767.380831,0.0,1010.413503
2026-07-16_ttft_component_regression/phase1/input6000_rate5p0_reuse00_seed1,159,0.5291879225886177,39.162857611734196,39.692045534322816,761.3047401863088,6.217248937900877e-15,800.9967857206316,26.428702,765.642572,0.0,792.071274
2026-07-16_ttft_component_regression/phase1/input6000_rate5p0_reuse00_seed1,125,0.0,34.23428126220041,34.23428126220041,761.3047401863088,6.217248937900877e-15,795.5390214485092,14.473264,730.625314,0.0,745.098578
2026-07-16_ttft_component_regression/phase1/input6000_rate5p0_reuse00_seed1,202,2498.449186036319,46.96112243013338,2545.4103084664525,761.3047401863088,6.217248937900877e-15,3306.715048652761,1596.978279,763.162112,0.0,2360.140391
2026-07-16_ttft_component_regression/phase1/input6000_rate5p0_reuse00_seed1,164,2205.2950423523926,44.53102356835884,2249.8260659207513,761.3047401863088,6.217248937900877e-15,3011.13080610706,2072.461433,765.856492,0.0,2838.317925
2026-07-16_ttft_component_regression/phase1/input6000_rate5p0_reuse00_seed1,203,4987.442588974568,46.97703455606352,5034.419623530632,761.3047401863088,6.217248937900877e-15,5795.72436371694,3447.072367,763.092989,0.0,4210.165356
2026-07-16_ttft_component_regression/phase1/input6000_rate5p0_reuse00_seed1,228,3094.965938291508,29.970802844639838,3124.9367411361477,761.3047401863088,6.217248937900877e-15,3886.2414813224564,5121.761273,764.426453,0.0,5886.187726
2026-07-16_ttft_component_regression/phase1/input6000_rate5p0_reuse00_seed1,224,4598.411901945728,52.97279010560552,4651.384692051333,761.3047401863088,6.217248937900877e-15,5412.689432237642,3674.497015,759.849772,0.0,4434.346787
2026-07-16_ttft_component_regression/phase1/input6000_rate5p0_reuse00_seed1,215,4404.401199171699,53.013070574323656,4457.414269746023,761.3047401863088,6.217248937900877e-15,5218.719009932332,3484.775405,765.876293,0.0,4250.651698
2026-07-16_ttft_component_regression/phase1/input6000_rate5p0_reuse00_seed1,265,0.18284843261136627,36.61582686856659,36.79867530117796,761.3047401863088,6.217248937900877e-15,798.1034154874867,206.599643,763.344049,0.0,969.943692
2026-07-16_ttft_component_regression/phase1/input6000_rate5p0_reuse00_seed1,248,3115.8832865512545,52.96219020593905,3168.8454767571934,761.3047401863088,6.217248937900877e-15,3930.150216943502,2064.635009,760.632067,0.0,2825.267076
2026-07-16_ttft_component_regression/phase1/input6000_rate5p0_reuse00_seed1,249,3762.836363739066,52.96928017072078,3815.805643909787,761.3047401863088,6.217248937900877e-15,4577.110384096096,2823.516931,762.763194,0.0,3586.280125
2026-07-16_ttft_component_regression/phase1/input6000_rate5p0_reuse00_seed1,290,0.0,33.820607702789935,33.820607702789935,761.3047401863088,6.217248937900877e-15,795.1253478890987,14.68833,751.774673,0.0,766.463003
2026-07-16_ttft_component_regression/phase1/input6000_rate5p0_reuse00_seed1,1,0.0,1.062224097486187,1.062224097486187,761.3047401863088,6.217248937900877e-15,762.3669642837949,0.738462,689.692786,0.0,690.431248
2026-07-16_ttft_component_regression/phase1/input6000_rate5p0_reuse00_seed1,3,0.016939656498073163,12.72801661012384,12.744956266621912,761.3047401863088,6.217248937900877e-15,774.0496964529307,336.56417,927.033461,0.0,1263.597631
2026-07-16_ttft_component_regression/phase1/input6000_rate5p0_reuse00_seed1,14,0.0,21.944970279233612,21.944970279233612,761.3047401863088,6.217248937900877e-15,783.2497104655424,18.287005,712.693798,0.0,730.980803
2026-07-16_ttft_component_regression/phase1/input6000_rate5p0_reuse00_seed1,15,0.0,21.64823842009401,21.64823842009401,761.3047401863088,6.217248937900877e-15,782.9529786064028,392.716127,946.384772,0.0,1339.100899
2026-07-16_ttft_component_regression/phase1/input6000_rate5p0_reuse00_seed1,24,0.012733867042056998,22.04077200989653,22.053505876938587,761.3047401863088,6.217248937900877e-15,783.3582460632474,3.821148,709.47563,0.0,713.296778
2026-07-16_ttft_component_regression/phase1/input6000_rate5p0_reuse00_seed1,32,0.03765208894819044,25.95867088170431,25.9963229706525,761.3047401863088,6.217248937900877e-15,787.3010631569613,9.656537,717.098578,0.0,726.755115
2026-07-16_ttft_component_regression/phase1/input6000_rate5p0_reuse00_seed1,44,0.0,33.96033362334864,33.96033362334864,761.3047401863088,6.217248937900877e-15,795.2650738096575,333.026307,980.895983,0.0,1313.92229
2026-07-16_ttft_component_regression/phase1/input6000_rate5p0_reuse00_seed1,61,0.0,35.88742787321762,35.88742787321762,761.3047401863088,6.217248937900877e-15,797.1921680595264,8.912188,735.238997,0.0,744.151185
2026-07-16_ttft_component_regression/phase1/input6000_rate5p0_reuse00_seed1,42,0.0,30.68240411425596,30.68240411425596,761.3047401863088,6.217248937900877e-15,791.9871443005648,20.35161,735.892318,0.0,756.243928
2026-07-16_ttft_component_regression/phase1/input6000_rate5p0_reuse00_seed1,69,0.08135434158182811,38.05510795184073,38.13646229342256,761.3047401863088,6.217248937900877e-15,799.4412024797314,24.190221,743.646264,0.0,767.836485
2026-07-16_ttft_component_regression/phase1/input6000_rate5p0_reuse00_seed1,99,4281.261651768455,41.18319430624525,4322.4448460747,761.3047401863088,6.217248937900877e-15,5083.7495862610085,2989.221734,763.817047,0.0,3753.038781
2026-07-16_ttft_component_regression/phase1/input6000_rate5p0_reuse00_seed1,84,0.0900979425112113,36.017323368634244,36.10742131114546,761.3047401863088,6.217248937900877e-15,797.4121614974542,16.737332,744.754296,0.0,761.491628
2026-07-16_ttft_component_regression/phase1/input6000_rate5p0_reuse00_seed1,113,1654.1001953089544,44.59239635001534,1698.6925916589698,761.3047401863088,6.217248937900877e-15,2459.9973318452785,1024.410058,764.69358,0.0,1789.103638
2026-07-16_ttft_component_regression/phase1/input6000_rate5p0_reuse00_seed1,131,0.0,34.10803389666697,34.10803389666697,761.3047401863088,6.217248937900877e-15,795.4127740829757,2.50938,741.991446,0.0,744.500826
2026-07-16_ttft_component_regression/phase1/input6000_rate5p0_reuse00_seed1,95,0.5173825428297936,39.0875793145554,39.60496185738519,761.3047401863088,6.217248937900877e-15,800.909702043694,19.627869,756.083024,0.0,775.710893
2026-07-16_ttft_component_regression/phase1/input6000_rate5p0_reuse00_seed1,138,0.0,34.147879797940135,34.147879797940135,761.3047401863088,6.217248937900877e-15,795.4526199842489,2.464064,742.842957,0.0,745.307021
2026-07-16_ttft_component_regression/phase1/input6000_rate5p0_reuse00_seed1,188,0.809569266563175,50.122181114945,50.931750381508174,761.3047401863088,6.217248937900877e-15,812.236490567817,241.131307,736.74263,0.0,977.873937
2026-07-16_ttft_component_regression/phase1/input6000_rate5p0_reuse00_seed1,185,0.3125856680081132,46.29391591204745,46.606501580055564,761.3047401863088,6.217248937900877e-15,807.9112417663644,25.382991,749.598152,0.0,774.981143
2026-07-16_ttft_component_regression/phase1/input6000_rate5p0_reuse00_seed1,218,0.0,30.052155652342556,30.052155652342556,761.3047401863088,6.217248937900877e-15,791.3568958386513,1.77929,739.916874,0.0,741.696164
2026-07-16_ttft_component_regression/phase1/input6000_rate5p0_reuse00_seed1,182,0.09618824964367062,43.64278743125462,43.738975680898285,761.3047401863088,6.217248937900877e-15,805.0437158672071,7.790856,747.27563,0.0,755.066486
2026-07-16_ttft_component_regression/phase1/input6000_rate5p0_reuse00_seed1,227,0.0,22.535471993655836,22.535471993655836,761.3047401863088,6.217248937900877e-15,783.8402121799646,17.821865,750.560071,0.0,768.381936
2026-07-16_ttft_component_regression/phase1/input6000_rate5p0_reuse00_seed1,229,0.0,23.818661493541065,23.818661493541065,761.3047401863088,6.217248937900877e-15,785.1234016798498,385.801582,1003.197547,0.0,1388.999129
2026-07-16_ttft_component_regression/phase1/input6000_rate5p0_reuse00_seed1,239,0.0,42.231579462901806,42.231579462901806,761.3047401863088,6.217248937900877e-15,803.5363196492106,6.970593,758.763091,0.0,765.733684
2026-07-16_ttft_component_regression/phase1/input6000_rate5p0_reuse00_seed1,245,0.0,42.22819416981793,42.22819416981793,761.3047401863088,6.217248937900877e-15,803.5329343561267,2.008739,758.361493,0.0,760.370232
2026-07-16_ttft_component_regression/phase1/input6000_rate5p0_reuse00_seed1,260,0.17565460004153186,36.566726678226345,36.74238127826788,761.3047401863088,6.217248937900877e-15,798.0471214645767,3.638914,767.288093,0.0,770.927007
2026-07-16_ttft_component_regression/phase1/input6000_rate5p0_reuse00_seed1,255,0.14645948534869613,44.78438110558009,44.93084059092878,761.3047401863088,6.217248937900877e-15,806.2355807772376,19.628691,765.182354,0.0,784.811045
2026-07-16_ttft_component_regression/phase1/input6000_rate5p0_reuse00_seed1,261,2008.1138827092007,30.033494088841824,2038.1473767980424,761.3047401863088,6.217248937900877e-15,2799.452116984351,3244.813527,771.130129,0.0,4015.943656
2026-07-16_ttft_component_regression/phase1/input6000_rate5p0_reuse00_seed1,277,2629.3046563525863,22.513552015254586,2651.8182083678407,761.3047401863088,6.217248937900877e-15,3413.1229485541494,6656.688207,762.761823,0.0,7419.45003
2026-07-16_ttft_component_regression/phase1/input6000_rate5p0_reuse00_seed1,276,1933.326282030839,22.52675928716697,1955.8530413180058,761.3047401863088,6.217248937900877e-15,2717.1577815043147,3883.5337299999997,773.296566,0.0,4656.830296
2026-07-16_ttft_component_regression/phase1/input6000_rate5p0_reuse00_seed1,287,6142.0568670111525,53.00659442803857,6195.063461439191,761.3047401863088,6.217248937900877e-15,6956.3682016255,5217.655785,773.95559,0.0,5991.611375
2026-07-16_ttft_component_regression/phase1/input6000_rate5p0_reuse00_seed1,12,0.0,1.0710361437039821,1.0710361437039821,761.3047401863088,6.217248937900877e-15,762.3757763300127,0.016903,676.342498,0.0,676.359401
2026-07-16_ttft_component_regression/phase1/input6000_rate5p0_reuse00_seed1,31,0.017692908554605348,12.66278244270616,12.680475351260766,761.3047401863088,6.217248937900877e-15,773.9852155375695,5.791894,694.997132,0.0,700.789026
2026-07-16_ttft_component_regression/phase1/input6000_rate5p0_reuse00_seed1,35,0.0,22.06341918330807,22.06341918330807,761.3047401863088,6.217248937900877e-15,783.3681593696168,10.562533,700.26697,0.0,710.829503
2026-07-16_ttft_component_regression/phase1/input6000_rate5p0_reuse00_seed1,45,0.0,21.555685791733826,21.555685791733826,761.3047401863088,6.217248937900877e-15,782.8604259780426,10.627238,719.401519,0.0,730.028757
2026-07-16_ttft_component_regression/phase1/input6000_rate5p0_reuse00_seed1,62,0.00916819367338766,21.71936312310178,21.728531316775168,761.3047401863088,6.217248937900877e-15,783.0332715030839,17.345291,709.90267,0.0,727.247961
2026-07-16_ttft_component_regression/phase1/input6000_rate5p0_reuse00_seed1,77,0.0,33.83037033963972,33.83037033963972,761.3047401863088,6.217248937900877e-15,795.1351105259484,20.564472,733.720885,0.0,754.285357
2026-07-16_ttft_component_regression/phase1/input6000_rate5p0_reuse00_seed1,67,0.03786441095620892,25.597534728175663,25.635399139131874,761.3047401863088,6.217248937900877e-15,786.9401393254407,13.028174,729.397641,0.0,742.425815
2026-07-16_ttft_component_regression/phase1/input6000_rate5p0_reuse00_seed1,46,0.009386402765269286,21.738477242616927,21.747863645382196,761.3047401863088,6.217248937900877e-15,783.0526038316909,248.361786,953.595604,0.0,1201.95739
2026-07-16_ttft_component_regression/phase1/input6000_rate5p0_reuse00_seed1,74,0.0,32.04484742077369,32.04484742077369,761.3047401863088,6.217248937900877e-15,793.3495876070824,9.445419,728.51357,0.0,737.958989
2026-07-16_ttft_component_regression/phase1/input6000_rate5p0_reuse00_seed1,68,0.0,30.512271987257364,30.512271987257364,761.3047401863088,6.217248937900877e-15,791.8170121735661,307.73614,969.21254,0.0,1276.94868
2026-07-16_ttft_component_regression/phase1/input6000_rate5p0_reuse00_seed1,91,0.06301443747587067,35.738861771889496,35.80187620936537,761.3047401863088,6.217248937900877e-15,797.1066163956741,7.527585,742.998168,0.0,750.525753
2026-07-16_ttft_component_regression/phase1/input6000_rate5p0_reuse00_seed1,101,0.47025995771638146,37.438276105994404,37.908536063710784,761.3047401863088,6.217248937900877e-15,799.2132762500196,21.798425,753.735988,0.0,775.534413
2026-07-16_ttft_component_regression/phase1/input6000_rate5p0_reuse00_seed1,119,6503.272081955256,44.4680955556611,6547.740177510917,761.3047401863088,6.217248937900877e-15,7309.044917697226,6377.5701659999995,762.902533,0.0,7140.472699
2026-07-16_ttft_component_regression/phase1/input6000_rate5p0_reuse00_seed1,107,3082.7051936162707,44.464593661833966,3127.1697872781046,761.3047401863088,6.217248937900877e-15,3888.4745274644133,1897.872089,719.739804,0.0,2617.611893
2026-07-16_ttft_component_regression/phase1/input6000_rate5p0_reuse00_seed1,121,6776.438488194462,44.471578674013784,6820.910066868475,761.3047401863088,6.217248937900877e-15,7582.214807054784,7360.784475,775.629686,0.0,8136.414161
2026-07-16_ttft_component_regression/phase1/input6000_rate5p0_reuse00_seed1,152,6777.931004242823,44.48191501928764,6822.412919262111,761.3047401863088,6.217248937900877e-15,7583.71765944842,8832.811668,762.458219,0.0,9595.269887
2026-07-16_ttft_component_regression/phase1/input6000_rate5p0_reuse00_seed1,117,6578.857444297563,44.50864359421809,6623.366087891782,761.3047401863088,6.217248937900877e-15,7384.67082807809,6244.556289,760.122951,0.0,7004.67924
2026-07-16_ttft_component_regression/phase1/input6000_rate5p0_reuse00_seed1,126,6537.751824570753,42.85232948905227,6580.604154059805,761.3047401863088,6.217248937900877e-15,7341.908894246114,7813.99415,774.885196,0.0,8588.879346
2026-07-16_ttft_component_regression/phase1/input6000_rate5p0_reuse00_seed1,130,6540.999690751337,42.84923069759211,6583.848921448929,761.3047401863088,6.217248937900877e-15,7345.153661635238,8641.028038999999,773.914084,0.0,9414.942123
2026-07-16_ttft_component_regression/phase1/input6000_rate5p0_reuse00_seed1,190,7055.4315654033035,52.993356418034935,7108.424921821338,761.3047401863088,6.217248937900877e-15,7869.729662007647,9217.518065,758.440987,0.0,9975.959052
2026-07-16_ttft_component_regression/phase1/input6000_rate5p0_reuse00_seed1,180,7788.478611452474,54.716910707817036,7843.195522160291,761.3047401863088,6.217248937900877e-15,8604.5002623466,8594.480914000002,772.328399,0.0,9366.809313
2026-07-16_ttft_component_regression/phase1/input6000_rate5p0_reuse00_seed1,160,7030.703655459638,44.527884499475675,7075.231539959113,761.3047401863088,6.217248937900877e-15,7836.536280145422,9587.91283,761.916696,0.0,10349.829526
2026-07-16_ttft_component_regression/phase1/input6000_rate5p0_reuse00_seed1,189,6530.552369292977,53.02884160332936,6583.581210896306,761.3047401863088,6.217248937900877e-15,7344.885951082615,7474.781051000001,1030.31955,0.0,8505.100601
2026-07-16_ttft_component_regression/phase1/input6000_rate5p0_reuse00_seed1,233,3618.8388287781972,29.999438521697762,3648.838267299895,761.3047401863088,6.217248937900877e-15,4410.143007486204,7501.666833,760.543456,0.0,8262.210289
2026-07-16_ttft_component_regression/phase1/input6000_rate5p0_reuse00_seed1,195,8553.77226826513,54.71340978445849,8608.485678049588,761.3047401863088,6.217248937900877e-15,9369.790418235898,15786.80889,757.423538,0.0,16544.232428
2026-07-16_ttft_component_regression/phase1/input6000_rate5p0_reuse00_seed1,243,6137.24276015342,52.944058359261184,6190.186818512681,761.3047401863088,6.217248937900877e-15,6951.49155869899,6331.270329,759.071623,0.0,7090.341952
2026-07-16_ttft_component_regression/phase1/input6000_rate5p0_reuse00_seed1,288,2035.6332577613498,52.89422762980173,2088.5274853911515,761.3047401863088,6.217248937900877e-15,2849.83222557746,1461.953767,759.965738,0.0,2221.919505
2026-07-16_ttft_component_regression/phase1/input6000_rate5p0_reuse00_seed1,291,2284.565535034302,39.8612028189683,2324.42673785327,761.3047401863088,6.217248937900877e-15,3085.7314780395786,2167.549721,762.335695,0.0,2929.885416
2026-07-16_ttft_component_regression/phase1/input6000_rate5p0_reuse00_seed1,295,4558.594436458503,39.89297642283811,4598.487412881341,761.3047401863088,6.217248937900877e-15,5359.792153067649,5464.500341,765.384125,0.0,6229.884466
2026-07-16_ttft_component_regression/phase1/input6000_rate5p0_reuse00_seed1,10,0.0,21.927199376015803,21.927199376015803,761.3047401863088,6.217248937900877e-15,783.2319395623246,225.11059,939.212708,0.0,1164.323298
2026-07-16_ttft_component_regression/phase1/input6000_rate5p0_reuse00_seed1,2,0.0,1.1280787070773115,1.1280787070773115,761.3047401863088,6.217248937900877e-15,762.4328188933861,0.294013,676.342498,0.0,676.636511
2026-07-16_ttft_component_regression/phase1/input6000_rate5p0_reuse00_seed1,8,0.01593364453763702,12.799684159538225,12.815617804075863,761.3047401863088,6.217248937900877e-15,774.1203579903846,12.571946,707.239983,0.0,719.811929
2026-07-16_ttft_component_regression/phase1/input6000_rate5p0_reuse00_seed1,20,0.0,21.65820812335312,21.65820812335312,761.3047401863088,6.217248937900877e-15,782.9629483096619,14.61846,705.333452,0.0,719.951912
2026-07-16_ttft_component_regression/phase1/input6000_rate5p0_reuse00_seed1,55,0.03768003637339192,25.936994398162852,25.974674434536244,761.3047401863088,6.217248937900877e-15,787.279414620845,37.527569,717.984466,0.0,755.512035
2026-07-16_ttft_component_regression/phase1/input6000_rate5p0_reuse00_seed1,60,0.0,30.601851175847152,30.601851175847152,761.3047401863088,6.217248937900877e-15,791.906591362156,16.08363,724.148234,0.0,740.231864
2026-07-16_ttft_component_regression/phase1/input6000_rate5p0_reuse00_seed1,51,0.012947219610254157,22.060652282281133,22.073599501891387,761.3047401863088,6.217248937900877e-15,783.3783396882002,1.865899,711.573838,0.0,713.439737
2026-07-16_ttft_component_regression/phase1/input6000_rate5p0_reuse00_seed1,97,0.0,19.675850736822035,19.675850736822035,761.3047401863088,6.217248937900877e-15,780.9805909231308,7.351152,706.722604,0.0,714.073756
2026-07-16_ttft_component_regression/phase1/input6000_rate5p0_reuse00_seed1,105,0.045387323262036185,20.636554730193158,20.681942053455195,761.3047401863088,6.217248937900877e-15,781.9866822397639,18.29596,710.760686,0.0,729.056646
2026-07-16_ttft_component_regression/phase1/input6000_rate5p0_reuse00_seed1,118,0.07657569590389973,30.08390533155796,30.16048102746186,761.3047401863088,6.217248937900877e-15,791.4652212137706,175.675111,970.78838,0.0,1146.463491
2026-07-16_ttft_component_regression/phase1/input6000_rate5p0_reuse00_seed1,116,0.12311856793191238,25.29243183461803,25.41555040254994,761.3047401863088,6.217248937900877e-15,786.7202905888587,5.782677,730.648105,0.0,736.430782
2026-07-16_ttft_component_regression/phase1/input6000_rate5p0_reuse00_seed1,162,0.07510004399384895,30.122625543709688,30.197725587703538,761.3047401863088,6.217248937900877e-15,791.5024657740123,302.942498,982.151186,0.0,1285.093684
2026-07-16_ttft_component_regression/phase1/input6000_rate5p0_reuse00_seed1,134,0.07533307346238705,24.466641506436474,24.541974579898863,761.3047401863088,6.217248937900877e-15,785.8467147662077,1.234272,724.71649,0.0,725.950762
2026-07-16_ttft_component_regression/phase1/input6000_rate5p0_reuse00_seed1,161,0.1231247565292918,25.336143037256807,25.4592677937861,761.3047401863088,6.217248937900877e-15,786.7640079800949,19.613706,747.505644,0.0,767.11935
2026-07-16_ttft_component_regression/phase1/input6000_rate5p0_reuse00_seed1,173,0.0,33.54331231064837,33.54331231064837,761.3047401863088,6.217248937900877e-15,794.8480524969572,177.583746,737.499922,0.0,915.083668
2026-07-16_ttft_component_regression/phase1/input6000_rate5p0_reuse00_seed1,186,0.091088574883035,43.55009960097579,43.64118817585883,761.3047401863088,6.217248937900877e-15,804.9459283621676,7.608593,755.189168,0.0,762.797761
2026-07-16_ttft_component_regression/phase1/input6000_rate5p0_reuse00_seed1,220,0.0,33.68763505266537,33.68763505266537,761.3047401863088,6.217248937900877e-15,794.9923752389741,2.311707,761.059147,0.0,763.370854
2026-07-16_ttft_component_regression/phase1/input6000_rate5p0_reuse00_seed1,199,0.23304898857270143,39.57023057136698,39.80327955993968,761.3047401863088,6.217248937900877e-15,801.1080197462485,16.642957,763.007249,0.0,779.650206
2026-07-16_ttft_component_regression/phase1/input6000_rate5p0_reuse00_seed1,212,0.16144402943395883,36.467885856514684,36.62932988594864,761.3047401863088,6.217248937900877e-15,797.9340700722574,13.736892,773.86237,0.0,787.599262
2026-07-16_ttft_component_regression/phase1/input6000_rate5p0_reuse00_seed1,234,374.3082996554352,30.0481599757763,404.35645963121146,761.3047401863088,6.217248937900877e-15,1165.6611998175204,651.446101,759.966252,0.0,1411.412353
2026-07-16_ttft_component_regression/phase1/input6000_rate5p0_reuse00_seed1,226,0.18802302647929892,36.65076021903982,36.83878324551912,761.3047401863088,6.217248937900877e-15,798.1435234318279,15.922895,761.311468,0.0,777.234363
2026-07-16_ttft_component_regression/phase1/input6000_rate5p0_reuse00_seed1,221,0.5883743277515897,48.55622880913326,49.14460313688485,761.3047401863088,6.217248937900877e-15,810.4493433231936,23.089013,759.691168,0.0,782.780181
2026-07-16_ttft_component_regression/phase1/input6000_rate5p0_reuse00_seed1,258,3398.755482925262,39.952519914722096,3438.708002839984,761.3047401863088,6.217248937900877e-15,4200.012743026293,4309.911881,766.029254,0.0,5075.941135
2026-07-16_ttft_component_regression/phase1/input6000_rate5p0_reuse00_seed1,268,2430.87556575344,30.046375018453475,2460.9219407718933,761.3047401863088,6.217248937900877e-15,3222.226680958202,3662.944916,775.015206,0.0,4437.960122
2026-07-16_ttft_component_regression/phase1/input6000_rate5p0_reuse00_seed1,244,6177.467348957984,53.02884160332936,6230.496190561313,761.3047401863088,6.217248937900877e-15,6991.800930747621,6208.073023,764.612229,0.0,6972.685252
2026-07-16_ttft_component_regression/phase1/input6000_rate5p0_reuse00_seed1,278,2952.290500246614,22.533734057424336,2974.8242343040383,761.3047401863088,6.217248937900877e-15,3736.128974490347,9679.534436,762.068234,0.0,10441.60267
2026-07-16_ttft_component_regression/phase1/input6000_rate5p0_reuse00_seed1,270,3839.688624323419,30.058577715636275,3869.747202039055,761.3047401863088,6.217248937900877e-15,4631.051942225364,8124.574779,759.641872,0.0,8884.216651
2026-07-16_ttft_component_regression/phase1/input6000_rate5p0_reuse00_seed1,292,5395.261309279414,39.92779369089381,5435.189102970307,761.3047401863088,6.217248937900877e-15,6196.493843156616,9361.488873999999,762.740869,0.0,10124.229743
2026-07-16_ttft_component_regression/phase1/input6000_rate5p0_reuse00_seed1,299,5525.9087369224235,39.92522202876959,5565.833958951193,761.3047401863088,6.217248937900877e-15,6327.138699137502,11547.461073,762.65063,0.0,12310.111703
2026-07-16_ttft_component_regression/phase1/input6000_rate5p0_reuse00_seed1,279,5429.521148030934,39.954892804125414,5469.476040835059,761.3047401863088,6.217248937900877e-15,6230.780781021368,9676.830583,764.286172,0.0,10441.116755
2026-07-16_ttft_component_regression/phase1/input6000_rate5p0_reuse00_seed1,6,0.0,1.062224097486187,1.062224097486187,761.3047401863088,6.217248937900877e-15,762.3669642837949,0.023528,676.342498,0.0,676.366026
2026-07-16_ttft_component_regression/phase1/input6000_rate5p0_reuse00_seed1,25,0.017410218063537656,12.68862371110591,12.706033929169447,761.3047401863088,6.217248937900877e-15,774.0107741154782,10.460266,694.435308,0.0,704.895574
2026-07-16_ttft_component_regression/phase1/input6000_rate5p0_reuse00_seed1,82,0.0,0.9675591040283484,0.9675591040283484,761.3047401863088,6.217248937900877e-15,762.2722992903372,0.013951,676.342498,0.0,676.356449
2026-07-16_ttft_component_regression/phase1/input6000_rate5p0_reuse00_seed1,87,0.0,20.767955476812258,20.767955476812258,761.3047401863088,6.217248937900877e-15,782.0726956631211,334.037117,939.425156,0.0,1273.462273
2026-07-16_ttft_component_regression/phase1/input6000_rate5p0_reuse00_seed1,86,0.01842287189456884,12.000302971560043,12.018725843454611,761.3047401863088,6.217248937900877e-15,773.3234660297634,10.235515,707.527567,0.0,717.763082
2026-07-16_ttft_component_regression/phase1/input6000_rate5p0_reuse00_seed1,122,0.04968472731130912,21.341397735244435,21.391082462555744,761.3047401863088,6.217248937900877e-15,782.6958226488646,18.282056,706.50958,0.0,724.791636
2026-07-16_ttft_component_regression/phase1/input6000_rate5p0_reuse00_seed1,155,0.10366449841652425,36.056938975527366,36.160603473943894,761.3047401863088,6.217248937900877e-15,797.4653436602526,426.365171,956.819751,0.0,1383.184922
2026-07-16_ttft_component_regression/phase1/input6000_rate5p0_reuse00_seed1,136,0.0455005147937471,20.64563504909136,20.69113556388511,761.3047401863088,6.217248937900877e-15,781.9958757501939,21.002296,724.102488,0.0,745.104784
2026-07-16_ttft_component_regression/phase1/input6000_rate5p0_reuse00_seed1,176,0.6709232696133727,42.73725668530434,43.40817995491771,761.3047401863088,6.217248937900877e-15,804.7129201412265,1.320548,757.45087,0.0,758.771418
2026-07-16_ttft_component_regression/phase1/input6000_rate5p0_reuse00_seed1,153,0.0,35.45538564640109,35.45538564640109,761.3047401863088,6.217248937900877e-15,796.7601258327098,238.04607,1025.478614,0.0,1263.524684
2026-07-16_ttft_component_regression/phase1/input6000_rate5p0_reuse00_seed1,143,0.026303454908446197,29.061122194541372,29.08742564944982,761.3047401863088,6.217248937900877e-15,790.3921658357586,534.176982,1004.375251,0.0,1538.552233
2026-07-16_ttft_component_regression/phase1/input6000_rate5p0_reuse00_seed1,144,0.0,547.4221882580919,547.4221882580919,761.3047401863088,6.217248937900877e-15,1308.7269284444005,1252.722147,1015.62571,0.0,2268.347857
2026-07-16_ttft_component_regression/phase1/input6000_rate5p0_reuse00_seed1,141,0.07533986828561867,24.445696801586703,24.52103666987232,761.3047401863088,6.217248937900877e-15,785.825776856181,169.38693,991.903651,0.0,1161.290581
2026-07-16_ttft_component_regression/phase1/input6000_rate5p0_reuse00_seed1,179,921.4878234148357,54.58017761759917,976.0680010324348,761.3047401863088,6.217248937900877e-15,1737.3727412187436,1014.803558,758.752162,0.0,1773.55572
2026-07-16_ttft_component_regression/phase1/input6000_rate5p0_reuse00_seed1,184,2591.139575531126,54.62218424151429,2645.7617597726403,761.3047401863088,6.217248937900877e-15,3407.066499958949,2061.720766,752.958168,0.0,2814.678934
2026-07-16_ttft_component_regression/phase1/input6000_rate5p0_reuse00_seed1,192,6380.658240543688,52.8490843449889,6433.507324888677,761.3047401863088,6.217248937900877e-15,7194.812065074986,7281.925126,775.198232,0.0,8057.123358
2026-07-16_ttft_component_regression/phase1/input6000_rate5p0_reuse00_seed1,198,7941.210630281585,46.91031514943438,7988.120945431019,761.3047401863088,6.217248937900877e-15,8749.425685617329,13721.827208,765.247693,0.0,14487.074901
2026-07-16_ttft_component_regression/phase1/input6000_rate5p0_reuse00_seed1,222,6750.963911755915,52.8490843449889,6803.8129961009045,761.3047401863088,6.217248937900877e-15,7565.117736287213,8694.372877,760.265038,0.0,9454.637915
2026-07-16_ttft_component_regression/phase1/input6000_rate5p0_reuse00_seed1,197,7712.317449919763,46.94134858544234,7759.258798505205,761.3047401863088,6.217248937900877e-15,8520.563538691515,10178.009106000001,763.087038,0.0,10941.096144
2026-07-16_ttft_component_regression/phase1/input6000_rate5p0_reuse00_seed1,230,3786.5812408293596,29.954473594036294,3816.535714423396,761.3047401863088,6.217248937900877e-15,4577.8404546097045,9755.611518,759.839575,0.0,10515.451093
2026-07-16_ttft_component_regression/phase1/input6000_rate5p0_reuse00_seed1,269,2908.41027337555,29.968508757053613,2938.3787821326036,761.3047401863088,6.217248937900877e-15,3699.6835223189123,4818.903995,767.289277,0.0,5586.193272
2026-07-16_ttft_component_regression/phase1/input6000_rate5p0_reuse00_seed1,210,5389.500812882322,39.884519117316465,5429.385331999639,761.3047401863088,6.217248937900877e-15,6190.690072185947,11921.891180999999,762.254077,0.0,12684.145258
2026-07-16_ttft_component_regression/phase1/input6000_rate5p0_reuse00_seed1,282,3809.096801050591,39.8612028189683,3848.958003869559,761.3047401863088,6.217248937900877e-15,4610.262744055868,4055.5584719999997,774.392106,0.0,4829.950578
2026-07-16_ttft_component_regression/phase1/input6000_rate5p0_reuse00_seed1,273,2288.894832853381,22.49301673678933,2311.3878495901704,761.3047401863088,6.217248937900877e-15,3072.692589776479,5205.5174609999995,760.071946,0.0,5965.589407
2026-07-16_ttft_component_regression/phase1/input6000_rate5p0_reuse00_seed1,293,4897.290018599812,39.824175517262496,4937.1141941170745,761.3047401863088,6.217248937900877e-15,5698.418934303383,7118.117698999999,761.335723,0.0,7879.453422
2026-07-16_ttft_component_regression/phase1/input6000_rate5p0_reuse00_seed1,283,4706.852517008358,39.89297642283811,4746.745493431195,761.3047401863088,6.217248937900877e-15,5508.050233617504,5899.080808000001,769.742901,0.0,6668.823709
2026-07-16_ttft_component_regression/phase1/input6000_rate5p0_reuse00_seed1,28,0.0,21.980528559424084,21.980528559424084,761.3047401863088,6.217248937900877e-15,783.2852687457329,16.12794,699.448538,0.0,715.576478
2026-07-16_ttft_component_regression/phase1/input6000_rate5p0_reuse00_seed1,22,0.01638417812225224,12.769488051013125,12.785872229135377,761.3047401863088,6.217248937900877e-15,774.0906124154442,135.080853,927.033461,0.0,1062.114314
2026-07-16_ttft_component_regression/phase1/input6000_rate5p0_reuse00_seed1,21,0.0,1.1324481661996886,1.1324481661996886,761.3047401863088,6.217248937900877e-15,762.4371883525084,0.014713,689.692786,0.0,689.707499
2026-07-16_ttft_component_regression/phase1/input6000_rate5p0_reuse00_seed1,43,0.011014953236032651,21.883355143979298,21.89437009721533,761.3047401863088,6.217248937900877e-15,783.1991102835241,19.022999,710.305294,0.0,729.328293
2026-07-16_ttft_component_regression/phase1/input6000_rate5p0_reuse00_seed1,53,0.037820587425552755,25.78446039167505,25.822280979100604,761.3047401863088,6.217248937900877e-15,787.1270211654094,21.212017,717.10581,0.0,738.317827
2026-07-16_ttft_component_regression/phase1/input6000_rate5p0_reuse00_seed1,39,0.0,21.632109294513953,21.632109294513953,761.3047401863088,6.217248937900877e-15,782.9368494808227,9.252786,706.372236,0.0,715.625022
2026-07-16_ttft_component_regression/phase1/input6000_rate5p0_reuse00_seed1,66,0.0,30.601851175847152,30.601851175847152,761.3047401863088,6.217248937900877e-15,791.906591362156,19.392179,723.497098,0.0,742.889277
2026-07-16_ttft_component_regression/phase1/input6000_rate5p0_reuse00_seed1,85,0.0,28.972031148723893,28.972031148723893,761.3047401863088,6.217248937900877e-15,790.2767713350327,14.297304,724.566602,0.0,738.863906
2026-07-16_ttft_component_regression/phase1/input6000_rate5p0_reuse00_seed1,114,1.4332010786167961,46.885054598505356,48.31825567712215,761.3047401863088,0.6231131039153092,810.2461089673462,9.937742,731.267497,0.619393,741.824632
2026-07-16_ttft_component_regression/phase1/input6000_rate5p0_reuse00_seed1,124,0.045830244575436885,35.4266473735778,35.472477618153235,761.3047401863088,6.217248937900877e-15,796.777217804462,2.04991,730.163522,0.0,732.213432
2026-07-16_ttft_component_regression/phase1/input6000_rate5p0_reuse00_seed1,129,0.04614169194374196,35.42361226315889,35.46975395510263,761.3047401863088,6.217248937900877e-15,796.7744941414114,0.623448,732.431632,0.0,733.05508
2026-07-16_ttft_component_regression/phase1/input6000_rate5p0_reuse00_seed1,139,0.24239205644752082,39.66225771523583,39.90464977168335,761.3047401863088,6.217248937900877e-15,801.2093899579921,241.707024,1031.098684,0.0,1272.805708
2026-07-16_ttft_component_regression/phase1/input6000_rate5p0_reuse00_seed1,115,1.4587741672610908,46.927758059392275,48.386532226653365,761.3047401863088,0.6231131039153092,810.3143855168775,238.851376,971.567356,0.619393,1211.038125
2026-07-16_ttft_component_regression/phase1/input6000_rate5p0_reuse00_seed1,135,1.4502304341178995,46.91384395416696,48.364074388284855,761.3047401863088,0.6231131039153092,810.291927678509,24.05828,754.486907,0.619393,779.16458
2026-07-16_ttft_component_regression/phase1/input6000_rate5p0_reuse00_seed1,183,0.7970338170087994,50.04533604143528,50.84236985844408,761.3047401863088,6.217248937900877e-15,812.1471100447528,14.44254,763.248335,0.0,777.690875
2026-07-16_ttft_component_regression/phase1/input6000_rate5p0_reuse00_seed1,166,0.7297796795503598,43.07044488456412,43.80022456411448,761.3047401863088,6.217248937900877e-15,805.1049647504233,16.574185,766.832622,0.0,783.406807
2026-07-16_ttft_component_regression/phase1/input6000_rate5p0_reuse00_seed1,205,0.6193171232623503,39.74650594635887,40.36582306962122,761.3047401863088,0.6231131039153092,802.2936763598453,22.697169000000002,768.6997,0.619393,792.016262
2026-07-16_ttft_component_regression/phase1/input6000_rate5p0_reuse00_seed1,156,0.25115220195479293,39.74752648756317,39.998678689517966,761.3047401863088,6.217248937900877e-15,801.3034188758268,23.735693,761.350019,0.0,785.085712
2026-07-16_ttft_component_regression/phase1/input6000_rate5p0_reuse00_seed1,213,2904.5469399723424,29.98207851510157,2934.529018487444,761.3047401863088,0.6231131039153092,3696.456871777668,5715.151325,763.873096,0.619393,6479.643814
2026-07-16_ttft_component_regression/phase1/input6000_rate5p0_reuse00_seed1,217,2297.233480034708,29.901761285580907,2327.135241320289,761.3047401863088,0.6231131039153092,3089.063094610513,6063.707751,761.695077,0.619393,6826.022221
2026-07-16_ttft_component_regression/phase1/input6000_rate5p0_reuse00_seed1,251,528.2594046022381,39.88166516298102,568.1410697652191,761.3047401863088,6.217248937900877e-15,1329.4458099515277,481.119746,772.033595,0.0,1253.153341
2026-07-16_ttft_component_regression/phase1/input6000_rate5p0_reuse00_seed1,225,124.91529175947912,29.98207851510157,154.89737027458068,761.3047401863088,6.217248937900877e-15,916.2021104608895,279.809053,762.727286,0.0,1042.536339
2026-07-16_ttft_component_regression/phase1/input6000_rate5p0_reuse00_seed1,223,296.66136598454324,30.023882711534455,326.6852486960777,761.3047401863088,0.6231131039153092,1088.613101986302,4222.457117999999,773.286648,0.619393,4996.363159
2026-07-16_ttft_component_regression/phase1/input6000_rate5p0_reuse00_seed1,294,1262.898979262374,29.966201741522852,1292.8651810038969,761.3047401863088,0.6231131039153092,2054.793034294121,1900.641729,760.597248,0.619393,2661.85837
2026-07-16_ttft_component_regression/phase1/input6000_rate5p0_reuse00_seed1,285,0.6653124235382758,39.85217535686164,40.51748778039992,761.3047401863088,0.6231131039153092,802.4453410706241,23.998886,770.039155,0.619393,794.657434
2026-07-16_ttft_component_regression/phase1/input6000_rate5p0_reuse00_seed1,250,608.1027541445033,39.79814599513692,647.9009001396402,761.3047401863088,0.6231131039153092,1409.8287534298643,4337.640385000001,763.208532,0.619393,5101.46831
2026-07-16_ttft_component_regression/phase1/input6000_rate5p0_reuse00_seed1,289,866.1688889249314,30.009858150540502,896.1787470754718,761.3047401863088,6.217248937900877e-15,1657.4834872617807,1160.368722,767.304734,0.0,1927.673456
2026-07-16_ttft_component_regression/phase1/input6000_rate5p0_reuse00_seed1,275,1451.0622564151463,30.015949478261142,1481.0782058934074,761.3047401863088,6.217248937900877e-15,2242.382946079716,1806.135043,760.00907,0.0,2566.144113
2026-07-16_ttft_component_regression/phase1/input6000_rate5p0_reuse00_seed1,7,0.0,1.0710361437039821,1.0710361437039821,761.3047401863088,6.217248937900877e-15,762.3757763300127,0.012734,676.342498,0.0,676.355232
2026-07-16_ttft_component_regression/phase1/input6000_rate5p0_reuse00_seed1,26,0.03786456815577123,25.663705836701027,25.7015704048568,761.3047401863088,6.217248937900877e-15,787.0063105911656,309.2744,1000.573987,0.0,1309.848387
2026-07-16_ttft_component_regression/phase1/input6000_rate5p0_reuse00_seed1,23,0.010256812908637765,21.815413921677447,21.825670734586083,761.3047401863088,6.217248937900877e-15,783.1304109208949,18.9761,987.540231,0.0,1006.516331
2026-07-16_ttft_component_regression/phase1/input6000_rate5p0_reuse00_seed1,18,0.0,21.619646505674545,21.619646505674545,761.3047401863088,6.217248937900877e-15,782.9243866919833,405.528988,976.208735,0.0,1381.737723
2026-07-16_ttft_component_regression/phase1/input6000_rate5p0_reuse00_seed1,17,0.0,21.944970279233612,21.944970279233612,761.3047401863088,6.217248937900877e-15,783.2497104655424,2.420072,712.690214,0.0,715.110286
2026-07-16_ttft_component_regression/phase1/input6000_rate5p0_reuse00_seed1,27,0.0,30.523027433187643,30.523027433187643,761.3047401863088,6.217248937900877e-15,791.8277676194964,725.140232,935.711105,0.0,1660.851337
2026-07-16_ttft_component_regression/phase1/input6000_rate5p0_reuse00_seed1,36,0.0,33.91668585220962,33.91668585220962,761.3047401863088,6.217248937900877e-15,795.2214260385184,4.425371,729.057858,0.0,733.483229
2026-07-16_ttft_component_regression/phase1/input6000_rate5p0_reuse00_seed1,13,0.01675752240481483,12.742173505323624,12.758931027728439,761.3047401863088,6.217248937900877e-15,774.0636712140372,63.228816,693.93438,0.0,757.163196
2026-07-16_ttft_component_regression/phase1/input6000_rate5p0_reuse00_seed1,48,0.0,35.802226922428446,35.802226922428446,761.3047401863088,6.217248937900877e-15,797.1069671087372,24.490912,744.089348,0.0,768.58026
2026-07-16_ttft_component_regression/phase1/input6000_rate5p0_reuse00_seed1,50,0.06322992129295711,37.85706652559759,37.920296446890546,761.3047401863088,6.217248937900877e-15,799.2250366331994,362.282122,1000.403869,0.0,1362.685991
2026-07-16_ttft_component_regression/phase1/input6000_rate5p0_reuse00_seed1,100,0.0,34.156109123867054,34.156109123867054,761.3047401863088,6.217248937900877e-15,795.4608493101758,10.092372,743.504503,0.0,753.596875
2026-07-16_ttft_component_regression/phase1/input6000_rate5p0_reuse00_seed1,111,0.04212725984808988,37.422551968219864,37.46467922806795,761.3047401863088,6.217248937900877e-15,798.7694194143767,10.527249,747.501828,0.0,758.029077
2026-07-16_ttft_component_regression/phase1/input6000_rate5p0_reuse00_seed1,88,0.0,32.07437496919622,32.07437496919622,761.3047401863088,6.217248937900877e-15,793.379115155505,13.053912,730.910306,0.0,743.964218
2026-07-16_ttft_component_regression/phase1/input6000_rate5p0_reuse00_seed1,149,0.25484417298946793,31.490109924608472,31.74495409759794,761.3047401863088,6.217248937900877e-15,793.0496942839068,17.559288,736.318371,0.0,753.877659
2026-07-16_ttft_component_regression/phase1/input6000_rate5p0_reuse00_seed1,168,0.10159945205098722,41.24724011686059,41.34883956891158,761.3047401863088,6.217248937900877e-15,802.6535797552203,4.498295,749.72968,0.0,754.227975
2026-07-16_ttft_component_regression/phase1/input6000_rate5p0_reuse00_seed1,172,0.2880161125249338,826.0570606085445,826.3450767210694,761.3047401863088,6.217248937900877e-15,1587.6498169073782,1011.870802,1054.731064,0.0,2066.601866
2026-07-16_ttft_component_regression/phase1/input6000_rate5p0_reuse00_seed1,174,0.7556039760012333,6781.965623018046,6782.721226994047,761.3047401863088,6.217248937900877e-15,7544.025967180356,1745.117388,1008.237723,0.0,2753.355111
2026-07-16_ttft_component_regression/phase1/input6000_rate5p0_reuse00_seed1,163,0.19628862227114022,37.18695270167938,37.38324132395052,761.3047401863088,6.217248937900877e-15,798.6879815102593,15.163803,739.771708,0.0,754.935511
2026-07-16_ttft_component_regression/phase1/input6000_rate5p0_reuse00_seed1,187,756.2107018876533,52.929137086338,809.1398389739912,761.3047401863088,0.6231131039153092,1571.0676922642153,859.7914069999999,754.323948,0.619393,1614.734748
2026-07-16_ttft_component_regression/phase1/input6000_rate5p0_reuse00_seed1,132,0.1656522280507824,22.935021121852653,23.100673349903435,761.3047401863088,6.217248937900877e-15,784.4054135362122,10.0527,724.241313,0.0,734.294013
2026-07-16_ttft_component_regression/phase1/input6000_rate5p0_reuse00_seed1,208,692.0234237582079,29.95684488524072,721.9802686434485,761.3047401863088,0.6231131039153092,1483.9081219336726,878.923335,765.099485,0.619393,1644.642213
2026-07-16_ttft_component_regression/phase1/input6000_rate5p0_reuse00_seed1,169,0.09232356028287968,43.57327586065955,43.66559942094243,761.3047401863088,6.217248937900877e-15,804.9703396072512,471.540276,1028.146567,0.0,1499.686843
2026-07-16_ttft_component_regression/phase1/input6000_rate5p0_reuse00_seed1,216,990.152310940859,29.893783961375263,1020.0460949022342,761.3047401863088,6.217248937900877e-15,1781.3508350885431,1405.7640039999999,764.793641,0.0,2170.557645
2026-07-16_ttft_component_regression/phase1/input6000_rate5p0_reuse00_seed1,252,1382.4143354789735,39.74650594635887,1422.1608414253324,761.3047401863088,6.217248937900877e-15,2183.465581611641,1376.1802650000002,758.8778,0.0,2135.058065
2026-07-16_ttft_component_regression/phase1/input6000_rate5p0_reuse00_seed1,231,467.04373146194206,22.445021695487014,489.4887531574291,761.3047401863088,6.217248937900877e-15,1250.7934933437377,1241.113239,769.724759,0.0,2010.837998
2026-07-16_ttft_component_regression/phase1/input6000_rate5p0_reuse00_seed1,267,1479.2812437117184,29.882976894327445,1509.1642206060458,761.3047401863088,6.217248937900877e-15,2270.4689607923547,2139.2591390000002,763.018723,0.0,2902.277862
2026-07-16_ttft_component_regression/phase1/input6000_rate5p0_reuse00_seed1,271,1789.0026934605378,29.993027354169467,1818.9957208147073,761.3047401863088,0.6231131039153092,2580.9235741049315,3443.059095,773.926397,0.619393,4217.604885
2026-07-16_ttft_component_regression/phase1/input6000_rate5p0_reuse00_seed1,262,1216.826743361458,29.919944455256662,1246.7466878167147,761.3047401863088,6.217248937900877e-15,2008.0514280030234,1922.985886,758.732814,0.0,2681.7187
2026-07-16_ttft_component_regression/phase1/input6000_rate5p0_reuse00_seed1,272,1582.2156981496155,29.92249248224044,1612.1381906318559,761.3047401863088,6.217248937900877e-15,2373.4429308181648,2102.4729469999997,760.175532,0.0,2862.648479
2026-07-16_ttft_component_regression/phase1/input6000_rate5p0_reuse00_seed1,0,0.0,1.079839112110478,1.079839112110478,761.3047401863088,6.217248937900877e-15,762.3845792984192,0.0,676.342498,0.0,676.342498
2026-07-16_ttft_component_regression/phase1/input6000_rate5p0_reuse00_seed1,37,0.0,21.95682161338519,21.95682161338519,761.3047401863088,6.217248937900877e-15,783.2615617996939,12.543853,713.644294,0.0,726.188147
2026-07-16_ttft_component_regression/phase1/input6000_rate5p0_reuse00_seed1,34,0.01681857309054171,12.73749167140345,12.754310244493992,761.3047401863088,6.217248937900877e-15,774.0590504308028,4.937282,695.65006,0.0,700.587342
2026-07-16_ttft_component_regression/phase1/input6000_rate5p0_reuse00_seed1,38,0.0,21.641713562695877,21.641713562695877,761.3047401863088,6.217248937900877e-15,782.9464537490046,297.689871,947.4297,0.0,1245.119571
2026-07-16_ttft_component_regression/phase1/input6000_rate5p0_reuse00_seed1,58,0.0,21.6823178677075,21.6823178677075,761.3047401863088,6.217248937900877e-15,782.9870580540163,7.556014,705.775852,0.0,713.331866
2026-07-16_ttft_component_regression/phase1/input6000_rate5p0_reuse00_seed1,63,0.013796936289217191,22.14061432231851,22.154411258607727,761.3047401863088,6.217248937900877e-15,783.4591514449165,137.63964,709.78315,0.0,847.42279
2026-07-16_ttft_component_regression/phase1/input6000_rate5p0_reuse00_seed1,93,0.038960882124481885,24.706735593968677,24.74569647609316,761.3047401863088,6.217248937900877e-15,786.0504366624019,8.875863,718.094898,0.0,726.970761
2026-07-16_ttft_component_regression/phase1/input6000_rate5p0_reuse00_seed1,123,0.042975015513212034,35.45483521999113,35.497810235504346,761.3047401863088,6.217248937900877e-15,796.8025504218131,9.127158,731.031362,0.0,740.15852
2026-07-16_ttft_component_regression/phase1/input6000_rate5p0_reuse00_seed1,112,0.13093585647507155,32.08655578948249,32.21749164595756,761.3047401863088,6.217248937900877e-15,793.5222318322664,8.910411,724.803658,0.0,733.714069
2026-07-16_ttft_component_regression/phase1/input6000_rate5p0_reuse00_seed1,157,0.04567528625557206,35.42815978289232,35.473835069147896,761.3047401863088,6.217248937900877e-15,796.7785752554566,3.390526,736.155046,0.0,739.545572
2026-07-16_ttft_component_regression/phase1/input6000_rate5p0_reuse00_seed1,133,0.1335244769708411,32.031634999546874,32.165159476517715,761.3047401863088,6.217248937900877e-15,793.4698996628265,13.102814,724.574378,0.0,737.677192
2026-07-16_ttft_component_regression/phase1/input6000_rate5p0_reuse00_seed1,181,0.30672216385172296,46.230866517838045,46.53758868168977,761.3047401863088,6.217248937900877e-15,807.8423288679985,22.035612,753.73164,0.0,775.767252
2026-07-16_ttft_component_regression/phase1/input6000_rate5p0_reuse00_seed1,194,0.0,33.583002561432274,33.583002561432274,761.3047401863088,6.217248937900877e-15,794.8877427477411,218.07832,1025.19708,0.0,1243.2754
2026-07-16_ttft_component_regression/phase1/input6000_rate5p0_reuse00_seed1,150,0.1906849346258792,37.3280006141395,37.518685548765376,761.3047401863088,6.217248937900877e-15,798.8234257350741,15.190398,724.228138,0.0,739.418536
2026-07-16_ttft_component_regression/phase1/input6000_rate5p0_reuse00_seed1,204,0.5476235435889522,48.27556280048396,48.823186344072916,761.3047401863088,6.217248937900877e-15,810.1279265303817,3.89572,758.98292,0.0,762.87864
2026-07-16_ttft_component_regression/phase1/input6000_rate5p0_reuse00_seed1,170,0.09702213588002762,43.65729658645476,43.75431872233479,761.3047401863088,6.217248937900877e-15,805.0590589086436,13.136794,743.410032,0.0,756.546826
2026-07-16_ttft_component_regression/phase1/input6000_rate5p0_reuse00_seed1,193,0.0,31.75950623502322,31.75950623502322,761.3047401863088,6.217248937900877e-15,793.064246421332,8.273317,767.464767,0.0,775.738084
2026-07-16_ttft_component_regression/phase1/input6000_rate5p0_reuse00_seed1,247,0.0,30.023799076209215,30.023799076209215,761.3047401863088,6.217248937900877e-15,791.328539262518,14.103275,749.746257,0.0,763.849532
2026-07-16_ttft_component_regression/phase1/input6000_rate5p0_reuse00_seed1,257,0.0,23.77759175923548,23.77759175923548,761.3047401863088,6.217248937900877e-15,785.0823319455443,441.690491,1003.21387,0.0,1444.904361
2026-07-16_ttft_component_regression/phase1/input6000_rate5p0_reuse00_seed1,256,0.0,22.51375435784707,22.51375435784707,761.3047401863088,6.217248937900877e-15,783.8184945441559,14.701153,757.470141,0.0,772.171294
2026-07-16_ttft_component_regression/phase1/input6000_rate5p0_reuse00_seed1,266,0.0,23.803991126549032,23.803991126549032,761.3047401863088,6.217248937900877e-15,785.1087313128578,22.811628,745.379439,0.0,768.191067
2026-07-16_ttft_component_regression/phase1/input6000_rate5p0_reuse00_seed1,11,0.0,21.944970279233612,21.944970279233612,761.3047401863088,6.217248937900877e-15,783.2497104655424,25.040853,930.749287,0.0,955.79014
2026-07-16_ttft_component_regression/phase1/input6000_rate5p0_reuse00_seed1,5,0.016257080661835507,12.778298389487027,12.794555470148863,761.3047401863088,6.217248937900877e-15,774.0992956564577,432.011399,957.083809,0.0,1389.095208
2026-07-16_ttft_component_regression/phase1/input6000_rate5p0_reuse00_seed1,4,0.0,1.1324481661996886,1.1324481661996886,761.3047401863088,6.217248937900877e-15,762.4371883525084,0.147115,689.692786,0.0,689.839901
2026-07-16_ttft_component_regression/phase1/input6000_rate5p0_reuse00_seed1,29,0.0,21.64496381026258,21.64496381026258,761.3047401863088,6.217248937900877e-15,782.9497039965713,3.348649,706.068524,0.0,709.417173
2026-07-16_ttft_component_regression/phase1/input6000_rate5p0_reuse00_seed1,41,0.011230921348104822,21.90287199359777,21.914102914945875,761.3047401863088,6.217248937900877e-15,783.2188431012546,19.421418,711.022798,0.0,730.444216
2026-07-16_ttft_component_regression/phase1/input6000_rate5p0_reuse00_seed1,70,0.0,33.92444105644713,33.92444105644713,761.3047401863088,6.217248937900877e-15,795.2291812427559,23.754457,729.916354,0.0,753.670811
2026-07-16_ttft_component_regression/phase1/input6000_rate5p0_reuse00_seed1,54,0.037813714082834446,25.795400074606714,25.833213788689548,761.3047401863088,6.217248937900877e-15,787.1379539749984,14.5702,717.846098,0.0,732.416298
2026-07-16_ttft_component_regression/phase1/input6000_rate5p0_reuse00_seed1,59,0.0,30.56021463983524,30.56021463983524,761.3047401863088,6.217248937900877e-15,791.8649548261441,22.530083,724.028938,0.0,746.559021
2026-07-16_ttft_component_regression/phase1/input6000_rate5p0_reuse00_seed1,92,0.07493636987535775,35.86284773901112,35.93778410888648,761.3047401863088,6.217248937900877e-15,797.2425242951953,122.027946,748.415468,0.0,870.443414
2026-07-16_ttft_component_regression/phase1/input6000_rate5p0_reuse00_seed1,78,0.0,32.04772542592169,32.04772542592169,761.3047401863088,6.217248937900877e-15,793.3524656122305,4.40193,740.544666,0.0,744.946596
2026-07-16_ttft_component_regression/phase1/input6000_rate5p0_reuse00_seed1,106,0.5874922097126717,40.63322551820496,41.22071772791763,761.3047401863088,6.217248937900877e-15,802.5254579142264,22.946483,771.292135,0.0,794.238618
2026-07-16_ttft_component_regression/phase1/input6000_rate5p0_reuse00_seed1,79,0.0,33.87707146007504,33.87707146007504,761.3047401863088,6.217248937900877e-15,795.1818116463838,408.956959,990.436094,0.0,1399.393053
2026-07-16_ttft_component_regression/phase1/input6000_rate5p0_reuse00_seed1,89,0.0,33.89331981133252,33.89331981133252,761.3047401863088,6.217248937900877e-15,795.1980599976413,24.539934,735.048277,0.0,759.588211
2026-07-16_ttft_component_regression/phase1/input6000_rate5p0_reuse00_seed1,128,4519.162931831714,46.87393129374301,4566.036863125457,761.3047401863088,6.217248937900877e-15,5327.3416033117655,3032.1948599999996,769.573345,0.0,3801.768205
2026-07-16_ttft_component_regression/phase1/input6000_rate5p0_reuse00_seed1,109,842.3089481485804,46.927758059392275,889.2367062079727,761.3047401863088,6.217248937900877e-15,1650.5414463942816,550.296209,762.250951,0.0,1312.54716
2026-07-16_ttft_component_regression/phase1/input6000_rate5p0_reuse00_seed1,110,6946.405975600873,46.89960866685134,6993.305584267724,761.3047401863088,6.217248937900877e-15,7754.610324454033,6393.481455,760.540033,0.0,7154.021488
2026-07-16_ttft_component_regression/phase1/input6000_rate5p0_reuse00_seed1,200,0.5718982842007715,48.44453538937406,49.01643367357483,761.3047401863088,6.217248937900877e-15,810.3211738598836,13.286981,762.291859,0.0,775.57884
2026-07-16_ttft_component_regression/phase1/input6000_rate5p0_reuse00_seed1,206,161.6584739011349,29.94969268916753,191.60816659030243,761.3047401863088,0.6231131039153092,953.5360198805265,331.256611,775.41878,0.619393,1107.294784
2026-07-16_ttft_component_regression/phase1/input6000_rate5p0_reuse00_seed1,167,0.3009383318642797,46.16822193132494,46.469160263189224,761.3047401863088,6.217248937900877e-15,807.773900449498,1.256419,753.19592,0.0,754.452339
2026-07-16_ttft_component_regression/phase1/input6000_rate5p0_reuse00_seed1,207,1255.5970803137147,29.986497439797876,1285.5835777535126,761.3047401863088,6.217248937900877e-15,2046.8883179398213,1591.610603,765.15746,0.0,2356.768063
2026-07-16_ttft_component_regression/phase1/input6000_rate5p0_reuse00_seed1,191,0.6959607780402006,39.912096136347415,40.60805691438762,761.3047401863088,0.6231131039153092,802.5359102046117,13.477072000000001,755.275732,0.619393,769.372197
2026-07-16_ttft_component_regression/phase1/input6000_rate5p0_reuse00_seed1,235,0.1554260541759774,36.42527962350526,36.58070567768124,761.3047401863088,6.217248937900877e-15,797.8854458639901,26.770223,775.445206,0.0,802.215429
2026-07-16_ttft_component_regression/phase1/input6000_rate5p0_reuse00_seed1,209,1450.365020949496,30.00573029110343,1480.3707512405995,761.3047401863088,6.217248937900877e-15,2241.675491426908,2123.737541,768.097899,0.0,2891.83544
2026-07-16_ttft_component_regression/phase1/input6000_rate5p0_reuse00_seed1,237,1646.8481096064925,29.97535213899991,1676.8234617454923,761.3047401863088,6.217248937900877e-15,2438.128201931801,2286.272847,760.4472,0.0,3046.720047
2026-07-16_ttft_component_regression/phase1/input6000_rate5p0_reuse00_seed1,242,2028.872300244262,29.954473594036294,2058.8267738382983,761.3047401863088,0.6231131039153092,2820.7546271285223,4005.646523,768.423292,0.619393,4774.689208
2026-07-16_ttft_component_regression/phase1/input6000_rate5p0_reuse00_seed1,246,1741.837983847576,39.858210772159545,1781.6961946197355,761.3047401863088,6.217248937900877e-15,2543.0009348060444,1647.161098,772.576686,0.0,2419.737784
2026-07-16_ttft_component_regression/phase1/input6000_rate5p0_reuse00_seed1,281,2630.621783085779,29.966201741522852,2660.587984827302,761.3047401863088,6.217248937900877e-15,3421.8927250136107,4300.018335000001,760.895741,0.0,5060.914076
2026-07-16_ttft_component_regression/phase1/input6000_rate5p0_reuse00_seed1,280,2147.3137218938055,29.968508757053613,2177.282230650859,761.3047401863088,6.217248937900877e-15,2938.586970837168,3177.549756,764.127971,0.0,3941.677727
2026-07-16_ttft_component_regression/phase1/input6000_rate5p0_reuse00_seed1,259,1596.6094293582116,30.00364634125832,1626.6130756994698,761.3047401863088,6.217248937900877e-15,2387.9178158857785,2407.36622,766.502678,0.0,3173.868898
2026-07-16_ttft_component_regression/phase1/input6000_rate5p0_reuse00_seed1,297,2991.3969179953115,29.968508757053613,3021.3654267523652,761.3047401863088,6.217248937900877e-15,3782.670166938674,4973.769319,763.518415,0.0,5737.287734
2026-07-16_ttft_component_regression/phase1/input6000_rate5p0_reuse00_seed1,9,0.0,1.0886326782416407,1.0886326782416407,761.3047401863088,6.217248937900877e-15,762.3933728645504,0.012364,676.342498,0.0,676.354862
2026-07-16_ttft_component_regression/phase1/input6000_rate5p0_reuse00_seed1,16,0.01650995814463767,12.760530745463873,12.777040703608511,761.3047401863088,6.217248937900877e-15,774.0817808899172,0.879885,694.048684,0.0,694.928569
2026-07-16_ttft_component_regression/phase1/input6000_rate5p0_reuse00_seed1,49,0.0,21.635286274672744,21.635286274672744,761.3047401863088,6.217248937900877e-15,782.9400264609815,16.118921,706.671148,0.0,722.790069
2026-07-16_ttft_component_regression/phase1/input6000_rate5p0_reuse00_seed1,73,0.49132693907774183,743.4254382479307,743.9167651870085,761.3047401863088,6.217248937900877e-15,1505.2215053733173,1088.486676,949.085425,0.0,2037.572101
2026-07-16_ttft_component_regression/phase1/input6000_rate5p0_reuse00_seed1,57,0.0378063574419717,25.80633316645837,25.844139523900342,761.3047401863088,6.217248937900877e-15,787.1488797102091,455.889166,991.511203,0.0,1447.400369
2026-07-16_ttft_component_regression/phase1/input6000_rate5p0_reuse00_seed1,83,0.48744627247864397,41.209217128602354,41.696663401081,761.3047401863088,6.217248937900877e-15,803.0014035873897,9.022765,749.98281,0.0,759.005575
2026-07-16_ttft_component_regression/phase1/input6000_rate5p0_reuse00_seed1,56,0.011446589438806196,21.92243510876323,21.933881698202036,761.3047401863088,6.217248937900877e-15,783.2386218845108,18.190831,723.786936,0.0,741.977767
2026-07-16_ttft_component_regression/phase1/input6000_rate5p0_reuse00_seed1,72,0.08691239055064118,38.11476059464903,38.20167298519967,761.3047401863088,6.217248937900877e-15,799.5064131715085,656.446102,1038.196419,0.0,1694.642521
2026-07-16_ttft_component_regression/phase1/input6000_rate5p0_reuse00_seed1,40,0.0,21.89760757518474,21.89760757518474,761.3047401863088,6.217248937900877e-15,783.2023477614936,8.071796,701.040026,0.0,709.111822
2026-07-16_ttft_component_regression/phase1/input6000_rate5p0_reuse00_seed1,71,0.0,35.92303233203265,35.92303233203265,761.3047401863088,6.217248937900877e-15,797.2277725183415,670.500057,1025.15007,0.0,1695.650127
2026-07-16_ttft_component_regression/phase1/input6000_rate5p0_reuse00_seed1,64,0.0,30.612117643690613,30.612117643690613,761.3047401863088,6.217248937900877e-15,791.9168578299993,311.496671,1004.005907,0.0,1315.502578
2026-07-16_ttft_component_regression/phase1/input6000_rate5p0_reuse00_seed1,65,0.0,574.8692340771538,574.8692340771538,761.3047401863088,6.217248937900877e-15,1336.1739742634627,999.536393,1015.276046,0.0,2014.812439
2026-07-16_ttft_component_regression/phase1/input6000_rate5p0_reuse00_seed1,102,3314.0121599694894,44.56133859784019,3358.57349856733,761.3047401863088,6.217248937900877e-15,4119.8782387536385,2084.079484,765.438224,0.0,2849.517708
2026-07-16_ttft_component_regression/phase1/input6000_rate5p0_reuse00_seed1,151,5028.198107647485,54.64627244437986,5082.844380091865,761.3047401863088,6.217248937900877e-15,5844.1491202781735,3793.933789,766.484323,0.0,4560.418112
2026-07-16_ttft_component_regression/phase1/input6000_rate5p0_reuse00_seed1,148,4000.713689610639,54.66569833202376,4055.3793879426626,761.3047401863088,6.217248937900877e-15,4816.684128128972,2817.968037,766.880574,0.0,3584.848611
2026-07-16_ttft_component_regression/phase1/input6000_rate5p0_reuse00_seed1,154,6113.180428213326,46.94469537719107,6160.125123590517,761.3047401863088,6.217248937900877e-15,6921.429863776826,5616.4152189999995,761.973134,0.0,6378.388353
2026-07-16_ttft_component_regression/phase1/input6000_rate5p0_reuse00_seed1,158,5806.243473812869,46.94469537719107,5853.18816919006,761.3047401863088,6.217248937900877e-15,6614.4929093763685,5501.357631,762.665994,0.0,6264.023625
2026-07-16_ttft_component_regression/phase1/input6000_rate5p0_reuse00_seed1,146,3433.6241387629366,54.69916309972264,3488.3233018626593,761.3047401863088,6.217248937900877e-15,4249.628042048968,2326.422058,769.961453,0.0,3096.383511
2026-07-16_ttft_component_regression/phase1/input6000_rate5p0_reuse00_seed1,219,951.0701812926022,22.530975446906233,973.6011567395085,761.3047401863088,6.217248937900877e-15,1734.9058969258172,1639.277087,770.947977,0.0,2410.225064
2026-07-16_ttft_component_regression/phase1/input6000_rate5p0_reuse00_seed1,165,7176.709936851016,47.02722160103984,7223.737158452056,761.3047401863088,6.217248937900877e-15,7985.041898638365,7636.778603,762.862642,0.0,8399.641245
2026-07-16_ttft_component_regression/phase1/input6000_rate5p0_reuse00_seed1,137,4622.429660574775,46.927758059392275,4669.3574186341675,761.3047401863088,0.6231131039153092,5431.285271924391,10585.192944,760.660865,0.619393,11346.473202
2026-07-16_ttft_component_regression/phase1/input6000_rate5p0_reuse00_seed1,175,6850.918155615739,53.03192359107457,6903.950079206814,761.3047401863088,6.217248937900877e-15,7665.2548193931225,8305.114153999999,768.026282,0.0,9073.140436
2026-07-16_ttft_component_regression/phase1/input6000_rate5p0_reuse00_seed1,211,2371.2247249335155,30.00364634125832,2401.228371274774,761.3047401863088,0.6231131039153092,3163.156224564998,5556.427737,766.069718,0.619393,6323.116848
2026-07-16_ttft_component_regression/phase1/input6000_rate5p0_reuse00_seed1,232,2627.2365723681623,22.50741558561102,2649.7439879537733,761.3047401863088,6.217248937900877e-15,3411.048728140082,7147.900152,766.602159,0.0,7914.502311
2026-07-16_ttft_component_regression/phase1/input6000_rate5p0_reuse00_seed1,241,4006.0441754751296,29.997314700169557,4036.0414901752993,761.3047401863088,6.217248937900877e-15,4797.346230361608,12772.816007,775.467291,0.0,13548.283298
2026-07-16_ttft_component_regression/phase1/input6000_rate5p0_reuse00_seed1,236,3773.886010291314,30.015949478261142,3803.901959769575,761.3047401863088,6.217248937900877e-15,4565.206699955884,8658.846822,762.808456,0.0,9421.655278
2026-07-16_ttft_component_regression/phase1/input6000_rate5p0_reuse00_seed1,253,5416.936185166283,39.89576056611724,5456.8319457324005,761.3047401863088,6.217248937900877e-15,6218.136685918709,12667.917975,761.48455,0.0,13429.402525
2026-07-16_ttft_component_regression/phase1/input6000_rate5p0_reuse00_seed1,238,3974.0048917137356,30.027768094753206,4004.032659808489,761.3047401863088,6.217248937900877e-15,4765.337399994798,10598.534429,763.63675,0.0,11362.171179
2026-07-16_ttft_component_regression/phase1/input6000_rate5p0_reuse00_seed1,296,3944.270187538795,30.00364634125832,3974.2738338800536,761.3047401863088,6.217248937900877e-15,4735.578574066362,9634.131641,761.954011,0.0,10396.085652
2026-07-16_ttft_component_regression/phase1/input6000_rate5p0_reuse00_seed1,240,4032.2754340614765,30.02583219256745,4062.301266254044,761.3047401863088,6.217248937900877e-15,4823.606006440353,11928.495726000001,763.057121,0.0,12691.552847
2026-07-16_ttft_component_regression/phase1/input6000_rate5p0_reuse00_seed1,274,4000.415618434266,29.986497439797876,4030.402115874064,761.3047401863088,6.217248937900877e-15,4791.706856060373,12303.318311,764.075554,0.0,13067.393865
2026-07-16_ttft_component_regression/phase1/input6000_rate5p0_reuse00_seed1,19,0.0,1.0666312350175788,1.0666312350175788,761.3047401863088,6.217248937900877e-15,762.3713714213263,0.036519,676.342498,0.0,676.379017
2026-07-16_ttft_component_regression/phase1/input6000_rate5p0_reuse00_seed1,30,0.016879284907745845,12.73277272349536,12.749652008403107,761.3047401863088,6.217248937900877e-15,774.0543921947119,15.674736,694.644396,0.0,710.319132
2026-07-16_ttft_component_regression/phase1/input6000_rate5p0_reuse00_seed1,52,0.013585076625870355,22.120558160941734,22.134143237567603,761.3047401863088,6.217248937900877e-15,783.4388834238764,21.992466,710.268142,0.0,732.260608
2026-07-16_ttft_component_regression/phase1/input6000_rate5p0_reuse00_seed1,33,0.0,21.93312199484345,21.93312199484345,761.3047401863088,6.217248937900877e-15,783.2378621811522,0.918668,699.999898,0.0,700.918566
2026-07-16_ttft_component_regression/phase1/input6000_rate5p0_reuse00_seed1,75,0.015245229959369975,20.87239601125522,20.887641241214588,761.3047401863088,6.217248937900877e-15,782.1923814275234,2.231861,723.691416,0.0,725.923277
2026-07-16_ttft_component_regression/phase1/input6000_rate5p0_reuse00_seed1,80,1.1493058977191033,42.53365254015228,43.682958437871385,761.3047401863088,0.6231131039153092,805.6108117280955,485.244258,1003.886963,0.619393,1489.750614
2026-07-16_ttft_component_regression/phase1/input6000_rate5p0_reuse00_seed1,94,1.1455766595161718,42.5275937377578,43.67317039727397,761.3047401863088,0.6231131039153092,805.6010236874981,2.888802,750.787075,0.619393,754.29527
2026-07-16_ttft_component_regression/phase1/input6000_rate5p0_reuse00_seed1,76,0.03903249770007483,24.67642046312819,24.715452960828262,761.3047401863088,6.217248937900877e-15,786.0201931471371,98.130463,991.385987,0.0,1089.51645
2026-07-16_ttft_component_regression/phase1/input6000_rate5p0_reuse00_seed1,81,1.17552327618757,42.57396967550339,43.74949295169096,761.3047401863088,0.6231131039153092,805.6773462419151,1035.084816,955.373528,0.619393,1991.077737
2026-07-16_ttft_component_regression/phase1/input6000_rate5p0_reuse00_seed1,90,1.1698888854967988,42.56564126772562,43.73553015322241,761.3047401863088,0.6231131039153092,805.6633834434465,20.304679,734.466741,0.619393,755.390813
2026-07-16_ttft_component_regression/phase1/input6000_rate5p0_reuse00_seed1,47,0.0,21.711313393473457,21.711313393473457,761.3047401863088,6.217248937900877e-15,783.0160535797822,2.690932,706.33166,0.0,709.022592
2026-07-16_ttft_component_regression/phase1/input6000_rate5p0_reuse00_seed1,96,1.1956319880687203,41.169850434008396,42.365482422077115,761.3047401863088,0.6231131039153092,804.2933357123012,130.655518,1009.135873,0.619393,1140.410784
2026-07-16_ttft_component_regression/phase1/input6000_rate5p0_reuse00_seed1,108,7313.686374179047,46.954613139358784,7360.640987318406,761.3047401863088,0.6231131039153092,8122.568840608629,10809.587309999999,761.818205,0.619393,11572.024908
2026-07-16_ttft_component_regression/phase1/input6000_rate5p0_reuse00_seed1,120,5865.918653673805,46.93459391947261,5912.853247593278,761.3047401863088,0.6231131039153092,6674.7811008835015,11411.532649,757.9801,0.619393,12170.132142
2026-07-16_ttft_component_regression/phase1/input6000_rate5p0_reuse00_seed1,104,7028.134394253615,44.543384976850454,7072.677779230466,761.3047401863088,0.6231131039153092,7834.605632520689,9967.07602,757.806407,0.619393,10725.50182
2026-07-16_ttft_component_regression/phase1/input6000_rate5p0_reuse00_seed1,140,3859.2068956083617,46.93798142041438,3906.144877028776,761.3047401863088,0.6231131039153092,4668.072730319,8961.680390000001,762.238742,0.619393,9724.538525
2026-07-16_ttft_component_regression/phase1/input6000_rate5p0_reuse00_seed1,125,5317.476768480704,47.07132007403252,5364.548088554737,761.3047401863088,6.217248937900877e-15,6125.852828741045,3358.122356,759.466036,0.0,4117.588392
2026-07-16_ttft_component_regression/phase1/input6000_rate5p0_reuse00_seed1,202,2492.6389908484484,39.95958377427249,2532.598574622721,761.3047401863088,6.217248937900877e-15,3293.90331480903,2385.4236730000002,760.705618,0.0,3146.129291
2026-07-16_ttft_component_regression/phase1/input6000_rate5p0_reuse00_seed1,171,7238.883845456079,54.70988451891345,7293.593729974993,761.3047401863088,0.6231131039153092,8055.521583265217,11988.243583,761.322429,0.619393,12750.185405
2026-07-16_ttft_component_regression/phase1/input6000_rate5p0_reuse00_seed1,162,7419.818326775006,54.61396794972542,7474.432294724732,761.3047401863088,0.6231131039153092,8236.360148014955,11473.776525,764.884028,0.619393,12239.279946
2026-07-16_ttft_component_regression/phase1/input6000_rate5p0_reuse00_seed1,192,3538.1890557302104,39.791472888341616,3577.980528618552,761.3047401863088,0.6231131039153092,4339.9083819087755,13423.21578,763.319115,0.619393,14187.154288
2026-07-16_ttft_component_regression/phase1/input6000_rate5p0_reuse00_seed1,178,6311.48136129459,53.00002293170102,6364.481384226291,761.3047401863088,0.6231131039153092,7126.409237516515,14918.008228,774.070039,0.619393,15692.69766
2026-07-16_ttft_component_regression/phase1/input6000_rate5p0_reuse00_seed1,177,6316.928972134826,53.003320577839496,6369.932292712665,761.3047401863088,0.6231131039153092,7131.8601460028885,14022.230754,768.090312,0.619393,14790.940459
2026-07-16_ttft_component_regression/phase1/input6000_rate5p0_reuse00_seed1,198,3837.539416966957,52.80127014089601,3890.3406871078532,761.3047401863088,0.6231131039153092,4652.268540398077,19622.648273,1020.865148,0.619393,20644.132814
2026-07-16_ttft_component_regression/phase1/input6000_rate5p0_reuse00_seed1,196,4292.517408287124,53.003320577839496,4345.5207288649635,761.3047401863088,0.6231131039153092,5107.448582155187,19431.371997,762.40711,0.619393,20194.3985
2026-07-16_ttft_component_regression/phase1/input6000_rate5p0_reuse00_seed1,201,2474.6883932415117,39.93540107554136,2514.623794317053,761.3047401863088,0.6231131039153092,3276.551647607277,20519.431792,772.782948,0.619393,21292.834133
2026-07-16_ttft_component_regression/phase1/input6000_rate5p0_reuse00_seed1,179,6939.374592274684,52.85329949575455,6992.227891770439,761.3047401863088,0.6231131039153092,7754.155745060662,26272.778886,767.559354,0.619393,27040.957633
2026-07-16_ttft_component_regression/phase1/input6000_rate5p0_reuse00_seed1,184,6725.787279326354,52.85329949575455,6778.640578822109,761.3047401863088,0.6231131039153092,7540.568432112333,25918.60892,762.383271,0.619393,26681.611584
2026-07-16_ttft_component_regression/phase1/input6000_rate5p0_reuse00_seed1,244,5634.334083859683,39.97099001852632,5674.305073878209,761.3047401863088,0.6231131039153092,6436.232927168433,19725.954917,766.328956,0.619393,20492.903266
2026-07-16_ttft_component_regression/phase1/input6000_rate5p0_reuse00_seed1,265,3827.9157402492247,29.901761285580907,3857.8175015348056,761.3047401863088,6.217248937900877e-15,4619.122241721115,11414.413477,766.661394,0.0,12181.074871
2026-07-16_ttft_component_regression/phase1/input6000_rate5p0_reuse00_seed1,263,3986.2767518888036,29.999438521697762,4016.2761904105014,761.3047401863088,0.6231131039153092,4778.204043700725,20701.712244000002,767.368094,0.619393,21469.699731
2026-07-16_ttft_component_regression/phase1/input6000_rate5p0_reuse00_seed1,290,3748.809270552692,29.917383987213984,3778.726654539906,761.3047401863088,6.217248937900877e-15,4540.031394726215,8936.035859,769.408391,0.0,9705.44425
2026-07-16_ttft_component_regression/phase1/input6000_rate5p0_reuse00_seed1,254,5516.451814271647,39.93034744045233,5556.382161712099,761.3047401863088,0.6231131039153092,6318.310015002323,20337.397205999998,767.821524,0.619393,21105.838123
2026-07-16_ttft_component_regression/phase1/input6000_rate5p0_reuse00_seed1,264,3974.0183356320667,29.995177636286268,4004.013513268353,761.3047401863088,0.6231131039153092,4765.941366558577,21537.541215,713.059245,0.619393,22251.219853
2026-07-16_ttft_component_regression/phase1/input6000_rate5p0_reuse00_seed1,279,4098.775287002925,30.065243035338487,4128.840530038264,761.3047401863088,0.6231131039153092,4890.768383328487,22483.37682,767.291982,0.619393,23251.288195
2026-07-16_ttft_component_regression/phase1/input6000_rate5p0_reuse00_seed1,292,4055.0880834846635,30.0481599757763,4085.13624346044,761.3047401863088,0.6231131039153092,4847.064096750663,30189.475541,763.989391,0.619393,30954.084325
2026-07-16_ttft_component_regression/phase1/input6000_rate5p0_reuse00_seed1,298,3976.271143303647,30.015949478261142,4006.287092781908,761.3047401863088,0.6231131039153092,4768.214946072132,30617.970374,773.07911,0.619393,31391.668877
2026-07-16_ttft_component_regression/phase1/input6000_rate5p0_reuse00_seed1,286,3947.6632240521335,30.031599066816316,3977.69482311895,761.3047401863088,0.6231131039153092,4739.622676409173,27097.488401,775.681598,0.619393,27873.789392
2026-07-16_ttft_component_regression/phase1/input6000_rate5p0_reuse00_seed1,284,5352.677821183383,39.937900897948,5392.61572208133,761.3047401863088,0.6231131039153092,6154.543575371554,26237.687511,765.605089,0.619393,27003.911993
2026-07-16_ttft_component_regression/phase1/input6000_rate5p0_reuse00_seed1,299,4012.458451206596,30.037243085346805,4042.4956942919425,761.3047401863088,0.6231131039153092,4804.423547582166,33205.154188,773.472094,0.619393,33979.245675
2026-07-16_ttft_component_regression/phase1/input6000_rate5p0_reuse00_seed1,1,0.0,1.062224097486187,1.062224097486187,761.3047401863088,6.217248937900877e-15,762.3669642837949,0.738462,689.692786,0.0,690.431248
2026-07-16_ttft_component_regression/phase1/input6000_rate5p0_reuse00_seed1,3,0.016939656498073163,12.72801661012384,12.744956266621912,761.3047401863088,6.217248937900877e-15,774.0496964529307,336.56417,927.033461,0.0,1263.597631
2026-07-16_ttft_component_regression/phase1/input6000_rate5p0_reuse00_seed1,14,0.0,21.944970279233612,21.944970279233612,761.3047401863088,6.217248937900877e-15,783.2497104655424,18.287005,712.693798,0.0,730.980803
2026-07-16_ttft_component_regression/phase1/input6000_rate5p0_reuse00_seed1,15,0.0,21.64823842009401,21.64823842009401,761.3047401863088,6.217248937900877e-15,782.9529786064028,392.716127,946.384772,0.0,1339.100899
2026-07-16_ttft_component_regression/phase1/input6000_rate5p0_reuse00_seed1,24,0.012733867042056998,22.04077200989653,22.053505876938587,761.3047401863088,6.217248937900877e-15,783.3582460632474,3.821148,709.47563,0.0,713.296778
2026-07-16_ttft_component_regression/phase1/input6000_rate5p0_reuse00_seed1,32,0.03765208894819044,25.95867088170431,25.9963229706525,761.3047401863088,6.217248937900877e-15,787.3010631569613,9.656537,717.098578,0.0,726.755115
2026-07-16_ttft_component_regression/phase1/input6000_rate5p0_reuse00_seed1,44,0.0,33.96033362334864,33.96033362334864,761.3047401863088,6.217248937900877e-15,795.2650738096575,333.026307,980.895983,0.0,1313.92229
2026-07-16_ttft_component_regression/phase1/input6000_rate5p0_reuse00_seed1,61,0.0,35.88742787321762,35.88742787321762,761.3047401863088,6.217248937900877e-15,797.1921680595264,8.912188,735.238997,0.0,744.151185
2026-07-16_ttft_component_regression/phase1/input6000_rate5p0_reuse00_seed1,42,0.0,30.68240411425596,30.68240411425596,761.3047401863088,6.217248937900877e-15,791.9871443005648,20.35161,735.892318,0.0,756.243928
2026-07-16_ttft_component_regression/phase1/input6000_rate5p0_reuse00_seed1,69,0.08135434158182811,38.05510795184073,38.13646229342256,761.3047401863088,6.217248937900877e-15,799.4412024797314,24.190221,743.646264,0.0,767.836485
2026-07-16_ttft_component_regression/phase1/input6000_rate5p0_reuse00_seed1,99,4108.689519705416,42.907633118636745,4151.597152824053,761.3047401863088,6.217248937900877e-15,4912.901893010362,2989.221734,763.817047,0.0,3753.038781
2026-07-16_ttft_component_regression/phase1/input6000_rate5p0_reuse00_seed1,84,0.0900979425112113,36.017323368634244,36.10742131114546,761.3047401863088,6.217248937900877e-15,797.4121614974542,16.737332,744.754296,0.0,761.491628
2026-07-16_ttft_component_regression/phase1/input6000_rate5p0_reuse00_seed1,113,1538.7746466187343,47.015962881589346,1585.7906095003236,761.3047401863088,6.217248937900877e-15,2347.0953496866323,1024.410058,764.69358,0.0,1789.103638
2026-07-16_ttft_component_regression/phase1/input6000_rate5p0_reuse00_seed1,131,0.03951804878740416,37.37899368757277,37.41851173636018,761.3047401863088,6.217248937900877e-15,798.723251922669,2.50938,741.991446,0.0,744.500826
2026-07-16_ttft_component_regression/phase1/input6000_rate5p0_reuse00_seed1,95,0.5173825428297936,39.0875793145554,39.60496185738519,761.3047401863088,6.217248937900877e-15,800.909702043694,19.627869,756.083024,0.0,775.710893
2026-07-16_ttft_component_regression/phase1/input6000_rate5p0_reuse00_seed1,138,0.04212725984808988,37.422551968219864,37.46467922806795,761.3047401863088,6.217248937900877e-15,798.7694194143767,2.464064,742.842957,0.0,745.307021
2026-07-16_ttft_component_regression/phase1/input6000_rate5p0_reuse00_seed1,188,0.5856120442500298,48.53766982311116,49.123281867361186,761.3047401863088,6.217248937900877e-15,810.42802205367,241.131307,736.74263,0.0,977.873937
2026-07-16_ttft_component_regression/phase1/input6000_rate5p0_reuse00_seed1,185,0.1501364898048104,44.8280601491803,44.97819663898511,761.3047401863088,6.217248937900877e-15,806.2829368252939,25.382991,749.598152,0.0,774.981143
2026-07-16_ttft_component_regression/phase1/input6000_rate5p0_reuse00_seed1,218,0.0,27.376097513737633,27.376097513737633,761.3047401863088,6.217248937900877e-15,788.6808377000464,12.185426,757.878153,0.0,770.063579
2026-07-16_ttft_component_regression/phase1/input6000_rate5p0_reuse00_seed1,182,0.09618824964367062,43.64278743125462,43.738975680898285,761.3047401863088,6.217248937900877e-15,805.0437158672071,7.790856,747.27563,0.0,755.066486
2026-07-16_ttft_component_regression/phase1/input6000_rate5p0_reuse00_seed1,227,0.0,25.240738959764695,25.240738959764695,761.3047401863088,6.217248937900877e-15,786.5454791460735,2.879213,761.355608,0.0,764.234821
2026-07-16_ttft_component_regression/phase1/input6000_rate5p0_reuse00_seed1,229,0.0,27.34911626763187,27.34911626763187,761.3047401863088,6.217248937900877e-15,788.6538564539406,371.356412,1040.148148,0.0,1411.50456
2026-07-16_ttft_component_regression/phase1/input6000_rate5p0_reuse00_seed1,214,0.22831043350553112,29.95920336988231,30.18751380338784,761.3047401863088,0.6231131039153092,792.1153670936119,27.888593,756.836042,0.619393,785.344028
2026-07-16_ttft_component_regression/phase1/input6000_rate5p0_reuse00_seed1,239,0.16043802287750886,36.460794704620795,36.6212327274983,761.3047401863088,6.217248937900877e-15,797.9259729138071,25.086377,769.070094,0.0,794.156471
2026-07-16_ttft_component_regression/phase1/input6000_rate5p0_reuse00_seed1,245,0.0,33.67446898625402,33.67446898625402,761.3047401863088,6.217248937900877e-15,794.9792091725628,0.338011,759.080222,0.0,759.418233
2026-07-16_ttft_component_regression/phase1/input6000_rate5p0_reuse00_seed1,255,0.17258960052995354,36.54561680303922,36.71820640356918,761.3047401863088,6.217248937900877e-15,798.022946589878,14.772512,766.042208,0.0,780.81472
2026-07-16_ttft_component_regression/phase1/input6000_rate5p0_reuse00_seed1,260,2675.990584172356,30.023882711534455,2706.0144668838907,761.3047401863088,6.217248937900877e-15,3467.3192070701994,4157.082740999999,761.040178,0.0,4918.122919
2026-07-16_ttft_component_regression/phase1/input6000_rate5p0_reuse00_seed1,277,3745.76099699305,30.011902012013863,3775.7728990050637,761.3047401863088,6.217248937900877e-15,4537.077639191372,8330.144218,760.212047,0.0,9090.356265
2026-07-16_ttft_component_regression/phase1/input6000_rate5p0_reuse00_seed1,261,3509.6367551005087,30.027768094753206,3539.664523195262,761.3047401863088,6.217248937900877e-15,4300.969263381571,6831.211012,762.442031,0.0,7593.653043
2026-07-16_ttft_component_regression/phase1/input6000_rate5p0_reuse00_seed1,276,3636.260470057235,30.029690394146915,3666.2901604513822,761.3047401863088,6.217248937900877e-15,4427.594900637691,7526.695399,767.030697,0.0,8293.726096
2026-07-16_ttft_component_regression/phase1/input6000_rate5p0_reuse00_seed1,287,3671.2604456813,30.02583219256745,3701.2862778738677,761.3047401863088,6.217248937900877e-15,4462.591018060177,7288.482407,760.738394,0.0,8049.220801
2026-07-16_ttft_component_regression/phase1/input6000_rate5p0_reuse00_seed1,12,0.0,1.0710361437039821,1.0710361437039821,761.3047401863088,6.217248937900877e-15,762.3757763300127,0.016903,676.342498,0.0,676.359401
2026-07-16_ttft_component_regression/phase1/input6000_rate5p0_reuse00_seed1,31,0.017692908554605348,12.66278244270616,12.680475351260766,761.3047401863088,6.217248937900877e-15,773.9852155375695,5.791894,694.997132,0.0,700.789026
2026-07-16_ttft_component_regression/phase1/input6000_rate5p0_reuse00_seed1,35,0.0,22.06341918330807,22.06341918330807,761.3047401863088,6.217248937900877e-15,783.3681593696168,10.562533,700.26697,0.0,710.829503
2026-07-16_ttft_component_regression/phase1/input6000_rate5p0_reuse00_seed1,45,0.0,21.555685791733826,21.555685791733826,761.3047401863088,6.217248937900877e-15,782.8604259780426,10.627238,719.401519,0.0,730.028757
2026-07-16_ttft_component_regression/phase1/input6000_rate5p0_reuse00_seed1,62,0.00916819367338766,21.71936312310178,21.728531316775168,761.3047401863088,6.217248937900877e-15,783.0332715030839,17.345291,709.90267,0.0,727.247961
2026-07-16_ttft_component_regression/phase1/input6000_rate5p0_reuse00_seed1,77,0.0,33.83037033963972,33.83037033963972,761.3047401863088,6.217248937900877e-15,795.1351105259484,20.564472,733.720885,0.0,754.285357
2026-07-16_ttft_component_regression/phase1/input6000_rate5p0_reuse00_seed1,67,0.03786441095620892,25.597534728175663,25.635399139131874,761.3047401863088,6.217248937900877e-15,786.9401393254407,13.028174,729.397641,0.0,742.425815
2026-07-16_ttft_component_regression/phase1/input6000_rate5p0_reuse00_seed1,46,0.009386402765269286,21.738477242616927,21.747863645382196,761.3047401863088,6.217248937900877e-15,783.0526038316909,248.361786,953.595604,0.0,1201.95739
2026-07-16_ttft_component_regression/phase1/input6000_rate5p0_reuse00_seed1,74,0.0,32.04484742077369,32.04484742077369,761.3047401863088,6.217248937900877e-15,793.3495876070824,9.445419,728.51357,0.0,737.958989
2026-07-16_ttft_component_regression/phase1/input6000_rate5p0_reuse00_seed1,68,0.0,30.512271987257364,30.512271987257364,761.3047401863088,6.217248937900877e-15,791.8170121735661,307.73614,969.21254,0.0,1276.94868
2026-07-16_ttft_component_regression/phase1/input6000_rate5p0_reuse00_seed1,91,0.06301443747587067,35.738861771889496,35.80187620936537,761.3047401863088,6.217248937900877e-15,797.1066163956741,7.527585,742.998168,0.0,750.525753
2026-07-16_ttft_component_regression/phase1/input6000_rate5p0_reuse00_seed1,101,0.5030347259061785,39.00962356530201,39.51265829120818,761.3047401863088,6.217248937900877e-15,800.8173984775169,21.798425,753.735988,0.0,775.534413
2026-07-16_ttft_component_regression/phase1/input6000_rate5p0_reuse00_seed1,117,0.5874922097126717,40.63322551820496,41.22071772791763,761.3047401863088,6.217248937900877e-15,802.5254579142264,11.720735,767.200868,0.0,778.921603
2026-07-16_ttft_component_regression/phase1/input6000_rate5p0_reuse00_seed1,152,0.22846065476819574,39.52461843699387,39.75307909176207,761.3047401863088,6.217248937900877e-15,801.0578192780708,17.170614,754.964911,0.0,772.135525
2026-07-16_ttft_component_regression/phase1/input6000_rate5p0_reuse00_seed1,161,1.4480975077044516,46.91031514943438,48.358412657138835,761.3047401863088,0.6231131039153092,810.286265947363,203.289211,1021.344863,0.619393,1225.253467
2026-07-16_ttft_component_regression/phase1/input6000_rate5p0_reuse00_seed1,180,0.7237666779707024,43.03746889734603,43.76123557531673,761.3047401863088,6.217248937900877e-15,805.0659757616255,25.764452,768.024223,0.0,793.788675
2026-07-16_ttft_component_regression/phase1/input6000_rate5p0_reuse00_seed1,160,0.24081943797589922,39.64684681641421,39.88766625439011,761.3047401863088,6.217248937900877e-15,801.1924064406988,0.670881,759.033513,0.0,759.704394
2026-07-16_ttft_component_regression/phase1/input6000_rate5p0_reuse00_seed1,195,4593.292296202004,39.92522202876959,4633.217518230774,761.3047401863088,6.217248937900877e-15,5394.522258417082,6182.844965,770.712541,0.0,6953.557506
2026-07-16_ttft_component_regression/phase1/input6000_rate5p0_reuse00_seed1,190,4257.300153943029,39.93034744045233,4297.230501383481,761.3047401863088,6.217248937900877e-15,5058.53524156979,5465.940373,761.118862,0.0,6227.059235
2026-07-16_ttft_component_regression/phase1/input6000_rate5p0_reuse00_seed1,186,16.952891207274252,52.93290188637686,69.88579309365112,761.3047401863088,0.6231131039153092,831.8136463838753,42.120841,772.353362,0.619393,815.093596
2026-07-16_ttft_component_regression/phase1/input6000_rate5p0_reuse00_seed1,220,265.46520734354954,22.45997979458863,287.92518713813814,761.3047401863088,0.6231131039153092,1049.8530404283622,2874.085393,756.821225,0.619393,3631.526011
2026-07-16_ttft_component_regression/phase1/input6000_rate5p0_reuse00_seed1,189,2825.283368516854,39.957247434441285,2865.2406159512952,761.3047401863088,6.217248937900877e-15,3626.545356137604,3275.759347,761.34289,0.0,4037.102237
2026-07-16_ttft_component_regression/phase1/input6000_rate5p0_reuse00_seed1,199,5644.031244906818,52.89422762980173,5696.92547253662,761.3047401863088,0.6231131039153092,6458.8533258268435,5565.619198,1028.474002,0.619393,6594.712593
2026-07-16_ttft_component_regression/phase1/input6000_rate5p0_reuse00_seed1,258,201.52042606493205,30.055160913928034,231.5755869788601,761.3047401863088,0.6231131039153092,993.5034402690842,831.0785900000001,1040.314732,0.619393,1872.012715
2026-07-16_ttft_component_regression/phase1/input6000_rate5p0_reuse00_seed1,268,2414.6994055332348,4017.249555335831,6431.948960869066,761.3047401863088,0.6231131039153092,7193.876814159289,3306.528515,762.819046,0.619393,4069.966954
2026-07-16_ttft_component_regression/phase1/input6000_rate5p0_reuse00_seed1,226,3643.861133327179,4019.478654052975,7663.339787380153,761.3047401863088,0.6231131039153092,8425.267640670378,7177.284865,763.772716,0.619393,7941.676974
2026-07-16_ttft_component_regression/phase1/input6000_rate5p0_reuse00_seed1,278,1404.1981230137915,30.044576219598227,1434.2426992333897,761.3047401863088,0.6231131039153092,2196.170552523614,7699.961278000001,759.665965,0.619393,8460.246636
2026-07-16_ttft_component_regression/phase1/input6000_rate5p0_reuse00_seed1,288,3202.6060743561698,29.999438521697762,3232.6055128778676,761.3047401863088,6.217248937900877e-15,3993.9102530641762,5499.510761,761.872417,0.0,6261.383178
2026-07-16_ttft_component_regression/phase1/input6000_rate5p0_reuse00_seed1,291,3413.979575845317,30.00364634125832,3443.9832221865754,761.3047401863088,6.217248937900877e-15,4205.287962372884,6263.757132000001,772.937026,0.0,7036.694158
2026-07-16_ttft_component_regression/phase1/input6000_rate5p0_reuse00_seed1,270,2369.1761316029533,528.3000071355779,2897.476138738531,761.3047401863088,0.6231131039153092,3659.403992028755,8194.140091,768.52037,0.619393,8963.279854
2026-07-16_ttft_component_regression/phase1/input6000_rate5p0_reuse00_seed1,295,3754.5963786255543,30.02583219256745,3784.622210818122,761.3047401863088,6.217248937900877e-15,4545.9269510044305,7685.259681,769.966353,0.0,8455.226034
2026-07-16_ttft_component_regression/phase1/input6000_rate5p0_reuse00_seed1,10,0.0,21.927199376015803,21.927199376015803,761.3047401863088,6.217248937900877e-15,783.2319395623246,225.11059,939.212708,0.0,1164.323298
2026-07-16_ttft_component_regression/phase1/input6000_rate5p0_reuse00_seed1,2,0.0,1.1280787070773115,1.1280787070773115,761.3047401863088,6.217248937900877e-15,762.4328188933861,0.294013,676.342498,0.0,676.636511
2026-07-16_ttft_component_regression/phase1/input6000_rate5p0_reuse00_seed1,8,0.01593364453763702,12.799684159538225,12.815617804075863,761.3047401863088,6.217248937900877e-15,774.1203579903846,12.571946,707.239983,0.0,719.811929
2026-07-16_ttft_component_regression/phase1/input6000_rate5p0_reuse00_seed1,20,0.0,21.65820812335312,21.65820812335312,761.3047401863088,6.217248937900877e-15,782.9629483096619,14.61846,705.333452,0.0,719.951912
2026-07-16_ttft_component_regression/phase1/input6000_rate5p0_reuse00_seed1,55,0.03768003637339192,25.936994398162852,25.974674434536244,761.3047401863088,6.217248937900877e-15,787.279414620845,37.527569,717.984466,0.0,755.512035
2026-07-16_ttft_component_regression/phase1/input6000_rate5p0_reuse00_seed1,60,0.0,30.601851175847152,30.601851175847152,761.3047401863088,6.217248937900877e-15,791.906591362156,16.08363,724.148234,0.0,740.231864
2026-07-16_ttft_component_regression/phase1/input6000_rate5p0_reuse00_seed1,51,0.012947219610254157,22.060652282281133,22.073599501891387,761.3047401863088,6.217248937900877e-15,783.3783396882002,1.865899,711.573838,0.0,713.439737
2026-07-16_ttft_component_regression/phase1/input6000_rate5p0_reuse00_seed1,118,0.03854804801505757,37.36221537705278,37.40076342506784,761.3047401863088,6.217248937900877e-15,798.7055036113766,197.803344,1036.955736,0.0,1234.75908
2026-07-16_ttft_component_regression/phase1/input6000_rate5p0_reuse00_seed1,97,0.004974226573477059,20.521074529760615,20.52604875633409,761.3047401863088,6.217248937900877e-15,781.8307889426428,7.351152,706.722604,0.0,714.073756
2026-07-16_ttft_component_regression/phase1/input6000_rate5p0_reuse00_seed1,105,0.12311882381637036,25.401541050647854,25.524659874464223,761.3047401863088,6.217248937900877e-15,786.829400060773,279.820728,1003.455651,0.0,1283.276379
2026-07-16_ttft_component_regression/phase1/input6000_rate5p0_reuse00_seed1,119,1.4289560026883374,46.877658772826884,48.30661477551522,761.3047401863088,0.6231131039153092,810.2344680657393,344.767666,1040.661829,0.619393,1386.048888
2026-07-16_ttft_component_regression/phase1/input6000_rate5p0_reuse00_seed1,121,1.431077922534729,46.8813665536233,48.31244447615803,761.3047401863088,0.6231131039153092,810.2402977663821,935.265676,992.876416,0.619393,1928.761485
2026-07-16_ttft_component_regression/phase1/input6000_rate5p0_reuse00_seed1,116,0.0,33.557087282946135,33.557087282946135,761.3047401863088,6.217248937900877e-15,794.8618274692549,21.818762,747.29466,0.0,769.113422
2026-07-16_ttft_component_regression/phase1/input6000_rate5p0_reuse00_seed1,103,1.4076482911004937,44.642615148233695,46.05026343933419,761.3047401863088,0.6231131039153092,807.9781167295583,13.556243,732.787256,0.619393,746.962892
2026-07-16_ttft_component_regression/phase1/input6000_rate5p0_reuse00_seed1,107,1.431077922534729,46.8813665536233,48.31244447615803,761.3047401863088,0.6231131039153092,810.2402977663821,612.3999259999999,936.791247,0.619393,1549.810566
2026-07-16_ttft_component_regression/phase1/input6000_rate5p0_reuse00_seed1,134,2365.8718496120955,46.84340684253097,2412.7152564546263,761.3047401863088,6.217248937900877e-15,3174.019996640935,1768.463536,754.195355,0.0,2522.658891
2026-07-16_ttft_component_regression/phase1/input6000_rate5p0_reuse00_seed1,127,4912.949886503428,47.03813772614623,4959.988024229575,761.3047401863088,0.6231131039153092,5721.915877519798,10496.406198,772.239759,0.619393,11269.26535
2026-07-16_ttft_component_regression/phase1/input6000_rate5p0_reuse00_seed1,126,4923.57092929227,46.931186119999104,4970.50211541227,761.3047401863088,0.6231131039153092,5732.429968702493,4836.801982,754.135607,0.619393,5591.556982
2026-07-16_ttft_component_regression/phase1/input6000_rate5p0_reuse00_seed1,228,2296.8643293492414,30.031599066816316,2326.895928416058,761.3047401863088,0.6231131039153092,3088.823781706282,3562.9805730000003,769.776529,0.619393,4333.376495
2026-07-16_ttft_component_regression/phase1/input6000_rate5p0_reuse00_seed1,197,6214.549892816229,52.84058786422722,6267.390480680456,761.3047401863088,0.6231131039153092,7029.318333970679,9858.738353,771.759037,0.619393,10631.116783
2026-07-16_ttft_component_regression/phase1/input6000_rate5p0_reuse00_seed1,173,8048.855607394641,54.650204923720935,8103.505812318362,761.3047401863088,6.217248937900877e-15,8864.81055250467,10750.579669,1028.763834,0.0,11779.343503
2026-07-16_ttft_component_regression/phase1/input6000_rate5p0_reuse00_seed1,130,3390.182158139427,46.927758059392275,3437.109916198819,761.3047401863088,0.6231131039153092,4199.037769489043,16688.433217,757.6647,0.619393,17446.71731
2026-07-16_ttft_component_regression/phase1/input6000_rate5p0_reuse00_seed1,212,2348.345207077994,29.970802844639838,2378.316009922634,761.3047401863088,6.217248937900877e-15,3139.6207501089425,4544.394594,1034.863964,0.0,5579.258558
2026-07-16_ttft_component_regression/phase1/input6000_rate5p0_reuse00_seed1,221,79.69887762176775,29.970802844639838,109.66968046640758,761.3047401863088,6.217248937900877e-15,870.9744206527164,2134.918356,1002.730214,0.0,3137.64857
2026-07-16_ttft_component_regression/phase1/input6000_rate5p0_reuse00_seed1,203,6130.882836479835,53.04697016287036,6183.9298066427045,761.3047401863088,0.6231131039153092,6945.857659932928,15630.576959,1039.427796,0.619393,16670.624148
2026-07-16_ttft_component_regression/phase1/input6000_rate5p0_reuse00_seed1,233,1949.016141579179,29.988687231776414,1979.0048288109554,761.3047401863088,0.6231131039153092,2740.9326821011796,15345.630144,765.78423,0.619393,16112.033767
2026-07-16_ttft_component_regression/phase1/input6000_rate5p0_reuse00_seed1,164,8476.760731105971,54.79351869913455,8531.554249805105,761.3047401863088,0.6231131039153092,9293.48210309533,20934.393771,760.947892,0.619393,21695.961056
2026-07-16_ttft_component_regression/phase1/input6000_rate5p0_reuse00_seed1,210,2413.2485663608677,29.9472831241406,2443.1958494850082,761.3047401863088,0.6231131039153092,3205.1237027752322,18382.708241,765.309904,0.619393,19148.637538
2026-07-16_ttft_component_regression/phase1/input6000_rate5p0_reuse00_seed1,234,4152.57890955532,30.060265116575497,4182.6391746718955,761.3047401863088,6.217248937900877e-15,4943.943914858204,14005.13563,770.500263,0.0,14775.635893
2026-07-16_ttft_component_regression/phase1/input6000_rate5p0_reuse00_seed1,243,108.79007569101748,39.87879383546766,148.66886952648514,761.3047401863088,0.6231131039153092,910.5967228167092,20534.374835,765.33573,0.619393,21300.329958
2026-07-16_ttft_component_regression/phase1/input6000_rate5p0_reuse00_seed1,224,4132.911800357188,30.044576219598227,4162.956376576787,761.3047401863088,0.6231131039153092,4924.884229867011,26685.040954999997,767.181019,0.619393,27452.841367
2026-07-16_ttft_component_regression/phase1/input6000_rate5p0_reuse00_seed1,6,0.0,1.062224097486187,1.062224097486187,761.3047401863088,6.217248937900877e-15,762.3669642837949,0.023528,676.342498,0.0,676.366026
2026-07-16_ttft_component_regression/phase1/input6000_rate5p0_reuse00_seed1,25,0.017410218063537656,12.68862371110591,12.706033929169447,761.3047401863088,6.217248937900877e-15,774.0107741154782,10.460266,694.435308,0.0,704.895574
2026-07-16_ttft_component_regression/phase1/input6000_rate5p0_reuse00_seed1,82,0.0,0.9675591040283484,0.9675591040283484,761.3047401863088,6.217248937900877e-15,762.2722992903372,0.013951,676.342498,0.0,676.356449
2026-07-16_ttft_component_regression/phase1/input6000_rate5p0_reuse00_seed1,87,0.0,20.767955476812258,20.767955476812258,761.3047401863088,6.217248937900877e-15,782.0726956631211,334.037117,939.425156,0.0,1273.462273
2026-07-16_ttft_component_regression/phase1/input6000_rate5p0_reuse00_seed1,98,1.2738080904195148,42.933963919382805,44.20777200980232,761.3047401863088,0.6231131039153092,806.1356253000264,4.904542,705.46238,0.619393,710.986315
2026-07-16_ttft_component_regression/phase1/input6000_rate5p0_reuse00_seed1,86,0.01842287189456884,12.000302971560043,12.018725843454611,761.3047401863088,6.217248937900877e-15,773.3234660297634,10.235515,707.527567,0.0,717.763082
2026-07-16_ttft_component_regression/phase1/input6000_rate5p0_reuse00_seed1,122,0.21960786610587127,26.423095541982224,26.642703408088096,761.3047401863088,6.217248937900877e-15,787.9474435943969,14.088186,710.499982,0.0,724.588168
2026-07-16_ttft_component_regression/phase1/input6000_rate5p0_reuse00_seed1,136,0.19543744757451254,26.63239531460265,26.827832762177163,761.3047401863088,6.217248937900877e-15,788.132572948486,14.631303,730.617353,0.0,745.248656
2026-07-16_ttft_component_regression/phase1/input6000_rate5p0_reuse00_seed1,142,1.5386784137147345,47.04081295103384,48.57949136474858,761.3047401863088,0.6231131039153092,810.5073446549727,903.031024,1010.475982,0.619393,1914.126399
2026-07-16_ttft_component_regression/phase1/input6000_rate5p0_reuse00_seed1,145,1.5408589211678438,47.043466579866475,48.58432550103432,761.3047401863088,0.6231131039153092,810.5121787912584,2578.792537,977.331389,0.619393,3556.743319
2026-07-16_ttft_component_regression/phase1/input6000_rate5p0_reuse00_seed1,176,5120.468867169004,52.792294101999936,5173.261161271003,761.3047401863088,6.217248937900877e-15,5934.565901457312,5173.508613999999,757.992391,0.0,5931.501005
2026-07-16_ttft_component_regression/phase1/input6000_rate5p0_reuse00_seed1,143,0.03777135361588426,649.3078610113979,649.3456323650138,761.3047401863088,6.217248937900877e-15,1410.6503725513226,1282.615016,1020.772086,0.0,2303.387102
2026-07-16_ttft_component_regression/phase1/input6000_rate5p0_reuse00_seed1,144,0.22317747011024755,5199.575790552879,5199.798968022989,761.3047401863088,6.217248937900877e-15,5961.103708209298,2013.502412,1038.786479,0.0,3052.288891
2026-07-16_ttft_component_regression/phase1/input6000_rate5p0_reuse00_seed1,153,5549.0605774575215,6191.244606865778,11740.3051843233,761.3047401863088,6.217248937900877e-15,12501.60992450961,4929.507466999999,760.840054,0.0,5690.347521
2026-07-16_ttft_component_regression/phase1/input6000_rate5p0_reuse00_seed1,155,6422.135734287608,814.078879604248,7236.214613891856,761.3047401863088,6.217248937900877e-15,7997.519354078165,6905.729726,762.797185,0.0,7668.526911
2026-07-16_ttft_component_regression/phase1/input6000_rate5p0_reuse00_seed1,141,0.1438953544758471,31.788530873069334,31.932426227545182,761.3047401863088,6.217248937900877e-15,793.237166413854,167.333367,999.312147,0.0,1166.645514
2026-07-16_ttft_component_regression/phase1/input6000_rate5p0_reuse00_seed1,147,6738.638358236496,54.77266044992337,6793.411018686419,761.3047401863088,0.6231131039153092,7555.338871976643,15283.138716,759.979791,0.619393,16043.7379
2026-07-16_ttft_component_regression/phase1/input6000_rate5p0_reuse00_seed1,159,6886.524910970475,47.05386440074273,6933.5787753712175,761.3047401863088,0.6231131039153092,7695.506628661441,15984.822118999999,761.248689,0.619393,16746.690201
2026-07-16_ttft_component_regression/phase1/input6000_rate5p0_reuse00_seed1,222,3457.7253641484613,29.925028043739108,3487.6503921922003,761.3047401863088,6.217248937900877e-15,4248.955132378509,7249.2851390000005,760.396444,0.0,8009.681583
2026-07-16_ttft_component_regression/phase1/input6000_rate5p0_reuse00_seed1,230,2562.327259405783,22.43143498827921,2584.7586943940623,761.3047401863088,6.217248937900877e-15,3346.063434580371,7514.197753,763.403671,0.0,8277.601424
2026-07-16_ttft_component_regression/phase1/input6000_rate5p0_reuse00_seed1,269,2649.935651040919,29.89110042789286,2679.826751468812,761.3047401863088,6.217248937900877e-15,3441.1314916551205,4168.913073,762.361534,0.0,4931.274607
2026-07-16_ttft_component_regression/phase1/input6000_rate5p0_reuse00_seed1,282,1839.8509842137132,29.935045146643102,1869.7860293603562,761.3047401863088,6.217248937900877e-15,2631.090769546665,3835.8762150000002,1008.505738,0.0,4844.381953
2026-07-16_ttft_component_regression/phase1/input6000_rate5p0_reuse00_seed1,215,4028.8412908801356,30.073285742509,4058.9145766226447,761.3047401863088,0.6231131039153092,4820.842429912868,12361.791460999999,761.278858,0.619393,13123.689712
2026-07-16_ttft_component_regression/phase1/input6000_rate5p0_reuse00_seed1,273,3108.071176493308,29.94969268916753,3138.0208691824755,761.3047401863088,6.217248937900877e-15,3899.325609368784,5853.657474,1046.322128,0.0,6899.979602
2026-07-16_ttft_component_regression/phase1/input6000_rate5p0_reuse00_seed1,248,3545.200234940578,39.77105994653342,3584.9712948871115,761.3047401863088,0.6231131039153092,4346.8991481773355,8803.789035,761.019892,0.619393,9565.42832
2026-07-16_ttft_component_regression/phase1/input6000_rate5p0_reuse00_seed1,249,3512.8634704927367,39.77792960613993,3552.6414000988766,761.3047401863088,0.6231131039153092,4314.569253389101,9875.968266,760.133364,0.619393,10636.721023
2026-07-16_ttft_component_regression/phase1/input6000_rate5p0_reuse00_seed1,283,3880.9490602493,695.0459500211606,4575.995010270461,761.3047401863088,6.217248937900877e-15,5337.299750456769,4887.997245,758.484854,0.0,5646.482099
2026-07-16_ttft_component_regression/phase1/input6000_rate5p0_reuse00_seed1,293,3886.592593902635,29.939978270704888,3916.53257217334,761.3047401863088,6.217248937900877e-15,4677.837312359649,10281.305838,771.213071,0.0,11052.518909
2026-07-16_ttft_component_regression/phase1/input6000_rate5p0_reuse00_seed1,28,0.0,21.980528559424084,21.980528559424084,761.3047401863088,6.217248937900877e-15,783.2852687457329,16.12794,699.448538,0.0,715.576478
2026-07-16_ttft_component_regression/phase1/input6000_rate5p0_reuse00_seed1,22,0.01638417812225224,12.769488051013125,12.785872229135377,761.3047401863088,6.217248937900877e-15,774.0906124154442,135.080853,927.033461,0.0,1062.114314
2026-07-16_ttft_component_regression/phase1/input6000_rate5p0_reuse00_seed1,21,0.0,1.1324481661996886,1.1324481661996886,761.3047401863088,6.217248937900877e-15,762.4371883525084,0.014713,689.692786,0.0,689.707499
2026-07-16_ttft_component_regression/phase1/input6000_rate5p0_reuse00_seed1,43,0.011014953236032651,21.883355143979298,21.89437009721533,761.3047401863088,6.217248937900877e-15,783.1991102835241,19.022999,710.305294,0.0,729.328293
2026-07-16_ttft_component_regression/phase1/input6000_rate5p0_reuse00_seed1,53,0.037820587425552755,25.78446039167505,25.822280979100604,761.3047401863088,6.217248937900877e-15,787.1270211654094,21.212017,717.10581,0.0,738.317827
2026-07-16_ttft_component_regression/phase1/input6000_rate5p0_reuse00_seed1,39,0.0,21.632109294513953,21.632109294513953,761.3047401863088,6.217248937900877e-15,782.9368494808227,9.252786,706.372236,0.0,715.625022
2026-07-16_ttft_component_regression/phase1/input6000_rate5p0_reuse00_seed1,66,0.0,30.601851175847152,30.601851175847152,761.3047401863088,6.217248937900877e-15,791.906591362156,19.392179,723.497098,0.0,742.889277
2026-07-16_ttft_component_regression/phase1/input6000_rate5p0_reuse00_seed1,85,0.0,28.972031148723893,28.972031148723893,761.3047401863088,6.217248937900877e-15,790.2767713350327,14.297304,724.566602,0.0,738.863906
2026-07-16_ttft_component_regression/phase1/input6000_rate5p0_reuse00_seed1,114,1.4332010786167961,46.885054598505356,48.31825567712215,761.3047401863088,0.6231131039153092,810.2461089673462,9.937742,731.267497,0.619393,741.824632
2026-07-16_ttft_component_regression/phase1/input6000_rate5p0_reuse00_seed1,124,0.045830244575436885,35.4266473735778,35.472477618153235,761.3047401863088,6.217248937900877e-15,796.777217804462,2.04991,730.163522,0.0,732.213432
2026-07-16_ttft_component_regression/phase1/input6000_rate5p0_reuse00_seed1,129,0.04614169194374196,35.42361226315889,35.46975395510263,761.3047401863088,6.217248937900877e-15,796.7744941414114,0.623448,732.431632,0.0,733.05508
2026-07-16_ttft_component_regression/phase1/input6000_rate5p0_reuse00_seed1,139,0.24239205644752082,39.66225771523583,39.90464977168335,761.3047401863088,6.217248937900877e-15,801.2093899579921,241.707024,1031.098684,0.0,1272.805708
2026-07-16_ttft_component_regression/phase1/input6000_rate5p0_reuse00_seed1,115,1.4587741672610908,46.927758059392275,48.386532226653365,761.3047401863088,0.6231131039153092,810.3143855168775,238.851376,971.567356,0.619393,1211.038125
2026-07-16_ttft_component_regression/phase1/input6000_rate5p0_reuse00_seed1,135,1.4502304341178995,46.91384395416696,48.364074388284855,761.3047401863088,0.6231131039153092,810.291927678509,24.05828,754.486907,0.619393,779.16458
2026-07-16_ttft_component_regression/phase1/input6000_rate5p0_reuse00_seed1,183,0.7970338170087994,50.04533604143528,50.84236985844408,761.3047401863088,6.217248937900877e-15,812.1471100447528,14.44254,763.248335,0.0,777.690875
2026-07-16_ttft_component_regression/phase1/input6000_rate5p0_reuse00_seed1,166,0.7297796795503598,43.07044488456412,43.80022456411448,761.3047401863088,6.217248937900877e-15,805.1049647504233,16.574185,766.832622,0.0,783.406807
2026-07-16_ttft_component_regression/phase1/input6000_rate5p0_reuse00_seed1,205,0.6193171232623503,39.74650594635887,40.36582306962122,761.3047401863088,0.6231131039153092,802.2936763598453,22.697169000000002,768.6997,0.619393,792.016262
2026-07-16_ttft_component_regression/phase1/input6000_rate5p0_reuse00_seed1,156,0.25115220195479293,39.74752648756317,39.998678689517966,761.3047401863088,6.217248937900877e-15,801.3034188758268,23.735693,761.350019,0.0,785.085712
2026-07-16_ttft_component_regression/phase1/input6000_rate5p0_reuse00_seed1,213,2904.5469399723424,29.98207851510157,2934.529018487444,761.3047401863088,0.6231131039153092,3696.456871777668,5715.151325,763.873096,0.619393,6479.643814
2026-07-16_ttft_component_regression/phase1/input6000_rate5p0_reuse00_seed1,217,2297.233480034708,29.901761285580907,2327.135241320289,761.3047401863088,0.6231131039153092,3089.063094610513,6063.707751,761.695077,0.619393,6826.022221
2026-07-16_ttft_component_regression/phase1/input6000_rate5p0_reuse00_seed1,251,528.2594046022381,39.88166516298102,568.1410697652191,761.3047401863088,6.217248937900877e-15,1329.4458099515277,481.119746,772.033595,0.0,1253.153341
2026-07-16_ttft_component_regression/phase1/input6000_rate5p0_reuse00_seed1,225,124.91529175947912,29.98207851510157,154.89737027458068,761.3047401863088,6.217248937900877e-15,916.2021104608895,279.809053,762.727286,0.0,1042.536339
2026-07-16_ttft_component_regression/phase1/input6000_rate5p0_reuse00_seed1,223,296.66136598454324,30.023882711534455,326.6852486960777,761.3047401863088,0.6231131039153092,1088.613101986302,4222.457117999999,773.286648,0.619393,4996.363159
2026-07-16_ttft_component_regression/phase1/input6000_rate5p0_reuse00_seed1,294,1262.898979262374,29.966201741522852,1292.8651810038969,761.3047401863088,0.6231131039153092,2054.793034294121,1900.641729,760.597248,0.619393,2661.85837
2026-07-16_ttft_component_regression/phase1/input6000_rate5p0_reuse00_seed1,285,0.6653124235382758,39.85217535686164,40.51748778039992,761.3047401863088,0.6231131039153092,802.4453410706241,23.998886,770.039155,0.619393,794.657434
2026-07-16_ttft_component_regression/phase1/input6000_rate5p0_reuse00_seed1,250,608.1027541445033,39.79814599513692,647.9009001396402,761.3047401863088,0.6231131039153092,1409.8287534298643,4337.640385000001,763.208532,0.619393,5101.46831
2026-07-16_ttft_component_regression/phase1/input6000_rate5p0_reuse00_seed1,289,866.1688889249314,30.009858150540502,896.1787470754718,761.3047401863088,6.217248937900877e-15,1657.4834872617807,1160.368722,767.304734,0.0,1927.673456
2026-07-16_ttft_component_regression/phase1/input6000_rate5p0_reuse00_seed1,275,1451.0622564151463,30.015949478261142,1481.0782058934074,761.3047401863088,6.217248937900877e-15,2242.382946079716,1806.135043,760.00907,0.0,2566.144113
2026-07-16_ttft_component_regression/phase1/input6000_rate5p0_reuse00_seed1,7,0.0,1.0710361437039821,1.0710361437039821,761.3047401863088,6.217248937900877e-15,762.3757763300127,0.012734,676.342498,0.0,676.355232
2026-07-16_ttft_component_regression/phase1/input6000_rate5p0_reuse00_seed1,26,0.03786456815577123,25.663705836701027,25.7015704048568,761.3047401863088,6.217248937900877e-15,787.0063105911656,309.2744,1000.573987,0.0,1309.848387
2026-07-16_ttft_component_regression/phase1/input6000_rate5p0_reuse00_seed1,23,0.010256812908637765,21.815413921677447,21.825670734586083,761.3047401863088,6.217248937900877e-15,783.1304109208949,18.9761,987.540231,0.0,1006.516331
2026-07-16_ttft_component_regression/phase1/input6000_rate5p0_reuse00_seed1,18,0.0,21.619646505674545,21.619646505674545,761.3047401863088,6.217248937900877e-15,782.9243866919833,405.528988,976.208735,0.0,1381.737723
2026-07-16_ttft_component_regression/phase1/input6000_rate5p0_reuse00_seed1,17,0.0,21.944970279233612,21.944970279233612,761.3047401863088,6.217248937900877e-15,783.2497104655424,2.420072,712.690214,0.0,715.110286
2026-07-16_ttft_component_regression/phase1/input6000_rate5p0_reuse00_seed1,27,0.0,30.523027433187643,30.523027433187643,761.3047401863088,6.217248937900877e-15,791.8277676194964,725.140232,935.711105,0.0,1660.851337
2026-07-16_ttft_component_regression/phase1/input6000_rate5p0_reuse00_seed1,36,0.0,33.91668585220962,33.91668585220962,761.3047401863088,6.217248937900877e-15,795.2214260385184,4.425371,729.057858,0.0,733.483229
2026-07-16_ttft_component_regression/phase1/input6000_rate5p0_reuse00_seed1,13,0.01675752240481483,12.742173505323624,12.758931027728439,761.3047401863088,6.217248937900877e-15,774.0636712140372,63.228816,693.93438,0.0,757.163196
2026-07-16_ttft_component_regression/phase1/input6000_rate5p0_reuse00_seed1,48,0.0,35.802226922428446,35.802226922428446,761.3047401863088,6.217248937900877e-15,797.1069671087372,24.490912,744.089348,0.0,768.58026
2026-07-16_ttft_component_regression/phase1/input6000_rate5p0_reuse00_seed1,50,0.06322992129295711,37.85706652559759,37.920296446890546,761.3047401863088,6.217248937900877e-15,799.2250366331994,362.282122,1000.403869,0.0,1362.685991
2026-07-16_ttft_component_regression/phase1/input6000_rate5p0_reuse00_seed1,100,0.0,34.156109123867054,34.156109123867054,761.3047401863088,6.217248937900877e-15,795.4608493101758,10.092372,743.504503,0.0,753.596875
2026-07-16_ttft_component_regression/phase1/input6000_rate5p0_reuse00_seed1,111,0.04212725984808988,37.422551968219864,37.46467922806795,761.3047401863088,6.217248937900877e-15,798.7694194143767,10.527249,747.501828,0.0,758.029077
2026-07-16_ttft_component_regression/phase1/input6000_rate5p0_reuse00_seed1,88,0.0,32.07437496919622,32.07437496919622,761.3047401863088,6.217248937900877e-15,793.379115155505,13.053912,730.910306,0.0,743.964218
2026-07-16_ttft_component_regression/phase1/input6000_rate5p0_reuse00_seed1,149,0.25484417298946793,31.490109924608472,31.74495409759794,761.3047401863088,6.217248937900877e-15,793.0496942839068,17.559288,736.318371,0.0,753.877659
2026-07-16_ttft_component_regression/phase1/input6000_rate5p0_reuse00_seed1,168,0.10159945205098722,41.24724011686059,41.34883956891158,761.3047401863088,6.217248937900877e-15,802.6535797552203,4.498295,749.72968,0.0,754.227975
2026-07-16_ttft_component_regression/phase1/input6000_rate5p0_reuse00_seed1,172,0.2880161125249338,826.0570606085445,826.3450767210694,761.3047401863088,6.217248937900877e-15,1587.6498169073782,1011.870802,1054.731064,0.0,2066.601866
2026-07-16_ttft_component_regression/phase1/input6000_rate5p0_reuse00_seed1,174,0.7556039760012333,6781.965623018046,6782.721226994047,761.3047401863088,6.217248937900877e-15,7544.025967180356,1745.117388,1008.237723,0.0,2753.355111
2026-07-16_ttft_component_regression/phase1/input6000_rate5p0_reuse00_seed1,163,0.19628862227114022,37.18695270167938,37.38324132395052,761.3047401863088,6.217248937900877e-15,798.6879815102593,15.163803,739.771708,0.0,754.935511
2026-07-16_ttft_component_regression/phase1/input6000_rate5p0_reuse00_seed1,187,756.2107018876533,52.929137086338,809.1398389739912,761.3047401863088,0.6231131039153092,1571.0676922642153,859.7914069999999,754.323948,0.619393,1614.734748
2026-07-16_ttft_component_regression/phase1/input6000_rate5p0_reuse00_seed1,132,0.1656522280507824,22.935021121852653,23.100673349903435,761.3047401863088,6.217248937900877e-15,784.4054135362122,10.0527,724.241313,0.0,734.294013
2026-07-16_ttft_component_regression/phase1/input6000_rate5p0_reuse00_seed1,208,692.0234237582079,29.95684488524072,721.9802686434485,761.3047401863088,0.6231131039153092,1483.9081219336726,878.923335,765.099485,0.619393,1644.642213
2026-07-16_ttft_component_regression/phase1/input6000_rate5p0_reuse00_seed1,169,0.09232356028287968,43.57327586065955,43.66559942094243,761.3047401863088,6.217248937900877e-15,804.9703396072512,471.540276,1028.146567,0.0,1499.686843
2026-07-16_ttft_component_regression/phase1/input6000_rate5p0_reuse00_seed1,216,990.152310940859,29.893783961375263,1020.0460949022342,761.3047401863088,6.217248937900877e-15,1781.3508350885431,1405.7640039999999,764.793641,0.0,2170.557645
2026-07-16_ttft_component_regression/phase1/input6000_rate5p0_reuse00_seed1,252,1382.4143354789735,39.74650594635887,1422.1608414253324,761.3047401863088,6.217248937900877e-15,2183.465581611641,1376.1802650000002,758.8778,0.0,2135.058065
2026-07-16_ttft_component_regression/phase1/input6000_rate5p0_reuse00_seed1,231,467.04373146194206,22.445021695487014,489.4887531574291,761.3047401863088,6.217248937900877e-15,1250.7934933437377,1241.113239,769.724759,0.0,2010.837998
2026-07-16_ttft_component_regression/phase1/input6000_rate5p0_reuse00_seed1,267,1479.2812437117184,29.882976894327445,1509.1642206060458,761.3047401863088,6.217248937900877e-15,2270.4689607923547,2139.2591390000002,763.018723,0.0,2902.277862
2026-07-16_ttft_component_regression/phase1/input6000_rate5p0_reuse00_seed1,271,1789.0026934605378,29.993027354169467,1818.9957208147073,761.3047401863088,0.6231131039153092,2580.9235741049315,3443.059095,773.926397,0.619393,4217.604885
2026-07-16_ttft_component_regression/phase1/input6000_rate5p0_reuse00_seed1,262,1216.826743361458,29.919944455256662,1246.7466878167147,761.3047401863088,6.217248937900877e-15,2008.0514280030234,1922.985886,758.732814,0.0,2681.7187
2026-07-16_ttft_component_regression/phase1/input6000_rate5p0_reuse00_seed1,272,1582.2156981496155,29.92249248224044,1612.1381906318559,761.3047401863088,6.217248937900877e-15,2373.4429308181648,2102.4729469999997,760.175532,0.0,2862.648479
2026-07-16_ttft_component_regression/phase1/input6000_rate5p0_reuse00_seed1,0,0.0,1.079839112110478,1.079839112110478,761.3047401863088,6.217248937900877e-15,762.3845792984192,0.0,676.342498,0.0,676.342498
2026-07-16_ttft_component_regression/phase1/input6000_rate5p0_reuse00_seed1,37,0.0,21.95682161338519,21.95682161338519,761.3047401863088,6.217248937900877e-15,783.2615617996939,12.543853,713.644294,0.0,726.188147
2026-07-16_ttft_component_regression/phase1/input6000_rate5p0_reuse00_seed1,34,0.01681857309054171,12.73749167140345,12.754310244493992,761.3047401863088,6.217248937900877e-15,774.0590504308028,4.937282,695.65006,0.0,700.587342
2026-07-16_ttft_component_regression/phase1/input6000_rate5p0_reuse00_seed1,38,0.0,21.641713562695877,21.641713562695877,761.3047401863088,6.217248937900877e-15,782.9464537490046,297.689871,947.4297,0.0,1245.119571
2026-07-16_ttft_component_regression/phase1/input6000_rate5p0_reuse00_seed1,58,0.0,21.6823178677075,21.6823178677075,761.3047401863088,6.217248937900877e-15,782.9870580540163,7.556014,705.775852,0.0,713.331866
2026-07-16_ttft_component_regression/phase1/input6000_rate5p0_reuse00_seed1,63,0.013796936289217191,22.14061432231851,22.154411258607727,761.3047401863088,6.217248937900877e-15,783.4591514449165,137.63964,709.78315,0.0,847.42279
2026-07-16_ttft_component_regression/phase1/input6000_rate5p0_reuse00_seed1,93,0.038960882124481885,24.706735593968677,24.74569647609316,761.3047401863088,6.217248937900877e-15,786.0504366624019,8.875863,718.094898,0.0,726.970761
2026-07-16_ttft_component_regression/phase1/input6000_rate5p0_reuse00_seed1,123,0.042975015513212034,35.45483521999113,35.497810235504346,761.3047401863088,6.217248937900877e-15,796.8025504218131,9.127158,731.031362,0.0,740.15852
2026-07-16_ttft_component_regression/phase1/input6000_rate5p0_reuse00_seed1,112,0.13093585647507155,32.08655578948249,32.21749164595756,761.3047401863088,6.217248937900877e-15,793.5222318322664,8.910411,724.803658,0.0,733.714069
2026-07-16_ttft_component_regression/phase1/input6000_rate5p0_reuse00_seed1,157,0.04567528625557206,35.42815978289232,35.473835069147896,761.3047401863088,6.217248937900877e-15,796.7785752554566,3.390526,736.155046,0.0,739.545572
2026-07-16_ttft_component_regression/phase1/input6000_rate5p0_reuse00_seed1,133,0.1335244769708411,32.031634999546874,32.165159476517715,761.3047401863088,6.217248937900877e-15,793.4698996628265,13.102814,724.574378,0.0,737.677192
2026-07-16_ttft_component_regression/phase1/input6000_rate5p0_reuse00_seed1,181,0.30672216385172296,46.230866517838045,46.53758868168977,761.3047401863088,6.217248937900877e-15,807.8423288679985,22.035612,753.73164,0.0,775.767252
2026-07-16_ttft_component_regression/phase1/input6000_rate5p0_reuse00_seed1,194,0.0,33.583002561432274,33.583002561432274,761.3047401863088,6.217248937900877e-15,794.8877427477411,218.07832,1025.19708,0.0,1243.2754
2026-07-16_ttft_component_regression/phase1/input6000_rate5p0_reuse00_seed1,150,0.1906849346258792,37.3280006141395,37.518685548765376,761.3047401863088,6.217248937900877e-15,798.8234257350741,15.190398,724.228138,0.0,739.418536
2026-07-16_ttft_component_regression/phase1/input6000_rate5p0_reuse00_seed1,204,0.5476235435889522,48.27556280048396,48.823186344072916,761.3047401863088,6.217248937900877e-15,810.1279265303817,3.89572,758.98292,0.0,762.87864
2026-07-16_ttft_component_regression/phase1/input6000_rate5p0_reuse00_seed1,170,0.09702213588002762,43.65729658645476,43.75431872233479,761.3047401863088,6.217248937900877e-15,805.0590589086436,13.136794,743.410032,0.0,756.546826
2026-07-16_ttft_component_regression/phase1/input6000_rate5p0_reuse00_seed1,193,0.0,31.75950623502322,31.75950623502322,761.3047401863088,6.217248937900877e-15,793.064246421332,8.273317,767.464767,0.0,775.738084
2026-07-16_ttft_component_regression/phase1/input6000_rate5p0_reuse00_seed1,247,0.0,30.023799076209215,30.023799076209215,761.3047401863088,6.217248937900877e-15,791.328539262518,14.103275,749.746257,0.0,763.849532
2026-07-16_ttft_component_regression/phase1/input6000_rate5p0_reuse00_seed1,257,0.0,23.77759175923548,23.77759175923548,761.3047401863088,6.217248937900877e-15,785.0823319455443,441.690491,1003.21387,0.0,1444.904361
2026-07-16_ttft_component_regression/phase1/input6000_rate5p0_reuse00_seed1,256,0.0,22.51375435784707,22.51375435784707,761.3047401863088,6.217248937900877e-15,783.8184945441559,14.701153,757.470141,0.0,772.171294
2026-07-16_ttft_component_regression/phase1/input6000_rate5p0_reuse00_seed1,266,0.0,23.803991126549032,23.803991126549032,761.3047401863088,6.217248937900877e-15,785.1087313128578,22.811628,745.379439,0.0,768.191067
2026-07-16_ttft_component_regression/phase1/input6000_rate5p0_reuse00_seed1,11,0.0,21.944970279233612,21.944970279233612,761.3047401863088,6.217248937900877e-15,783.2497104655424,25.040853,930.749287,0.0,955.79014
2026-07-16_ttft_component_regression/phase1/input6000_rate5p0_reuse00_seed1,5,0.016257080661835507,12.778298389487027,12.794555470148863,761.3047401863088,6.217248937900877e-15,774.0992956564577,432.011399,957.083809,0.0,1389.095208
2026-07-16_ttft_component_regression/phase1/input6000_rate5p0_reuse00_seed1,4,0.0,1.1324481661996886,1.1324481661996886,761.3047401863088,6.217248937900877e-15,762.4371883525084,0.147115,689.692786,0.0,689.839901
2026-07-16_ttft_component_regression/phase1/input6000_rate5p0_reuse00_seed1,29,0.0,21.64496381026258,21.64496381026258,761.3047401863088,6.217248937900877e-15,782.9497039965713,3.348649,706.068524,0.0,709.417173
2026-07-16_ttft_component_regression/phase1/input6000_rate5p0_reuse00_seed1,41,0.011230921348104822,21.90287199359777,21.914102914945875,761.3047401863088,6.217248937900877e-15,783.2188431012546,19.421418,711.022798,0.0,730.444216
2026-07-16_ttft_component_regression/phase1/input6000_rate5p0_reuse00_seed1,70,0.0,33.92444105644713,33.92444105644713,761.3047401863088,6.217248937900877e-15,795.2291812427559,23.754457,729.916354,0.0,753.670811
2026-07-16_ttft_component_regression/phase1/input6000_rate5p0_reuse00_seed1,54,0.037813714082834446,25.795400074606714,25.833213788689548,761.3047401863088,6.217248937900877e-15,787.1379539749984,14.5702,717.846098,0.0,732.416298
2026-07-16_ttft_component_regression/phase1/input6000_rate5p0_reuse00_seed1,59,0.0,30.56021463983524,30.56021463983524,761.3047401863088,6.217248937900877e-15,791.8649548261441,22.530083,724.028938,0.0,746.559021
2026-07-16_ttft_component_regression/phase1/input6000_rate5p0_reuse00_seed1,92,0.07493636987535775,35.86284773901112,35.93778410888648,761.3047401863088,6.217248937900877e-15,797.2425242951953,122.027946,748.415468,0.0,870.443414
2026-07-16_ttft_component_regression/phase1/input6000_rate5p0_reuse00_seed1,78,0.0,32.04772542592169,32.04772542592169,761.3047401863088,6.217248937900877e-15,793.3524656122305,4.40193,740.544666,0.0,744.946596
2026-07-16_ttft_component_regression/phase1/input6000_rate5p0_reuse00_seed1,106,0.5874922097126717,40.63322551820496,41.22071772791763,761.3047401863088,6.217248937900877e-15,802.5254579142264,22.946483,771.292135,0.0,794.238618
2026-07-16_ttft_component_regression/phase1/input6000_rate5p0_reuse00_seed1,79,0.0,33.87707146007504,33.87707146007504,761.3047401863088,6.217248937900877e-15,795.1818116463838,408.956959,990.436094,0.0,1399.393053
2026-07-16_ttft_component_regression/phase1/input6000_rate5p0_reuse00_seed1,89,0.0,33.89331981133252,33.89331981133252,761.3047401863088,6.217248937900877e-15,795.1980599976413,24.539934,735.048277,0.0,759.588211
2026-07-16_ttft_component_regression/phase1/input6000_rate5p0_reuse00_seed1,128,4519.162931831714,46.87393129374301,4566.036863125457,761.3047401863088,6.217248937900877e-15,5327.3416033117655,3032.1948599999996,769.573345,0.0,3801.768205
2026-07-16_ttft_component_regression/phase1/input6000_rate5p0_reuse00_seed1,109,842.3089481485804,46.927758059392275,889.2367062079727,761.3047401863088,6.217248937900877e-15,1650.5414463942816,550.296209,762.250951,0.0,1312.54716
2026-07-16_ttft_component_regression/phase1/input6000_rate5p0_reuse00_seed1,110,6946.405975600873,46.89960866685134,6993.305584267724,761.3047401863088,6.217248937900877e-15,7754.610324454033,6393.481455,760.540033,0.0,7154.021488
2026-07-16_ttft_component_regression/phase1/input6000_rate5p0_reuse00_seed1,200,0.5718982842007715,48.44453538937406,49.01643367357483,761.3047401863088,6.217248937900877e-15,810.3211738598836,13.286981,762.291859,0.0,775.57884
2026-07-16_ttft_component_regression/phase1/input6000_rate5p0_reuse00_seed1,206,161.6584739011349,29.94969268916753,191.60816659030243,761.3047401863088,0.6231131039153092,953.5360198805265,331.256611,775.41878,0.619393,1107.294784
2026-07-16_ttft_component_regression/phase1/input6000_rate5p0_reuse00_seed1,167,0.3009383318642797,46.16822193132494,46.469160263189224,761.3047401863088,6.217248937900877e-15,807.773900449498,1.256419,753.19592,0.0,754.452339
2026-07-16_ttft_component_regression/phase1/input6000_rate5p0_reuse00_seed1,207,1255.5970803137147,29.986497439797876,1285.5835777535126,761.3047401863088,6.217248937900877e-15,2046.8883179398213,1591.610603,765.15746,0.0,2356.768063
2026-07-16_ttft_component_regression/phase1/input6000_rate5p0_reuse00_seed1,191,0.6959607780402006,39.912096136347415,40.60805691438762,761.3047401863088,0.6231131039153092,802.5359102046117,13.477072000000001,755.275732,0.619393,769.372197
2026-07-16_ttft_component_regression/phase1/input6000_rate5p0_reuse00_seed1,235,0.1554260541759774,36.42527962350526,36.58070567768124,761.3047401863088,6.217248937900877e-15,797.8854458639901,26.770223,775.445206,0.0,802.215429
2026-07-16_ttft_component_regression/phase1/input6000_rate5p0_reuse00_seed1,209,1450.365020949496,30.00573029110343,1480.3707512405995,761.3047401863088,6.217248937900877e-15,2241.675491426908,2123.737541,768.097899,0.0,2891.83544
2026-07-16_ttft_component_regression/phase1/input6000_rate5p0_reuse00_seed1,237,1646.8481096064925,29.97535213899991,1676.8234617454923,761.3047401863088,6.217248937900877e-15,2438.128201931801,2286.272847,760.4472,0.0,3046.720047
2026-07-16_ttft_component_regression/phase1/input6000_rate5p0_reuse00_seed1,242,2028.872300244262,29.954473594036294,2058.8267738382983,761.3047401863088,0.6231131039153092,2820.7546271285223,4005.646523,768.423292,0.619393,4774.689208
2026-07-16_ttft_component_regression/phase1/input6000_rate5p0_reuse00_seed1,246,1741.837983847576,39.858210772159545,1781.6961946197355,761.3047401863088,6.217248937900877e-15,2543.0009348060444,1647.161098,772.576686,0.0,2419.737784
2026-07-16_ttft_component_regression/phase1/input6000_rate5p0_reuse00_seed1,281,2630.621783085779,29.966201741522852,2660.587984827302,761.3047401863088,6.217248937900877e-15,3421.8927250136107,4300.018335000001,760.895741,0.0,5060.914076
2026-07-16_ttft_component_regression/phase1/input6000_rate5p0_reuse00_seed1,280,2147.3137218938055,29.968508757053613,2177.282230650859,761.3047401863088,6.217248937900877e-15,2938.586970837168,3177.549756,764.127971,0.0,3941.677727
2026-07-16_ttft_component_regression/phase1/input6000_rate5p0_reuse00_seed1,259,1596.6094293582116,30.00364634125832,1626.6130756994698,761.3047401863088,6.217248937900877e-15,2387.9178158857785,2407.36622,766.502678,0.0,3173.868898
2026-07-16_ttft_component_regression/phase1/input6000_rate5p0_reuse00_seed1,297,2991.3969179953115,29.968508757053613,3021.3654267523652,761.3047401863088,6.217248937900877e-15,3782.670166938674,4973.769319,763.518415,0.0,5737.287734
2026-07-16_ttft_component_regression/phase1/input6000_rate5p0_reuse00_seed1,9,0.0,1.0886326782416407,1.0886326782416407,761.3047401863088,6.217248937900877e-15,762.3933728645504,0.012364,676.342498,0.0,676.354862
2026-07-16_ttft_component_regression/phase1/input6000_rate5p0_reuse00_seed1,16,0.01650995814463767,12.760530745463873,12.777040703608511,761.3047401863088,6.217248937900877e-15,774.0817808899172,0.879885,694.048684,0.0,694.928569
2026-07-16_ttft_component_regression/phase1/input6000_rate5p0_reuse00_seed1,49,0.0,21.635286274672744,21.635286274672744,761.3047401863088,6.217248937900877e-15,782.9400264609815,16.118921,706.671148,0.0,722.790069
2026-07-16_ttft_component_regression/phase1/input6000_rate5p0_reuse00_seed1,73,0.49132693907774183,743.4254382479307,743.9167651870085,761.3047401863088,6.217248937900877e-15,1505.2215053733173,1088.486676,949.085425,0.0,2037.572101
2026-07-16_ttft_component_regression/phase1/input6000_rate5p0_reuse00_seed1,57,0.0378063574419717,25.80633316645837,25.844139523900342,761.3047401863088,6.217248937900877e-15,787.1488797102091,455.889166,991.511203,0.0,1447.400369
2026-07-16_ttft_component_regression/phase1/input6000_rate5p0_reuse00_seed1,83,0.48744627247864397,41.209217128602354,41.696663401081,761.3047401863088,6.217248937900877e-15,803.0014035873897,9.022765,749.98281,0.0,759.005575
2026-07-16_ttft_component_regression/phase1/input6000_rate5p0_reuse00_seed1,56,0.011446589438806196,21.92243510876323,21.933881698202036,761.3047401863088,6.217248937900877e-15,783.2386218845108,18.190831,723.786936,0.0,741.977767
2026-07-16_ttft_component_regression/phase1/input6000_rate5p0_reuse00_seed1,72,0.08691239055064118,38.11476059464903,38.20167298519967,761.3047401863088,6.217248937900877e-15,799.5064131715085,656.446102,1038.196419,0.0,1694.642521
2026-07-16_ttft_component_regression/phase1/input6000_rate5p0_reuse00_seed1,40,0.0,21.89760757518474,21.89760757518474,761.3047401863088,6.217248937900877e-15,783.2023477614936,8.071796,701.040026,0.0,709.111822
2026-07-16_ttft_component_regression/phase1/input6000_rate5p0_reuse00_seed1,71,0.0,35.92303233203265,35.92303233203265,761.3047401863088,6.217248937900877e-15,797.2277725183415,670.500057,1025.15007,0.0,1695.650127
2026-07-16_ttft_component_regression/phase1/input6000_rate5p0_reuse00_seed1,64,0.0,30.612117643690613,30.612117643690613,761.3047401863088,6.217248937900877e-15,791.9168578299993,311.496671,1004.005907,0.0,1315.502578
2026-07-16_ttft_component_regression/phase1/input6000_rate5p0_reuse00_seed1,65,0.0,574.8692340771538,574.8692340771538,761.3047401863088,6.217248937900877e-15,1336.1739742634627,999.536393,1015.276046,0.0,2014.812439
2026-07-16_ttft_component_regression/phase1/input6000_rate5p0_reuse00_seed1,102,3314.0121599694894,44.56133859784019,3358.57349856733,761.3047401863088,6.217248937900877e-15,4119.8782387536385,2084.079484,765.438224,0.0,2849.517708
2026-07-16_ttft_component_regression/phase1/input6000_rate5p0_reuse00_seed1,151,5028.198107647485,54.64627244437986,5082.844380091865,761.3047401863088,6.217248937900877e-15,5844.1491202781735,3793.933789,766.484323,0.0,4560.418112
2026-07-16_ttft_component_regression/phase1/input6000_rate5p0_reuse00_seed1,148,4000.713689610639,54.66569833202376,4055.3793879426626,761.3047401863088,6.217248937900877e-15,4816.684128128972,2817.968037,766.880574,0.0,3584.848611
2026-07-16_ttft_component_regression/phase1/input6000_rate5p0_reuse00_seed1,154,6113.180428213326,46.94469537719107,6160.125123590517,761.3047401863088,6.217248937900877e-15,6921.429863776826,5616.4152189999995,761.973134,0.0,6378.388353
2026-07-16_ttft_component_regression/phase1/input6000_rate5p0_reuse00_seed1,158,5806.243473812869,46.94469537719107,5853.18816919006,761.3047401863088,6.217248937900877e-15,6614.4929093763685,5501.357631,762.665994,0.0,6264.023625
2026-07-16_ttft_component_regression/phase1/input6000_rate5p0_reuse00_seed1,146,3433.6241387629366,54.69916309972264,3488.3233018626593,761.3047401863088,6.217248937900877e-15,4249.628042048968,2326.422058,769.961453,0.0,3096.383511
2026-07-16_ttft_component_regression/phase1/input6000_rate5p0_reuse00_seed1,219,951.0701812926022,22.530975446906233,973.6011567395085,761.3047401863088,6.217248937900877e-15,1734.9058969258172,1639.277087,770.947977,0.0,2410.225064
2026-07-16_ttft_component_regression/phase1/input6000_rate5p0_reuse00_seed1,165,7176.709936851016,47.02722160103984,7223.737158452056,761.3047401863088,6.217248937900877e-15,7985.041898638365,7636.778603,762.862642,0.0,8399.641245
2026-07-16_ttft_component_regression/phase1/input6000_rate5p0_reuse00_seed1,137,4622.429660574775,46.927758059392275,4669.3574186341675,761.3047401863088,0.6231131039153092,5431.285271924391,10585.192944,760.660865,0.619393,11346.473202
2026-07-16_ttft_component_regression/phase1/input6000_rate5p0_reuse00_seed1,175,6850.918155615739,53.03192359107457,6903.950079206814,761.3047401863088,6.217248937900877e-15,7665.2548193931225,8305.114153999999,768.026282,0.0,9073.140436
2026-07-16_ttft_component_regression/phase1/input6000_rate5p0_reuse00_seed1,211,2371.2247249335155,30.00364634125832,2401.228371274774,761.3047401863088,0.6231131039153092,3163.156224564998,5556.427737,766.069718,0.619393,6323.116848
2026-07-16_ttft_component_regression/phase1/input6000_rate5p0_reuse00_seed1,232,2627.2365723681623,22.50741558561102,2649.7439879537733,761.3047401863088,6.217248937900877e-15,3411.048728140082,7147.900152,766.602159,0.0,7914.502311
2026-07-16_ttft_component_regression/phase1/input6000_rate5p0_reuse00_seed1,241,4006.0441754751296,29.997314700169557,4036.0414901752993,761.3047401863088,6.217248937900877e-15,4797.346230361608,12772.816007,775.467291,0.0,13548.283298
2026-07-16_ttft_component_regression/phase1/input6000_rate5p0_reuse00_seed1,236,3773.886010291314,30.015949478261142,3803.901959769575,761.3047401863088,6.217248937900877e-15,4565.206699955884,8658.846822,762.808456,0.0,9421.655278
2026-07-16_ttft_component_regression/phase1/input6000_rate5p0_reuse00_seed1,253,5416.936185166283,39.89576056611724,5456.8319457324005,761.3047401863088,6.217248937900877e-15,6218.136685918709,12667.917975,761.48455,0.0,13429.402525
2026-07-16_ttft_component_regression/phase1/input6000_rate5p0_reuse00_seed1,238,3974.0048917137356,30.027768094753206,4004.032659808489,761.3047401863088,6.217248937900877e-15,4765.337399994798,10598.534429,763.63675,0.0,11362.171179
2026-07-16_ttft_component_regression/phase1/input6000_rate5p0_reuse00_seed1,296,3944.270187538795,30.00364634125832,3974.2738338800536,761.3047401863088,6.217248937900877e-15,4735.578574066362,9634.131641,761.954011,0.0,10396.085652
2026-07-16_ttft_component_regression/phase1/input6000_rate5p0_reuse00_seed1,240,4032.2754340614765,30.02583219256745,4062.301266254044,761.3047401863088,6.217248937900877e-15,4823.606006440353,11928.495726000001,763.057121,0.0,12691.552847
2026-07-16_ttft_component_regression/phase1/input6000_rate5p0_reuse00_seed1,274,4000.415618434266,29.986497439797876,4030.402115874064,761.3047401863088,6.217248937900877e-15,4791.706856060373,12303.318311,764.075554,0.0,13067.393865
2026-07-16_ttft_component_regression/phase1/input6000_rate5p0_reuse00_seed1,19,0.0,1.0666312350175788,1.0666312350175788,761.3047401863088,6.217248937900877e-15,762.3713714213263,0.036519,676.342498,0.0,676.379017
2026-07-16_ttft_component_regression/phase1/input6000_rate5p0_reuse00_seed1,30,0.016879284907745845,12.73277272349536,12.749652008403107,761.3047401863088,6.217248937900877e-15,774.0543921947119,15.674736,694.644396,0.0,710.319132
2026-07-16_ttft_component_regression/phase1/input6000_rate5p0_reuse00_seed1,52,0.013585076625870355,22.120558160941734,22.134143237567603,761.3047401863088,6.217248937900877e-15,783.4388834238764,21.992466,710.268142,0.0,732.260608
2026-07-16_ttft_component_regression/phase1/input6000_rate5p0_reuse00_seed1,33,0.0,21.93312199484345,21.93312199484345,761.3047401863088,6.217248937900877e-15,783.2378621811522,0.918668,699.999898,0.0,700.918566
2026-07-16_ttft_component_regression/phase1/input6000_rate5p0_reuse00_seed1,75,0.015245229959369975,20.87239601125522,20.887641241214588,761.3047401863088,6.217248937900877e-15,782.1923814275234,2.231861,723.691416,0.0,725.923277
2026-07-16_ttft_component_regression/phase1/input6000_rate5p0_reuse00_seed1,80,1.1493058977191033,42.53365254015228,43.682958437871385,761.3047401863088,0.6231131039153092,805.6108117280955,485.244258,1003.886963,0.619393,1489.750614
2026-07-16_ttft_component_regression/phase1/input6000_rate5p0_reuse00_seed1,94,1.1455766595161718,42.5275937377578,43.67317039727397,761.3047401863088,0.6231131039153092,805.6010236874981,2.888802,750.787075,0.619393,754.29527
2026-07-16_ttft_component_regression/phase1/input6000_rate5p0_reuse00_seed1,76,0.03903249770007483,24.67642046312819,24.715452960828262,761.3047401863088,6.217248937900877e-15,786.0201931471371,98.130463,991.385987,0.0,1089.51645
2026-07-16_ttft_component_regression/phase1/input6000_rate5p0_reuse00_seed1,81,1.17552327618757,42.57396967550339,43.74949295169096,761.3047401863088,0.6231131039153092,805.6773462419151,1035.084816,955.373528,0.619393,1991.077737
2026-07-16_ttft_component_regression/phase1/input6000_rate5p0_reuse00_seed1,90,1.1698888854967988,42.56564126772562,43.73553015322241,761.3047401863088,0.6231131039153092,805.6633834434465,20.304679,734.466741,0.619393,755.390813
2026-07-16_ttft_component_regression/phase1/input6000_rate5p0_reuse00_seed1,47,0.0,21.711313393473457,21.711313393473457,761.3047401863088,6.217248937900877e-15,783.0160535797822,2.690932,706.33166,0.0,709.022592
2026-07-16_ttft_component_regression/phase1/input6000_rate5p0_reuse00_seed1,96,1.1956319880687203,41.169850434008396,42.365482422077115,761.3047401863088,0.6231131039153092,804.2933357123012,130.655518,1009.135873,0.619393,1140.410784
2026-07-16_ttft_component_regression/phase1/input6000_rate5p0_reuse00_seed1,108,7313.686374179047,46.954613139358784,7360.640987318406,761.3047401863088,0.6231131039153092,8122.568840608629,10809.587309999999,761.818205,0.619393,11572.024908
2026-07-16_ttft_component_regression/phase1/input6000_rate5p0_reuse00_seed1,120,5865.918653673805,46.93459391947261,5912.853247593278,761.3047401863088,0.6231131039153092,6674.7811008835015,11411.532649,757.9801,0.619393,12170.132142
2026-07-16_ttft_component_regression/phase1/input6000_rate5p0_reuse00_seed1,104,7028.134394253615,44.543384976850454,7072.677779230466,761.3047401863088,0.6231131039153092,7834.605632520689,9967.07602,757.806407,0.619393,10725.50182
2026-07-16_ttft_component_regression/phase1/input6000_rate5p0_reuse00_seed1,140,3859.2068956083617,46.93798142041438,3906.144877028776,761.3047401863088,0.6231131039153092,4668.072730319,8961.680390000001,762.238742,0.619393,9724.538525
2026-07-16_ttft_component_regression/phase1/input6000_rate5p0_reuse00_seed1,125,5317.476768480704,47.07132007403252,5364.548088554737,761.3047401863088,6.217248937900877e-15,6125.852828741045,3358.122356,759.466036,0.0,4117.588392
2026-07-16_ttft_component_regression/phase1/input6000_rate5p0_reuse00_seed1,202,2492.6389908484484,39.95958377427249,2532.598574622721,761.3047401863088,6.217248937900877e-15,3293.90331480903,2385.4236730000002,760.705618,0.0,3146.129291
2026-07-16_ttft_component_regression/phase1/input6000_rate5p0_reuse00_seed1,171,7238.883845456079,54.70988451891345,7293.593729974993,761.3047401863088,0.6231131039153092,8055.521583265217,11988.243583,761.322429,0.619393,12750.185405
2026-07-16_ttft_component_regression/phase1/input6000_rate5p0_reuse00_seed1,162,7419.818326775006,54.61396794972542,7474.432294724732,761.3047401863088,0.6231131039153092,8236.360148014955,11473.776525,764.884028,0.619393,12239.279946
2026-07-16_ttft_component_regression/phase1/input6000_rate5p0_reuse00_seed1,192,3538.1890557302104,39.791472888341616,3577.980528618552,761.3047401863088,0.6231131039153092,4339.9083819087755,13423.21578,763.319115,0.619393,14187.154288
2026-07-16_ttft_component_regression/phase1/input6000_rate5p0_reuse00_seed1,178,6311.48136129459,53.00002293170102,6364.481384226291,761.3047401863088,0.6231131039153092,7126.409237516515,14918.008228,774.070039,0.619393,15692.69766
2026-07-16_ttft_component_regression/phase1/input6000_rate5p0_reuse00_seed1,177,6316.928972134826,53.003320577839496,6369.932292712665,761.3047401863088,0.6231131039153092,7131.8601460028885,14022.230754,768.090312,0.619393,14790.940459
2026-07-16_ttft_component_regression/phase1/input6000_rate5p0_reuse00_seed1,198,3837.539416966957,52.80127014089601,3890.3406871078532,761.3047401863088,0.6231131039153092,4652.268540398077,19622.648273,1020.865148,0.619393,20644.132814
2026-07-16_ttft_component_regression/phase1/input6000_rate5p0_reuse00_seed1,196,4292.517408287124,53.003320577839496,4345.5207288649635,761.3047401863088,0.6231131039153092,5107.448582155187,19431.371997,762.40711,0.619393,20194.3985
2026-07-16_ttft_component_regression/phase1/input6000_rate5p0_reuse00_seed1,201,2474.6883932415117,39.93540107554136,2514.623794317053,761.3047401863088,0.6231131039153092,3276.551647607277,20519.431792,772.782948,0.619393,21292.834133
2026-07-16_ttft_component_regression/phase1/input6000_rate5p0_reuse00_seed1,179,6939.374592274684,52.85329949575455,6992.227891770439,761.3047401863088,0.6231131039153092,7754.155745060662,26272.778886,767.559354,0.619393,27040.957633
2026-07-16_ttft_component_regression/phase1/input6000_rate5p0_reuse00_seed1,184,6725.787279326354,52.85329949575455,6778.640578822109,761.3047401863088,0.6231131039153092,7540.568432112333,25918.60892,762.383271,0.619393,26681.611584
2026-07-16_ttft_component_regression/phase1/input6000_rate5p0_reuse00_seed1,244,5634.334083859683,39.97099001852632,5674.305073878209,761.3047401863088,0.6231131039153092,6436.232927168433,19725.954917,766.328956,0.619393,20492.903266
2026-07-16_ttft_component_regression/phase1/input6000_rate5p0_reuse00_seed1,265,3827.9157402492247,29.901761285580907,3857.8175015348056,761.3047401863088,6.217248937900877e-15,4619.122241721115,11414.413477,766.661394,0.0,12181.074871
2026-07-16_ttft_component_regression/phase1/input6000_rate5p0_reuse00_seed1,263,3986.2767518888036,29.999438521697762,4016.2761904105014,761.3047401863088,0.6231131039153092,4778.204043700725,20701.712244000002,767.368094,0.619393,21469.699731
2026-07-16_ttft_component_regression/phase1/input6000_rate5p0_reuse00_seed1,290,3748.809270552692,29.917383987213984,3778.726654539906,761.3047401863088,6.217248937900877e-15,4540.031394726215,8936.035859,769.408391,0.0,9705.44425
2026-07-16_ttft_component_regression/phase1/input6000_rate5p0_reuse00_seed1,254,5516.451814271647,39.93034744045233,5556.382161712099,761.3047401863088,0.6231131039153092,6318.310015002323,20337.397205999998,767.821524,0.619393,21105.838123
2026-07-16_ttft_component_regression/phase1/input6000_rate5p0_reuse00_seed1,264,3974.0183356320667,29.995177636286268,4004.013513268353,761.3047401863088,0.6231131039153092,4765.941366558577,21537.541215,713.059245,0.619393,22251.219853
2026-07-16_ttft_component_regression/phase1/input6000_rate5p0_reuse00_seed1,279,4098.775287002925,30.065243035338487,4128.840530038264,761.3047401863088,0.6231131039153092,4890.768383328487,22483.37682,767.291982,0.619393,23251.288195
2026-07-16_ttft_component_regression/phase1/input6000_rate5p0_reuse00_seed1,292,4055.0880834846635,30.0481599757763,4085.13624346044,761.3047401863088,0.6231131039153092,4847.064096750663,30189.475541,763.989391,0.619393,30954.084325
2026-07-16_ttft_component_regression/phase1/input6000_rate5p0_reuse00_seed1,298,3976.271143303647,30.015949478261142,4006.287092781908,761.3047401863088,0.6231131039153092,4768.214946072132,30617.970374,773.07911,0.619393,31391.668877
2026-07-16_ttft_component_regression/phase1/input6000_rate5p0_reuse00_seed1,286,3947.6632240521335,30.031599066816316,3977.69482311895,761.3047401863088,0.6231131039153092,4739.622676409173,27097.488401,775.681598,0.619393,27873.789392
2026-07-16_ttft_component_regression/phase1/input6000_rate5p0_reuse00_seed1,284,5352.677821183383,39.937900897948,5392.61572208133,761.3047401863088,0.6231131039153092,6154.543575371554,26237.687511,765.605089,0.619393,27003.911993
2026-07-16_ttft_component_regression/phase1/input6000_rate5p0_reuse00_seed1,299,4012.458451206596,30.037243085346805,4042.4956942919425,761.3047401863088,0.6231131039153092,4804.423547582166,33205.154188,773.472094,0.619393,33979.245675
2026-07-16_ttft_component_regression/phase1/input6000_rate5p0_reuse00_seed1,1,0.0,1.062224097486187,1.062224097486187,761.3047401863088,6.217248937900877e-15,762.3669642837949,0.738462,689.692786,0.0,690.431248
2026-07-16_ttft_component_regression/phase1/input6000_rate5p0_reuse00_seed1,3,0.016939656498073163,12.72801661012384,12.744956266621912,761.3047401863088,6.217248937900877e-15,774.0496964529307,336.56417,927.033461,0.0,1263.597631
2026-07-16_ttft_component_regression/phase1/input6000_rate5p0_reuse00_seed1,14,0.0,21.944970279233612,21.944970279233612,761.3047401863088,6.217248937900877e-15,783.2497104655424,18.287005,712.693798,0.0,730.980803
2026-07-16_ttft_component_regression/phase1/input6000_rate5p0_reuse00_seed1,15,0.0,21.64823842009401,21.64823842009401,761.3047401863088,6.217248937900877e-15,782.9529786064028,392.716127,946.384772,0.0,1339.100899
2026-07-16_ttft_component_regression/phase1/input6000_rate5p0_reuse00_seed1,24,0.012733867042056998,22.04077200989653,22.053505876938587,761.3047401863088,6.217248937900877e-15,783.3582460632474,3.821148,709.47563,0.0,713.296778
2026-07-16_ttft_component_regression/phase1/input6000_rate5p0_reuse00_seed1,32,0.03765208894819044,25.95867088170431,25.9963229706525,761.3047401863088,6.217248937900877e-15,787.3010631569613,9.656537,717.098578,0.0,726.755115
2026-07-16_ttft_component_regression/phase1/input6000_rate5p0_reuse00_seed1,44,0.0,33.96033362334864,33.96033362334864,761.3047401863088,6.217248937900877e-15,795.2650738096575,333.026307,980.895983,0.0,1313.92229
2026-07-16_ttft_component_regression/phase1/input6000_rate5p0_reuse00_seed1,61,0.0,35.88742787321762,35.88742787321762,761.3047401863088,6.217248937900877e-15,797.1921680595264,8.912188,735.238997,0.0,744.151185
2026-07-16_ttft_component_regression/phase1/input6000_rate5p0_reuse00_seed1,42,0.0,30.68240411425596,30.68240411425596,761.3047401863088,6.217248937900877e-15,791.9871443005648,20.35161,735.892318,0.0,756.243928
2026-07-16_ttft_component_regression/phase1/input6000_rate5p0_reuse00_seed1,69,0.08135434158182811,38.05510795184073,38.13646229342256,761.3047401863088,6.217248937900877e-15,799.4412024797314,24.190221,743.646264,0.0,767.836485
2026-07-16_ttft_component_regression/phase1/input6000_rate5p0_reuse00_seed1,99,4108.689519705416,42.907633118636745,4151.597152824053,761.3047401863088,6.217248937900877e-15,4912.901893010362,2989.221734,763.817047,0.0,3753.038781
2026-07-16_ttft_component_regression/phase1/input6000_rate5p0_reuse00_seed1,84,0.0900979425112113,36.017323368634244,36.10742131114546,761.3047401863088,6.217248937900877e-15,797.4121614974542,16.737332,744.754296,0.0,761.491628
2026-07-16_ttft_component_regression/phase1/input6000_rate5p0_reuse00_seed1,113,1538.7746466187343,47.015962881589346,1585.7906095003236,761.3047401863088,6.217248937900877e-15,2347.0953496866323,1024.410058,764.69358,0.0,1789.103638
2026-07-16_ttft_component_regression/phase1/input6000_rate5p0_reuse00_seed1,131,0.03951804878740416,37.37899368757277,37.41851173636018,761.3047401863088,6.217248937900877e-15,798.723251922669,2.50938,741.991446,0.0,744.500826
2026-07-16_ttft_component_regression/phase1/input6000_rate5p0_reuse00_seed1,95,0.5173825428297936,39.0875793145554,39.60496185738519,761.3047401863088,6.217248937900877e-15,800.909702043694,19.627869,756.083024,0.0,775.710893
2026-07-16_ttft_component_regression/phase1/input6000_rate5p0_reuse00_seed1,138,0.04212725984808988,37.422551968219864,37.46467922806795,761.3047401863088,6.217248937900877e-15,798.7694194143767,2.464064,742.842957,0.0,745.307021
2026-07-16_ttft_component_regression/phase1/input6000_rate5p0_reuse00_seed1,188,0.5856120442500298,48.53766982311116,49.123281867361186,761.3047401863088,6.217248937900877e-15,810.42802205367,241.131307,736.74263,0.0,977.873937
2026-07-16_ttft_component_regression/phase1/input6000_rate5p0_reuse00_seed1,185,0.1501364898048104,44.8280601491803,44.97819663898511,761.3047401863088,6.217248937900877e-15,806.2829368252939,25.382991,749.598152,0.0,774.981143
2026-07-16_ttft_component_regression/phase1/input6000_rate5p0_reuse00_seed1,218,0.0,27.376097513737633,27.376097513737633,761.3047401863088,6.217248937900877e-15,788.6808377000464,12.185426,757.878153,0.0,770.063579
2026-07-16_ttft_component_regression/phase1/input6000_rate5p0_reuse00_seed1,182,0.09618824964367062,43.64278743125462,43.738975680898285,761.3047401863088,6.217248937900877e-15,805.0437158672071,7.790856,747.27563,0.0,755.066486
2026-07-16_ttft_component_regression/phase1/input6000_rate5p0_reuse00_seed1,227,0.0,25.240738959764695,25.240738959764695,761.3047401863088,6.217248937900877e-15,786.5454791460735,2.879213,761.355608,0.0,764.234821
2026-07-16_ttft_component_regression/phase1/input6000_rate5p0_reuse00_seed1,229,0.0,27.34911626763187,27.34911626763187,761.3047401863088,6.217248937900877e-15,788.6538564539406,371.356412,1040.148148,0.0,1411.50456
2026-07-16_ttft_component_regression/phase1/input6000_rate5p0_reuse00_seed1,214,0.22831043350553112,29.95920336988231,30.18751380338784,761.3047401863088,0.6231131039153092,792.1153670936119,27.888593,756.836042,0.619393,785.344028
2026-07-16_ttft_component_regression/phase1/input6000_rate5p0_reuse00_seed1,239,0.16043802287750886,36.460794704620795,36.6212327274983,761.3047401863088,6.217248937900877e-15,797.9259729138071,25.086377,769.070094,0.0,794.156471
2026-07-16_ttft_component_regression/phase1/input6000_rate5p0_reuse00_seed1,245,0.0,33.67446898625402,33.67446898625402,761.3047401863088,6.217248937900877e-15,794.9792091725628,0.338011,759.080222,0.0,759.418233
2026-07-16_ttft_component_regression/phase1/input6000_rate5p0_reuse00_seed1,255,0.17258960052995354,36.54561680303922,36.71820640356918,761.3047401863088,6.217248937900877e-15,798.022946589878,14.772512,766.042208,0.0,780.81472
2026-07-16_ttft_component_regression/phase1/input6000_rate5p0_reuse00_seed1,260,2675.990584172356,30.023882711534455,2706.0144668838907,761.3047401863088,6.217248937900877e-15,3467.3192070701994,4157.082740999999,761.040178,0.0,4918.122919
2026-07-16_ttft_component_regression/phase1/input6000_rate5p0_reuse00_seed1,277,3745.76099699305,30.011902012013863,3775.7728990050637,761.3047401863088,6.217248937900877e-15,4537.077639191372,8330.144218,760.212047,0.0,9090.356265
2026-07-16_ttft_component_regression/phase1/input6000_rate5p0_reuse00_seed1,261,3509.6367551005087,30.027768094753206,3539.664523195262,761.3047401863088,6.217248937900877e-15,4300.969263381571,6831.211012,762.442031,0.0,7593.653043
2026-07-16_ttft_component_regression/phase1/input6000_rate5p0_reuse00_seed1,276,3636.260470057235,30.029690394146915,3666.2901604513822,761.3047401863088,6.217248937900877e-15,4427.594900637691,7526.695399,767.030697,0.0,8293.726096
2026-07-16_ttft_component_regression/phase1/input6000_rate5p0_reuse00_seed1,287,3671.2604456813,30.02583219256745,3701.2862778738677,761.3047401863088,6.217248937900877e-15,4462.591018060177,7288.482407,760.738394,0.0,8049.220801
2026-07-16_ttft_component_regression/phase1/input6000_rate5p0_reuse00_seed1,12,0.0,1.0710361437039821,1.0710361437039821,761.3047401863088,6.217248937900877e-15,762.3757763300127,0.016903,676.342498,0.0,676.359401
2026-07-16_ttft_component_regression/phase1/input6000_rate5p0_reuse00_seed1,31,0.017692908554605348,12.66278244270616,12.680475351260766,761.3047401863088,6.217248937900877e-15,773.9852155375695,5.791894,694.997132,0.0,700.789026
2026-07-16_ttft_component_regression/phase1/input6000_rate5p0_reuse00_seed1,35,0.0,22.06341918330807,22.06341918330807,761.3047401863088,6.217248937900877e-15,783.3681593696168,10.562533,700.26697,0.0,710.829503
2026-07-16_ttft_component_regression/phase1/input6000_rate5p0_reuse00_seed1,45,0.0,21.555685791733826,21.555685791733826,761.3047401863088,6.217248937900877e-15,782.8604259780426,10.627238,719.401519,0.0,730.028757
2026-07-16_ttft_component_regression/phase1/input6000_rate5p0_reuse00_seed1,62,0.00916819367338766,21.71936312310178,21.728531316775168,761.3047401863088,6.217248937900877e-15,783.0332715030839,17.345291,709.90267,0.0,727.247961
2026-07-16_ttft_component_regression/phase1/input6000_rate5p0_reuse00_seed1,77,0.0,33.83037033963972,33.83037033963972,761.3047401863088,6.217248937900877e-15,795.1351105259484,20.564472,733.720885,0.0,754.285357
2026-07-16_ttft_component_regression/phase1/input6000_rate5p0_reuse00_seed1,67,0.03786441095620892,25.597534728175663,25.635399139131874,761.3047401863088,6.217248937900877e-15,786.9401393254407,13.028174,729.397641,0.0,742.425815
2026-07-16_ttft_component_regression/phase1/input6000_rate5p0_reuse00_seed1,46,0.009386402765269286,21.738477242616927,21.747863645382196,761.3047401863088,6.217248937900877e-15,783.0526038316909,248.361786,953.595604,0.0,1201.95739
2026-07-16_ttft_component_regression/phase1/input6000_rate5p0_reuse00_seed1,74,0.0,32.04484742077369,32.04484742077369,761.3047401863088,6.217248937900877e-15,793.3495876070824,9.445419,728.51357,0.0,737.958989
2026-07-16_ttft_component_regression/phase1/input6000_rate5p0_reuse00_seed1,68,0.0,30.512271987257364,30.512271987257364,761.3047401863088,6.217248937900877e-15,791.8170121735661,307.73614,969.21254,0.0,1276.94868
2026-07-16_ttft_component_regression/phase1/input6000_rate5p0_reuse00_seed1,91,0.06301443747587067,35.738861771889496,35.80187620936537,761.3047401863088,6.217248937900877e-15,797.1066163956741,7.527585,742.998168,0.0,750.525753
2026-07-16_ttft_component_regression/phase1/input6000_rate5p0_reuse00_seed1,101,0.5030347259061785,39.00962356530201,39.51265829120818,761.3047401863088,6.217248937900877e-15,800.8173984775169,21.798425,753.735988,0.0,775.534413
2026-07-16_ttft_component_regression/phase1/input6000_rate5p0_reuse00_seed1,117,0.5874922097126717,40.63322551820496,41.22071772791763,761.3047401863088,6.217248937900877e-15,802.5254579142264,11.720735,767.200868,0.0,778.921603
2026-07-16_ttft_component_regression/phase1/input6000_rate5p0_reuse00_seed1,152,0.22846065476819574,39.52461843699387,39.75307909176207,761.3047401863088,6.217248937900877e-15,801.0578192780708,17.170614,754.964911,0.0,772.135525
2026-07-16_ttft_component_regression/phase1/input6000_rate5p0_reuse00_seed1,161,1.4480975077044516,46.91031514943438,48.358412657138835,761.3047401863088,0.6231131039153092,810.286265947363,203.289211,1021.344863,0.619393,1225.253467
2026-07-16_ttft_component_regression/phase1/input6000_rate5p0_reuse00_seed1,180,0.7237666779707024,43.03746889734603,43.76123557531673,761.3047401863088,6.217248937900877e-15,805.0659757616255,25.764452,768.024223,0.0,793.788675
2026-07-16_ttft_component_regression/phase1/input6000_rate5p0_reuse00_seed1,160,0.24081943797589922,39.64684681641421,39.88766625439011,761.3047401863088,6.217248937900877e-15,801.1924064406988,0.670881,759.033513,0.0,759.704394
2026-07-16_ttft_component_regression/phase1/input6000_rate5p0_reuse00_seed1,195,4593.292296202004,39.92522202876959,4633.217518230774,761.3047401863088,6.217248937900877e-15,5394.522258417082,6182.844965,770.712541,0.0,6953.557506
2026-07-16_ttft_component_regression/phase1/input6000_rate5p0_reuse00_seed1,190,4257.300153943029,39.93034744045233,4297.230501383481,761.3047401863088,6.217248937900877e-15,5058.53524156979,5465.940373,761.118862,0.0,6227.059235
2026-07-16_ttft_component_regression/phase1/input6000_rate5p0_reuse00_seed1,186,16.952891207274252,52.93290188637686,69.88579309365112,761.3047401863088,0.6231131039153092,831.8136463838753,42.120841,772.353362,0.619393,815.093596
2026-07-16_ttft_component_regression/phase1/input6000_rate5p0_reuse00_seed1,220,265.46520734354954,22.45997979458863,287.92518713813814,761.3047401863088,0.6231131039153092,1049.8530404283622,2874.085393,756.821225,0.619393,3631.526011
2026-07-16_ttft_component_regression/phase1/input6000_rate5p0_reuse00_seed1,189,2825.283368516854,39.957247434441285,2865.2406159512952,761.3047401863088,6.217248937900877e-15,3626.545356137604,3275.759347,761.34289,0.0,4037.102237
2026-07-16_ttft_component_regression/phase1/input6000_rate5p0_reuse00_seed1,199,5644.031244906818,52.89422762980173,5696.92547253662,761.3047401863088,0.6231131039153092,6458.8533258268435,5565.619198,1028.474002,0.619393,6594.712593
2026-07-16_ttft_component_regression/phase1/input6000_rate5p0_reuse00_seed1,258,201.52042606493205,30.055160913928034,231.5755869788601,761.3047401863088,0.6231131039153092,993.5034402690842,831.0785900000001,1040.314732,0.619393,1872.012715
2026-07-16_ttft_component_regression/phase1/input6000_rate5p0_reuse00_seed1,268,2414.6994055332348,4017.249555335831,6431.948960869066,761.3047401863088,0.6231131039153092,7193.876814159289,3306.528515,762.819046,0.619393,4069.966954
2026-07-16_ttft_component_regression/phase1/input6000_rate5p0_reuse00_seed1,226,3643.861133327179,4019.478654052975,7663.339787380153,761.3047401863088,0.6231131039153092,8425.267640670378,7177.284865,763.772716,0.619393,7941.676974
2026-07-16_ttft_component_regression/phase1/input6000_rate5p0_reuse00_seed1,278,1404.1981230137915,30.044576219598227,1434.2426992333897,761.3047401863088,0.6231131039153092,2196.170552523614,7699.961278000001,759.665965,0.619393,8460.246636
2026-07-16_ttft_component_regression/phase1/input6000_rate5p0_reuse00_seed1,288,3202.6060743561698,29.999438521697762,3232.6055128778676,761.3047401863088,6.217248937900877e-15,3993.9102530641762,5499.510761,761.872417,0.0,6261.383178
2026-07-16_ttft_component_regression/phase1/input6000_rate5p0_reuse00_seed1,291,3413.979575845317,30.00364634125832,3443.9832221865754,761.3047401863088,6.217248937900877e-15,4205.287962372884,6263.757132000001,772.937026,0.0,7036.694158
2026-07-16_ttft_component_regression/phase1/input6000_rate5p0_reuse00_seed1,270,2369.1761316029533,528.3000071355779,2897.476138738531,761.3047401863088,0.6231131039153092,3659.403992028755,8194.140091,768.52037,0.619393,8963.279854
2026-07-16_ttft_component_regression/phase1/input6000_rate5p0_reuse00_seed1,295,3754.5963786255543,30.02583219256745,3784.622210818122,761.3047401863088,6.217248937900877e-15,4545.9269510044305,7685.259681,769.966353,0.0,8455.226034
2026-07-16_ttft_component_regression/phase1/input6000_rate5p0_reuse00_seed1,10,0.0,21.927199376015803,21.927199376015803,761.3047401863088,6.217248937900877e-15,783.2319395623246,225.11059,939.212708,0.0,1164.323298
2026-07-16_ttft_component_regression/phase1/input6000_rate5p0_reuse00_seed1,2,0.0,1.1280787070773115,1.1280787070773115,761.3047401863088,6.217248937900877e-15,762.4328188933861,0.294013,676.342498,0.0,676.636511
2026-07-16_ttft_component_regression/phase1/input6000_rate5p0_reuse00_seed1,8,0.01593364453763702,12.799684159538225,12.815617804075863,761.3047401863088,6.217248937900877e-15,774.1203579903846,12.571946,707.239983,0.0,719.811929
2026-07-16_ttft_component_regression/phase1/input6000_rate5p0_reuse00_seed1,20,0.0,21.65820812335312,21.65820812335312,761.3047401863088,6.217248937900877e-15,782.9629483096619,14.61846,705.333452,0.0,719.951912
2026-07-16_ttft_component_regression/phase1/input6000_rate5p0_reuse00_seed1,55,0.03768003637339192,25.936994398162852,25.974674434536244,761.3047401863088,6.217248937900877e-15,787.279414620845,37.527569,717.984466,0.0,755.512035
2026-07-16_ttft_component_regression/phase1/input6000_rate5p0_reuse00_seed1,60,0.0,30.601851175847152,30.601851175847152,761.3047401863088,6.217248937900877e-15,791.906591362156,16.08363,724.148234,0.0,740.231864
2026-07-16_ttft_component_regression/phase1/input6000_rate5p0_reuse00_seed1,51,0.012947219610254157,22.060652282281133,22.073599501891387,761.3047401863088,6.217248937900877e-15,783.3783396882002,1.865899,711.573838,0.0,713.439737
2026-07-16_ttft_component_regression/phase1/input6000_rate5p0_reuse00_seed1,118,0.03854804801505757,37.36221537705278,37.40076342506784,761.3047401863088,6.217248937900877e-15,798.7055036113766,197.803344,1036.955736,0.0,1234.75908
2026-07-16_ttft_component_regression/phase1/input6000_rate5p0_reuse00_seed1,97,0.004974226573477059,20.521074529760615,20.52604875633409,761.3047401863088,6.217248937900877e-15,781.8307889426428,7.351152,706.722604,0.0,714.073756
2026-07-16_ttft_component_regression/phase1/input6000_rate5p0_reuse00_seed1,105,0.12311882381637036,25.401541050647854,25.524659874464223,761.3047401863088,6.217248937900877e-15,786.829400060773,279.820728,1003.455651,0.0,1283.276379
2026-07-16_ttft_component_regression/phase1/input6000_rate5p0_reuse00_seed1,119,1.4289560026883374,46.877658772826884,48.30661477551522,761.3047401863088,0.6231131039153092,810.2344680657393,344.767666,1040.661829,0.619393,1386.048888
2026-07-16_ttft_component_regression/phase1/input6000_rate5p0_reuse00_seed1,121,1.431077922534729,46.8813665536233,48.31244447615803,761.3047401863088,0.6231131039153092,810.2402977663821,935.265676,992.876416,0.619393,1928.761485
2026-07-16_ttft_component_regression/phase1/input6000_rate5p0_reuse00_seed1,116,0.0,33.557087282946135,33.557087282946135,761.3047401863088,6.217248937900877e-15,794.8618274692549,21.818762,747.29466,0.0,769.113422
2026-07-16_ttft_component_regression/phase1/input6000_rate5p0_reuse00_seed1,103,1.4076482911004937,44.642615148233695,46.05026343933419,761.3047401863088,0.6231131039153092,807.9781167295583,13.556243,732.787256,0.619393,746.962892
2026-07-16_ttft_component_regression/phase1/input6000_rate5p0_reuse00_seed1,107,1.431077922534729,46.8813665536233,48.31244447615803,761.3047401863088,0.6231131039153092,810.2402977663821,612.3999259999999,936.791247,0.619393,1549.810566
2026-07-16_ttft_component_regression/phase1/input6000_rate5p0_reuse00_seed1,134,2365.8718496120955,46.84340684253097,2412.7152564546263,761.3047401863088,6.217248937900877e-15,3174.019996640935,1768.463536,754.195355,0.0,2522.658891
2026-07-16_ttft_component_regression/phase1/input6000_rate5p0_reuse00_seed1,127,4912.949886503428,47.03813772614623,4959.988024229575,761.3047401863088,0.6231131039153092,5721.915877519798,10496.406198,772.239759,0.619393,11269.26535
2026-07-16_ttft_component_regression/phase1/input6000_rate5p0_reuse00_seed1,126,4923.57092929227,46.931186119999104,4970.50211541227,761.3047401863088,0.6231131039153092,5732.429968702493,4836.801982,754.135607,0.619393,5591.556982
2026-07-16_ttft_component_regression/phase1/input6000_rate5p0_reuse00_seed1,228,2296.8643293492414,30.031599066816316,2326.895928416058,761.3047401863088,0.6231131039153092,3088.823781706282,3562.9805730000003,769.776529,0.619393,4333.376495
2026-07-16_ttft_component_regression/phase1/input6000_rate5p0_reuse00_seed1,197,6214.549892816229,52.84058786422722,6267.390480680456,761.3047401863088,0.6231131039153092,7029.318333970679,9858.738353,771.759037,0.619393,10631.116783
2026-07-16_ttft_component_regression/phase1/input6000_rate5p0_reuse00_seed1,173,8048.855607394641,54.650204923720935,8103.505812318362,761.3047401863088,6.217248937900877e-15,8864.81055250467,10750.579669,1028.763834,0.0,11779.343503
2026-07-16_ttft_component_regression/phase1/input6000_rate5p0_reuse00_seed1,130,3390.182158139427,46.927758059392275,3437.109916198819,761.3047401863088,0.6231131039153092,4199.037769489043,16688.433217,757.6647,0.619393,17446.71731
2026-07-16_ttft_component_regression/phase1/input6000_rate5p0_reuse00_seed1,212,2348.345207077994,29.970802844639838,2378.316009922634,761.3047401863088,6.217248937900877e-15,3139.6207501089425,4544.394594,1034.863964,0.0,5579.258558
2026-07-16_ttft_component_regression/phase1/input6000_rate5p0_reuse00_seed1,221,79.69887762176775,29.970802844639838,109.66968046640758,761.3047401863088,6.217248937900877e-15,870.9744206527164,2134.918356,1002.730214,0.0,3137.64857
2026-07-16_ttft_component_regression/phase1/input6000_rate5p0_reuse00_seed1,203,6130.882836479835,53.04697016287036,6183.9298066427045,761.3047401863088,0.6231131039153092,6945.857659932928,15630.576959,1039.427796,0.619393,16670.624148
2026-07-16_ttft_component_regression/phase1/input6000_rate5p0_reuse00_seed1,233,1949.016141579179,29.988687231776414,1979.0048288109554,761.3047401863088,0.6231131039153092,2740.9326821011796,15345.630144,765.78423,0.619393,16112.033767
2026-07-16_ttft_component_regression/phase1/input6000_rate5p0_reuse00_seed1,164,8476.760731105971,54.79351869913455,8531.554249805105,761.3047401863088,0.6231131039153092,9293.48210309533,20934.393771,760.947892,0.619393,21695.961056
2026-07-16_ttft_component_regression/phase1/input6000_rate5p0_reuse00_seed1,210,2413.2485663608677,29.9472831241406,2443.1958494850082,761.3047401863088,0.6231131039153092,3205.1237027752322,18382.708241,765.309904,0.619393,19148.637538
2026-07-16_ttft_component_regression/phase1/input6000_rate5p0_reuse00_seed1,234,4152.57890955532,30.060265116575497,4182.6391746718955,761.3047401863088,6.217248937900877e-15,4943.943914858204,14005.13563,770.500263,0.0,14775.635893
2026-07-16_ttft_component_regression/phase1/input6000_rate5p0_reuse00_seed1,243,108.79007569101748,39.87879383546766,148.66886952648514,761.3047401863088,0.6231131039153092,910.5967228167092,20534.374835,765.33573,0.619393,21300.329958
2026-07-16_ttft_component_regression/phase1/input6000_rate5p0_reuse00_seed1,224,4132.911800357188,30.044576219598227,4162.956376576787,761.3047401863088,0.6231131039153092,4924.884229867011,26685.040954999997,767.181019,0.619393,27452.841367
2026-07-16_ttft_component_regression/phase1/input6000_rate5p0_reuse00_seed1,6,0.0,1.062224097486187,1.062224097486187,761.3047401863088,6.217248937900877e-15,762.3669642837949,0.023528,676.342498,0.0,676.366026
2026-07-16_ttft_component_regression/phase1/input6000_rate5p0_reuse00_seed1,25,0.017410218063537656,12.68862371110591,12.706033929169447,761.3047401863088,6.217248937900877e-15,774.0107741154782,10.460266,694.435308,0.0,704.895574
2026-07-16_ttft_component_regression/phase1/input6000_rate5p0_reuse00_seed1,82,0.0,0.9675591040283484,0.9675591040283484,761.3047401863088,6.217248937900877e-15,762.2722992903372,0.013951,676.342498,0.0,676.356449
2026-07-16_ttft_component_regression/phase1/input6000_rate5p0_reuse00_seed1,87,0.0,20.767955476812258,20.767955476812258,761.3047401863088,6.217248937900877e-15,782.0726956631211,334.037117,939.425156,0.0,1273.462273
2026-07-16_ttft_component_regression/phase1/input6000_rate5p0_reuse00_seed1,98,1.2738080904195148,42.933963919382805,44.20777200980232,761.3047401863088,0.6231131039153092,806.1356253000264,4.904542,705.46238,0.619393,710.986315
2026-07-16_ttft_component_regression/phase1/input6000_rate5p0_reuse00_seed1,86,0.01842287189456884,12.000302971560043,12.018725843454611,761.3047401863088,6.217248937900877e-15,773.3234660297634,10.235515,707.527567,0.0,717.763082
2026-07-16_ttft_component_regression/phase1/input6000_rate5p0_reuse00_seed1,122,0.21960786610587127,26.423095541982224,26.642703408088096,761.3047401863088,6.217248937900877e-15,787.9474435943969,14.088186,710.499982,0.0,724.588168
2026-07-16_ttft_component_regression/phase1/input6000_rate5p0_reuse00_seed1,136,0.19543744757451254,26.63239531460265,26.827832762177163,761.3047401863088,6.217248937900877e-15,788.132572948486,14.631303,730.617353,0.0,745.248656
2026-07-16_ttft_component_regression/phase1/input6000_rate5p0_reuse00_seed1,142,1.5386784137147345,47.04081295103384,48.57949136474858,761.3047401863088,0.6231131039153092,810.5073446549727,903.031024,1010.475982,0.619393,1914.126399
2026-07-16_ttft_component_regression/phase1/input6000_rate5p0_reuse00_seed1,145,1.5408589211678438,47.043466579866475,48.58432550103432,761.3047401863088,0.6231131039153092,810.5121787912584,2578.792537,977.331389,0.619393,3556.743319
2026-07-16_ttft_component_regression/phase1/input6000_rate5p0_reuse00_seed1,176,5120.468867169004,52.792294101999936,5173.261161271003,761.3047401863088,6.217248937900877e-15,5934.565901457312,5173.508613999999,757.992391,0.0,5931.501005
2026-07-16_ttft_component_regression/phase1/input6000_rate5p0_reuse00_seed1,143,0.03777135361588426,649.3078610113979,649.3456323650138,761.3047401863088,6.217248937900877e-15,1410.6503725513226,1282.615016,1020.772086,0.0,2303.387102
2026-07-16_ttft_component_regression/phase1/input6000_rate5p0_reuse00_seed1,144,0.22317747011024755,5199.575790552879,5199.798968022989,761.3047401863088,6.217248937900877e-15,5961.103708209298,2013.502412,1038.786479,0.0,3052.288891
2026-07-16_ttft_component_regression/phase1/input6000_rate5p0_reuse00_seed1,153,5549.0605774575215,6191.244606865778,11740.3051843233,761.3047401863088,6.217248937900877e-15,12501.60992450961,4929.507466999999,760.840054,0.0,5690.347521
2026-07-16_ttft_component_regression/phase1/input6000_rate5p0_reuse00_seed1,155,6422.135734287608,814.078879604248,7236.214613891856,761.3047401863088,6.217248937900877e-15,7997.519354078165,6905.729726,762.797185,0.0,7668.526911
2026-07-16_ttft_component_regression/phase1/input6000_rate5p0_reuse00_seed1,141,0.1438953544758471,31.788530873069334,31.932426227545182,761.3047401863088,6.217248937900877e-15,793.237166413854,167.333367,999.312147,0.0,1166.645514
2026-07-16_ttft_component_regression/phase1/input6000_rate5p0_reuse00_seed1,147,6738.638358236496,54.77266044992337,6793.411018686419,761.3047401863088,0.6231131039153092,7555.338871976643,15283.138716,759.979791,0.619393,16043.7379
2026-07-16_ttft_component_regression/phase1/input6000_rate5p0_reuse00_seed1,159,6886.524910970475,47.05386440074273,6933.5787753712175,761.3047401863088,0.6231131039153092,7695.506628661441,15984.822118999999,761.248689,0.619393,16746.690201
2026-07-16_ttft_component_regression/phase1/input6000_rate5p0_reuse00_seed1,222,3457.7253641484613,29.925028043739108,3487.6503921922003,761.3047401863088,6.217248937900877e-15,4248.955132378509,7249.2851390000005,760.396444,0.0,8009.681583
2026-07-16_ttft_component_regression/phase1/input6000_rate5p0_reuse00_seed1,230,2562.327259405783,22.43143498827921,2584.7586943940623,761.3047401863088,6.217248937900877e-15,3346.063434580371,7514.197753,763.403671,0.0,8277.601424
2026-07-16_ttft_component_regression/phase1/input6000_rate5p0_reuse00_seed1,269,2649.935651040919,29.89110042789286,2679.826751468812,761.3047401863088,6.217248937900877e-15,3441.1314916551205,4168.913073,762.361534,0.0,4931.274607
2026-07-16_ttft_component_regression/phase1/input6000_rate5p0_reuse00_seed1,282,1839.8509842137132,29.935045146643102,1869.7860293603562,761.3047401863088,6.217248937900877e-15,2631.090769546665,3835.8762150000002,1008.505738,0.0,4844.381953
2026-07-16_ttft_component_regression/phase1/input6000_rate5p0_reuse00_seed1,215,4028.8412908801356,30.073285742509,4058.9145766226447,761.3047401863088,0.6231131039153092,4820.842429912868,12361.791460999999,761.278858,0.619393,13123.689712
2026-07-16_ttft_component_regression/phase1/input6000_rate5p0_reuse00_seed1,273,3108.071176493308,29.94969268916753,3138.0208691824755,761.3047401863088,6.217248937900877e-15,3899.325609368784,5853.657474,1046.322128,0.0,6899.979602
2026-07-16_ttft_component_regression/phase1/input6000_rate5p0_reuse00_seed1,248,3545.200234940578,39.77105994653342,3584.9712948871115,761.3047401863088,0.6231131039153092,4346.8991481773355,8803.789035,761.019892,0.619393,9565.42832
2026-07-16_ttft_component_regression/phase1/input6000_rate5p0_reuse00_seed1,249,3512.8634704927367,39.77792960613993,3552.6414000988766,761.3047401863088,0.6231131039153092,4314.569253389101,9875.968266,760.133364,0.619393,10636.721023
2026-07-16_ttft_component_regression/phase1/input6000_rate5p0_reuse00_seed1,283,3880.9490602493,695.0459500211606,4575.995010270461,761.3047401863088,6.217248937900877e-15,5337.299750456769,4887.997245,758.484854,0.0,5646.482099
2026-07-16_ttft_component_regression/phase1/input6000_rate5p0_reuse00_seed1,293,3886.592593902635,29.939978270704888,3916.53257217334,761.3047401863088,6.217248937900877e-15,4677.837312359649,10281.305838,771.213071,0.0,11052.518909
2026-07-16_ttft_component_regression/phase1/input8000_rate2p5_reuse00_seed1,5,0.016310573532502905,0.5841515459138523,0.6004621194463552,1051.8528190706604,0.0,1052.4532811901067,0.009088,954.519522,0.0,954.52861
2026-07-16_ttft_component_regression/phase1/input8000_rate2p5_reuse00_seed1,7,0.0,7.433728864228636,7.433728864228636,1051.8528190706604,0.0,1059.286547934889,345.084383,1211.748136,0.0,1556.832519
2026-07-16_ttft_component_regression/phase1/input8000_rate2p5_reuse00_seed1,39,0.023805567710183353,15.103018129694238,15.126823697404422,1051.8528190706604,0.0,1066.9796427680649,20.155717,988.424215,0.0,1008.579932
2026-07-16_ttft_component_regression/phase1/input8000_rate2p5_reuse00_seed1,35,0.0,12.31882768955018,12.31882768955018,1051.8528190706604,0.0,1064.1716467602107,19.081449,979.895793,0.0,998.977242
2026-07-16_ttft_component_regression/phase1/input8000_rate2p5_reuse00_seed1,71,0.0,7.459891677679374,7.459891677679374,1051.8528190706604,0.0,1059.31271074834,4.600418,969.803708,0.0,974.404126
2026-07-16_ttft_component_regression/phase1/input8000_rate2p5_reuse00_seed1,74,0.0,12.287996130720163,12.287996130720163,1051.8528190706604,0.0,1064.1408152013805,0.792577,978.181169,0.0,978.973746
2026-07-16_ttft_component_regression/phase1/input8000_rate2p5_reuse00_seed1,105,0.03162304572011461,13.376376672552926,13.407999718273041,1051.8528190706604,0.0,1065.2608187889334,517.116427,1246.904513,0.0,1764.02094
2026-07-16_ttft_component_regression/phase1/input8000_rate2p5_reuse00_seed1,109,0.021460317813285848,14.946258941446805,14.967719259260091,1051.8528190706604,0.0,1066.8205383299205,3.094159,993.289679,0.0,996.383838
2026-07-16_ttft_component_regression/phase1/input8000_rate2p5_reuse00_seed1,114,0.040899278484410655,14.804464443028532,14.845363721512943,1051.8528190706604,0.0,1066.6981827921734,165.591995,1010.847029,0.0,1176.439024
2026-07-16_ttft_component_regression/phase1/input8000_rate2p5_reuse00_seed1,104,0.0,10.989121826887324,10.989121826887324,1051.8528190706604,0.0,1062.8419408975478,18.416879,996.295505,0.0,1014.712384
2026-07-16_ttft_component_regression/phase1/input8000_rate2p5_reuse00_seed1,144,0.06003393755225913,15.116389725643941,15.1764236631962,1051.8528190706604,0.0,1067.0292427338566,14.094394,1027.364904,0.0,1041.459298
2026-07-16_ttft_component_regression/phase1/input8000_rate2p5_reuse00_seed1,155,0.0,15.557993805071137,15.557993805071137,1051.8528190706604,0.0,1067.4108128757316,14.219852,1019.317664,0.0,1033.537516
2026-07-16_ttft_component_regression/phase1/input8000_rate2p5_reuse00_seed1,171,0.03893409876171852,14.867815235852497,14.906749334614215,1051.8528190706604,0.0,1066.7595684052746,197.424686,1027.225891,0.0,1224.650577
2026-07-16_ttft_component_regression/phase1/input8000_rate2p5_reuse00_seed1,146,0.0,15.87874931375003,15.87874931375003,1051.8528190706604,0.0,1067.7315683844104,554.429991,1284.272066,0.0,1838.702057
2026-07-16_ttft_component_regression/phase1/input8000_rate2p5_reuse00_seed1,169,0.05333324974796748,13.812988236890554,13.86632148663852,1051.8528190706604,0.0,1065.719140557299,13.474268,1013.211422,0.0,1026.68569
2026-07-16_ttft_component_regression/phase1/input8000_rate2p5_reuse00_seed1,173,0.0,299.1871668445236,299.1871668445236,1051.8528190706604,0.0,1351.039985915184,780.296529,1283.07627,0.0,2063.372799
2026-07-16_ttft_component_regression/phase1/input8000_rate2p5_reuse00_seed1,215,0.03360400686220803,12.016397775907633,12.05000178276984,1051.8528190706604,0.0,1063.9028208534303,4.862103,992.41143,0.0,997.273533
2026-07-16_ttft_component_regression/phase1/input8000_rate2p5_reuse00_seed1,238,0.1249059755983524,7.1686918429217545,7.293597818520107,1051.8528190706604,0.0,1059.1464168891805,1.50969,997.483457,0.0,998.993147
2026-07-16_ttft_component_regression/phase1/input8000_rate2p5_reuse00_seed1,239,0.0971287943102174,11.868084203062296,11.965212997372513,1051.8528190706604,0.0,1063.8180320680328,706.215827,1244.958207,0.0,1951.174034
2026-07-16_ttft_component_regression/phase1/input8000_rate2p5_reuse00_seed1,253,0.15788288238511258,14.620484501347047,14.77836738373216,1051.8528190706604,0.0,1066.6311864543925,13.862652,995.122631,0.0,1008.985283
2026-07-16_ttft_component_regression/phase1/input8000_rate2p5_reuse00_seed1,270,0.16037150498199776,16.053549433688556,16.213920938670555,1051.8528190706604,0.0,1068.066740009331,10.978722,1003.527114,0.0,1014.505836
2026-07-16_ttft_component_regression/phase1/input8000_rate2p5_reuse00_seed1,272,0.0,15.88549538126834,15.88549538126834,1051.8528190706604,0.0,1067.7383144519288,10.074845,1032.125958,0.0,1042.200803
2026-07-16_ttft_component_regression/phase1/input8000_rate2p5_reuse00_seed1,275,0.0,18.435137854819356,18.435137854819356,1051.8528190706604,0.0,1070.2879569254799,415.64346,1315.286178,0.0,1730.929638
2026-07-16_ttft_component_regression/phase1/input8000_rate2p5_reuse00_seed1,296,0.0,15.558413494214177,15.558413494214177,1051.8528190706604,0.0,1067.4112325648746,15.064289,1015.550798,0.0,1030.615087
2026-07-16_ttft_component_regression/phase1/input8000_rate2p5_reuse00_seed1,14,0.01489521297141774,0.5501563904231381,0.5650516033945558,1051.8528190706604,0.0,1052.417870674055,0.016915,954.519522,0.0,954.536437
2026-07-16_ttft_component_regression/phase1/input8000_rate2p5_reuse00_seed1,18,0.0,7.468126569404398,7.468126569404398,1051.8528190706604,0.0,1059.3209456400648,332.846174,1211.748136,0.0,1544.59431
2026-07-16_ttft_component_regression/phase1/input8000_rate2p5_reuse00_seed1,33,0.0,12.279368319292297,12.279368319292297,1051.8528190706604,0.0,1064.1321873899526,0.985332,978.535377,0.0,979.520709
2026-07-16_ttft_component_regression/phase1/input8000_rate2p5_reuse00_seed1,50,0.022663630006538937,14.102826854613772,14.125490484620311,1051.8528190706604,0.0,1065.9783095552807,397.058645,1244.370689,0.0,1641.429334
2026-07-16_ttft_component_regression/phase1/input8000_rate2p5_reuse00_seed1,41,0.0,11.570242557603319,11.570242557603319,1051.8528190706604,0.0,1063.4230616282637,5.859425,978.145009,0.0,984.004434
2026-07-16_ttft_component_regression/phase1/input8000_rate2p5_reuse00_seed1,49,0.0,11.58009645036273,11.58009645036273,1051.8528190706604,0.0,1063.4329155210232,7.978225,993.627025,0.0,1001.60525
2026-07-16_ttft_component_regression/phase1/input8000_rate2p5_reuse00_seed1,73,0.022897514588084766,15.041342963442323,15.064240478030408,1051.8528190706604,0.0,1066.9170595486908,16.841727,988.514551,0.0,1005.356278
2026-07-16_ttft_component_regression/phase1/input8000_rate2p5_reuse00_seed1,88,0.036550677922205795,14.935968115678323,14.972518793600528,1051.8528190706604,0.0,1066.825337864261,215.95868,1324.320164,0.0,1540.278844
2026-07-16_ttft_component_regression/phase1/input8000_rate2p5_reuse00_seed1,76,0.027593637110537052,16.615470172982292,16.64306381009283,1051.8528190706604,0.0,1068.4958828807532,14.043528,994.499174,0.0,1008.542702
2026-07-16_ttft_component_regression/phase1/input8000_rate2p5_reuse00_seed1,87,0.03570047064947939,13.62356223193814,13.659262702587618,1051.8528190706604,0.0,1065.512081773248,7.084377,1011.478341,0.0,1018.562718
2026-07-16_ttft_component_regression/phase1/input8000_rate2p5_reuse00_seed1,89,0.0,299.32091548712066,299.32091548712066,1051.8528190706604,0.0,1351.173734557781,1196.586408,1270.699692,0.0,2467.2861
2026-07-16_ttft_component_regression/phase1/input8000_rate2p5_reuse00_seed1,126,0.0,17.342672894083616,17.342672894083616,1051.8528190706604,0.0,1069.195491964744,4.590611,1023.589179,0.0,1028.17979
2026-07-16_ttft_component_regression/phase1/input8000_rate2p5_reuse00_seed1,113,0.0,15.569864136699303,15.569864136699303,1051.8528190706604,0.0,1067.4226832073598,9.128304,1026.883435,0.0,1036.011739
2026-07-16_ttft_component_regression/phase1/input8000_rate2p5_reuse00_seed1,132,0.19570325863063884,20.89093185140014,21.08663511003078,1051.8528190706604,0.0,1072.9394541806912,5.78684,1053.662071,0.0,1059.448911
2026-07-16_ttft_component_regression/phase1/input8000_rate2p5_reuse00_seed1,141,0.1878366012455337,20.830651913348618,21.01848851459415,1051.8528190706604,0.0,1072.8713075852545,18.732079,1051.468822,0.0,1070.200901
2026-07-16_ttft_component_regression/phase1/input8000_rate2p5_reuse00_seed1,156,0.18437855348555365,20.80393897240957,20.988317525895123,1051.8528190706604,0.0,1072.8411365965555,3.323317,1045.769508,0.0,1049.092825
2026-07-16_ttft_component_regression/phase1/input8000_rate2p5_reuse00_seed1,150,0.0,16.960824280783807,16.960824280783807,1051.8528190706604,0.0,1068.8136433514442,21.896272,1036.23932,0.0,1058.135592
2026-07-16_ttft_component_regression/phase1/input8000_rate2p5_reuse00_seed1,174,0.1699426611557719,20.690983956557698,20.86092661771347,1051.8528190706604,0.0,1072.7137456883738,21.348348,1036.28059,0.0,1057.628938
2026-07-16_ttft_component_regression/phase1/input8000_rate2p5_reuse00_seed1,166,711.8524668430837,25.221334271182986,737.0738011142666,1051.8528190706604,0.0,1788.926620184927,501.681996,1043.04396,0.0,1544.725956
2026-07-16_ttft_component_regression/phase1/input8000_rate2p5_reuse00_seed1,181,4612.6707344435235,25.087707267496754,4637.75844171102,1051.8528190706604,0.0,5689.61126078168,4308.545785,1035.750043,0.0,5344.295828
2026-07-16_ttft_component_regression/phase1/input8000_rate2p5_reuse00_seed1,190,4427.808148651653,25.08275473335789,4452.890903385011,1051.8528190706604,0.0,5504.743722455672,3981.942725,1026.068877,0.0,5008.011602
2026-07-16_ttft_component_regression/phase1/input8000_rate2p5_reuse00_seed1,180,3183.5792029808404,25.16052267026095,3208.7397256511013,1051.8528190706604,0.0,4260.592544721761,2561.375086,1046.374678,0.0,3607.749764
2026-07-16_ttft_component_regression/phase1/input8000_rate2p5_reuse00_seed1,223,0.20018191857567483,21.18106121704359,21.38124313561927,1051.8528190706604,0.0,1073.2340622062798,10.432739,1047.152886,0.0,1057.585625
2026-07-16_ttft_component_regression/phase1/input8000_rate2p5_reuse00_seed1,231,0.22973758780045658,22.462249200324322,22.69198678812478,1051.8528190706604,0.0,1074.5448058587851,17.030621,1043.017016,0.0,1060.047637
2026-07-16_ttft_component_regression/phase1/input8000_rate2p5_reuse00_seed1,210,0.1993155672797228,21.174283771516777,21.3735993387965,1051.8528190706604,0.0,1073.226418409457,11.431199,1034.833951,0.0,1046.26515
2026-07-16_ttft_component_regression/phase1/input8000_rate2p5_reuse00_seed1,233,1515.1394359960518,26.410692271324866,1541.5501282673767,1051.8528190706604,0.0,2593.402947338037,958.2372720000001,1033.047666,0.0,1991.284938
2026-07-16_ttft_component_regression/phase1/input8000_rate2p5_reuse00_seed1,246,1905.1023812471628,22.61134690906083,1927.7137281562236,1051.8528190706604,0.0,2979.566547226884,1148.946778,1038.293306,0.0,2187.240084
2026-07-16_ttft_component_regression/phase1/input8000_rate2p5_reuse00_seed1,261,0.22798685285214138,22.44795471615301,22.67594156900515,1051.8528190706604,0.0,1074.5287606396655,11.803683,1025.974801,0.0,1037.778484
2026-07-16_ttft_component_regression/phase1/input8000_rate2p5_reuse00_seed1,251,2977.880112432982,26.426268099702483,3004.3063805326847,1051.8528190706604,0.0,4056.159199603345,2152.5889460000003,1031.108549,0.0,3183.697495
2026-07-16_ttft_component_regression/phase1/input8000_rate2p5_reuse00_seed1,299,0.04562209166970524,0.45724348231355183,0.502865573983257,1051.8528190706604,0.0,1052.3556846446436,0.036397,947.953218,0.0,947.989615
2026-07-16_ttft_component_regression/phase1/input8000_rate2p5_reuse00_seed1,69,0.0,7.0079180794143685,7.0079180794143685,1051.8528190706604,0.0,1058.8607371500748,10.848723,966.255388,0.0,977.104111
2026-07-16_ttft_component_regression/phase1/input8000_rate2p5_reuse00_seed1,64,0.015763614886052272,0.5706649621415996,0.5864285770276518,1051.8528190706604,0.0,1052.439247647688,0.026205,936.703457,0.0,936.729662
2026-07-16_ttft_component_regression/phase1/input8000_rate2p5_reuse00_seed1,91,0.0,10.98668269930938,10.98668269930938,1051.8528190706604,0.0,1062.8395017699697,7.396894,979.402577,0.0,986.799471
2026-07-16_ttft_component_regression/phase1/input8000_rate2p5_reuse00_seed1,103,0.0,10.98668269930938,10.98668269930938,1051.8528190706604,0.0,1062.8395017699697,6.867609,978.400305,0.0,985.267914
2026-07-16_ttft_component_regression/phase1/input8000_rate2p5_reuse00_seed1,106,0.030884586244697507,13.333919365941991,13.364803952186689,1051.8528190706604,0.0,1065.2176230228472,0.793476,987.055415,0.0,987.848891
2026-07-16_ttft_component_regression/phase1/input8000_rate2p5_reuse00_seed1,116,0.03120188869329758,13.352084249187032,13.38328613788033,1051.8528190706604,0.0,1065.2361052085407,1.409754,985.962679,0.0,987.372433
2026-07-16_ttft_component_regression/phase1/input8000_rate2p5_reuse00_seed1,131,0.0,15.873365994142214,15.873365994142214,1051.8528190706604,0.0,1067.7261850648026,20.073578,1005.524644,0.0,1025.598222
2026-07-16_ttft_component_regression/phase1/input8000_rate2p5_reuse00_seed1,125,0.06003393755225913,15.116389725643941,15.1764236631962,1051.8528190706604,0.0,1067.0292427338566,10.143405,993.688614,0.0,1003.832019
2026-07-16_ttft_component_regression/phase1/input8000_rate2p5_reuse00_seed1,143,0.0,15.87290370398738,15.87290370398738,1051.8528190706604,0.0,1067.7257227746477,16.164959,1011.778055,0.0,1027.943014
2026-07-16_ttft_component_regression/phase1/input8000_rate2p5_reuse00_seed1,151,0.0,15.555867363426785,15.555867363426785,1051.8528190706604,0.0,1067.4086864340873,9.425975,1022.161331,0.0,1031.587306
2026-07-16_ttft_component_regression/phase1/input8000_rate2p5_reuse00_seed1,157,0.0,15.885086965729831,15.885086965729831,1051.8528190706604,0.0,1067.7379060363903,16.2858,1018.860533,0.0,1035.146333
2026-07-16_ttft_component_regression/phase1/input8000_rate2p5_reuse00_seed1,192,0.0,11.248198893048997,11.248198893048997,1051.8528190706604,0.0,1063.1010179637094,7.679614,985.310887,0.0,992.990501
2026-07-16_ttft_component_regression/phase1/input8000_rate2p5_reuse00_seed1,212,0.08949717603441239,14.737607607050963,14.827104783085375,1051.8528190706604,0.0,1066.6799238537458,5.081381,1000.183192,0.0,1005.264573
2026-07-16_ttft_component_regression/phase1/input8000_rate2p5_reuse00_seed1,205,0.1582170511204764,14.64056138473459,14.798778435855068,1051.8528190706604,0.0,1066.6515975065154,20.9261,1001.769374,0.0,1022.695474
2026-07-16_ttft_component_regression/phase1/input8000_rate2p5_reuse00_seed1,219,0.052189618533453164,13.743699063941742,13.795888682475194,1051.8528190706604,0.0,1065.6487077531356,13.741061,1017.359422,0.0,1031.100483
2026-07-16_ttft_component_regression/phase1/input8000_rate2p5_reuse00_seed1,244,0.27092627835987243,13.619644046003284,13.890570324363157,1051.8528190706604,0.0,1065.7433893950235,20.389632,1009.062621,0.0,1029.452253
2026-07-16_ttft_component_regression/phase1/input8000_rate2p5_reuse00_seed1,259,0.16256119971450012,15.992132667177541,16.154693866892043,1051.8528190706604,0.0,1068.0075129375525,6.940436,1002.411724,0.0,1009.35216
2026-07-16_ttft_component_regression/phase1/input8000_rate2p5_reuse00_seed1,267,0.16126412426903577,16.02927590630692,16.190540030575956,1051.8528190706604,0.0,1068.0433591012363,4.53244,1022.266928,0.0,1026.799368
2026-07-16_ttft_component_regression/phase1/input8000_rate2p5_reuse00_seed1,268,0.04152886201946674,16.747298005528577,16.788826867548043,1051.8528190706604,0.0,1068.6416459382085,256.991431,1290.427566,0.0,1547.418997
2026-07-16_ttft_component_regression/phase1/input8000_rate2p5_reuse00_seed1,287,0.0,15.889491405836676,15.889491405836676,1051.8528190706604,0.0,1067.742310476497,52.760682,1026.121534,0.0,1078.882216
2026-07-16_ttft_component_regression/phase1/input8000_rate2p5_reuse00_seed1,285,0.055725526762889076,15.246339378884826,15.302064905647715,1051.8528190706604,0.0,1067.1548839763082,13.685306,1025.861087,0.0,1039.546393
2026-07-16_ttft_component_regression/phase1/input8000_rate2p5_reuse00_seed1,293,0.0,17.00224409343185,17.00224409343185,1051.8528190706604,0.0,1068.8550631640924,7.171551,1030.895528,0.0,1038.067079
2026-07-16_ttft_component_regression/phase1/input8000_rate2p5_reuse00_seed1,10,0.0,7.452441768931685,7.452441768931685,1051.8528190706604,0.0,1059.3052608395922,7.450915,966.514748,0.0,973.965663
2026-07-16_ttft_component_regression/phase1/input8000_rate2p5_reuse00_seed1,13,0.0,12.29494142708259,12.29494142708259,1051.8528190706604,0.0,1064.147760497743,5.14864,993.494641,0.0,998.643281
2026-07-16_ttft_component_regression/phase1/input8000_rate2p5_reuse00_seed1,0,0.016310573532502905,0.5841515459138523,0.6004621194463552,1051.8528190706604,0.0,1052.4532811901067,0.0,936.703457,0.0,936.703457
2026-07-16_ttft_component_regression/phase1/input8000_rate2p5_reuse00_seed1,16,0.023302686105181214,15.068702508346886,15.092005194452067,1051.8528190706604,0.0,1066.9448242651124,417.59275,1244.242113,0.0,1661.834863
2026-07-16_ttft_component_regression/phase1/input8000_rate2p5_reuse00_seed1,43,0.0,11.592814612641659,11.592814612641659,1051.8528190706604,0.0,1063.445633683302,16.749221,997.204945,0.0,1013.954166
2026-07-16_ttft_component_regression/phase1/input8000_rate2p5_reuse00_seed1,53,0.0,16.361649037848423,16.361649037848423,1051.8528190706604,0.0,1068.2144681085088,615.390469,1232.498482,0.0,1847.888951
2026-07-16_ttft_component_regression/phase1/input8000_rate2p5_reuse00_seed1,44,0.023996584458603584,14.186478774941566,14.210475359400169,1051.8528190706604,0.0,1066.0632944300605,579.515317,1286.786639,0.0,1866.301956
2026-07-16_ttft_component_regression/phase1/input8000_rate2p5_reuse00_seed1,47,0.029993705257776542,331.04794626069383,331.0779399659516,1051.8528190706604,0.0,1382.930759036612,1457.087854,1300.829718,0.0,2757.917572
2026-07-16_ttft_component_regression/phase1/input8000_rate2p5_reuse00_seed1,61,0.0,17.339261013631724,17.339261013631724,1051.8528190706604,0.0,1069.1920800842922,5.572575,1008.839545,0.0,1014.41212
2026-07-16_ttft_component_regression/phase1/input8000_rate2p5_reuse00_seed1,77,0.14672441782191475,22.936992706911255,23.08371712473317,1051.8528190706604,0.0,1074.9365361953935,23.865061,1026.330295,0.0,1050.195356
2026-07-16_ttft_component_regression/phase1/input8000_rate2p5_reuse00_seed1,65,0.0,18.83136303445549,18.83136303445549,1051.8528190706604,0.0,1070.684182105116,228.519831,1023.248503,0.0,1251.768334
2026-07-16_ttft_component_regression/phase1/input8000_rate2p5_reuse00_seed1,67,0.1598415100900115,23.053922345049564,23.213763855139575,1051.8528190706604,0.0,1075.0665829258,14.696023,1030.13243,0.0,1044.828453
2026-07-16_ttft_component_regression/phase1/input8000_rate2p5_reuse00_seed1,92,1614.675478255891,24.53524297193659,1639.2107212278277,1051.8528190706604,0.0,2691.063540298488,1542.557186,1053.03172,0.0,2595.588906
2026-07-16_ttft_component_regression/phase1/input8000_rate2p5_reuse00_seed1,118,1230.4524140529752,24.73832074493795,1255.1907347979131,1051.8528190706604,0.0,2307.0435538685733,746.078169,1033.916005,0.0,1779.994174
2026-07-16_ttft_component_regression/phase1/input8000_rate2p5_reuse00_seed1,100,1303.7324113867915,24.603828149852212,1328.3362395366437,1051.8528190706604,0.0,2380.189058607304,1090.241602,1041.138424,0.0,2131.380026
2026-07-16_ttft_component_regression/phase1/input8000_rate2p5_reuse00_seed1,127,1329.665889354127,25.235056378672223,1354.9009457327993,1051.8528190706604,0.0,2406.7537648034595,841.926869,1037.979822,0.0,1879.906691
2026-07-16_ttft_component_regression/phase1/input8000_rate2p5_reuse00_seed1,101,2444.5826377353974,24.608638356202857,2469.1912760916002,1051.8528190706604,0.0,3521.0440951622604,1761.860753,1041.906148,0.0,2803.766901
2026-07-16_ttft_component_regression/phase1/input8000_rate2p5_reuse00_seed1,110,0.1828123603446284,23.25340912268586,23.436221483030486,1051.8528190706604,0.0,1075.289040553691,23.621544,1031.813158,0.0,1055.434702
2026-07-16_ttft_component_regression/phase1/input8000_rate2p5_reuse00_seed1,135,3876.5087480425964,25.279933781930534,3901.788681824527,1051.8528190706604,0.0,4953.641500895187,2899.933486,1031.911714,0.0,3931.8452
2026-07-16_ttft_component_regression/phase1/input8000_rate2p5_reuse00_seed1,134,1016.3897373096577,25.306212310902957,1041.6959496205607,1051.8528190706604,0.0,2093.548768691221,800.69442,1037.779208,0.0,1838.473628
2026-07-16_ttft_component_regression/phase1/input8000_rate2p5_reuse00_seed1,148,6546.792800001672,24.720399971405612,6571.5131999730775,1051.8528190706604,0.0,7623.366019043738,9014.309751,1054.572457,0.0,10068.882208
2026-07-16_ttft_component_regression/phase1/input8000_rate2p5_reuse00_seed1,142,6410.200571300401,25.288747844970462,6435.489319145371,1051.8528190706604,0.0,7487.342138216031,5894.0215769999995,1046.819996,0.0,6940.841573
2026-07-16_ttft_component_regression/phase1/input8000_rate2p5_reuse00_seed1,161,6730.106528574985,25.301866739516758,6755.408395314502,1051.8528190706604,0.0,7807.261214385162,9139.104497,1033.544344,0.0,10172.648841
2026-07-16_ttft_component_regression/phase1/input8000_rate2p5_reuse00_seed1,162,6927.012736645766,25.301866739516758,6952.314603385284,1051.8528190706604,0.0,8004.167422455944,11050.433584999999,1024.938879,0.0,12075.372464
2026-07-16_ttft_component_regression/phase1/input8000_rate2p5_reuse00_seed1,153,6721.286857305544,24.78220949231405,6746.069066797858,1051.8528190706604,0.0,7797.921885868518,9819.718035,1053.840755,0.0,10873.55879
2026-07-16_ttft_component_regression/phase1/input8000_rate2p5_reuse00_seed1,159,6687.127374573911,25.288747844970462,6712.416122418881,1051.8528190706604,0.0,7764.268941489541,8817.228813,1041.8138,0.0,9859.042613
2026-07-16_ttft_component_regression/phase1/input8000_rate2p5_reuse00_seed1,176,7023.420199504168,25.257662201508342,7048.677861705676,1051.8528190706604,0.0,8100.530680776336,15762.984806,1037.142198,0.0,16800.127004
2026-07-16_ttft_component_regression/phase1/input8000_rate2p5_reuse00_seed1,172,6949.757891530103,24.799393941537236,6974.55728547164,1051.8528190706604,0.0,8026.4101045423,14857.617447999999,1045.117795,0.0,15902.735243
2026-07-16_ttft_component_regression/phase1/input8000_rate2p5_reuse00_seed1,194,7040.323267551326,25.279933781930534,7065.603201333257,1051.8528190706604,0.0,8117.456020403917,19233.590515000004,1049.743937,0.0,20283.334452
2026-07-16_ttft_component_regression/phase1/input8000_rate2p5_reuse00_seed1,182,7092.916836260382,25.306212310902957,7118.223048571285,1051.8528190706604,0.0,8170.0758676419455,18366.608515,1042.010146,0.0,19408.618661
2026-07-16_ttft_component_regression/phase1/input8000_rate2p5_reuse00_seed1,222,6838.569363484837,25.16052267026095,6863.729886155098,1051.8528190706604,0.0,7915.582705225758,12799.960582,1042.620394,0.0,13842.580976
2026-07-16_ttft_component_regression/phase1/input8000_rate2p5_reuse00_seed1,273,0.19073353864612883,21.106697928569677,21.297431467215805,1051.8528190706604,0.0,1073.1502505378762,17.815203,1032.421334,0.0,1050.236537
2026-07-16_ttft_component_regression/phase1/input8000_rate2p5_reuse00_seed1,260,4479.130706700488,26.855891412491058,4505.98659811298,1051.8528190706604,0.0,5557.83941718364,3321.256835,1037.754728,0.0,4359.011563
2026-07-16_ttft_component_regression/phase1/input8000_rate2p5_reuse00_seed1,220,6844.799929507455,25.225921443040708,6870.025850950496,1051.8528190706604,0.0,7921.878670021156,11212.795539,1047.594308,0.0,12260.389847
2026-07-16_ttft_component_regression/phase1/input8000_rate2p5_reuse00_seed1,282,0.16767519371067094,21.818041212075176,21.985716405785848,1051.8528190706604,0.0,1073.8385354764462,6.853126,1029.18233,0.0,1036.035456
2026-07-16_ttft_component_regression/phase1/input8000_rate2p5_reuse00_seed1,9,0.0,12.300354549841627,12.300354549841627,1051.8528190706604,0.0,1064.153173620502,13.893999,1210.954922,0.0,1224.848921
2026-07-16_ttft_component_regression/phase1/input8000_rate2p5_reuse00_seed1,6,0.0,7.443311680179385,7.443311680179385,1051.8528190706604,0.0,1059.29613075084,94.735209,1254.627475,0.0,1349.362684
2026-07-16_ttft_component_regression/phase1/input8000_rate2p5_reuse00_seed1,3,0.016310573532502905,0.5841515459138523,0.6004621194463552,1051.8528190706604,0.0,1052.4532811901067,0.001202,954.519522,0.0,954.520724
2026-07-16_ttft_component_regression/phase1/input8000_rate2p5_reuse00_seed1,25,0.02259200606745088,15.02087856334951,15.04347056941696,1051.8528190706604,0.0,1066.8962896400774,15.595009,986.281143,0.0,1001.876152
2026-07-16_ttft_component_regression/phase1/input8000_rate2p5_reuse00_seed1,26,0.029236965363347335,16.55967821429484,16.588915179658187,1051.8528190706604,0.0,1068.4417342503186,9.237065,992.804326,0.0,1002.041391
2026-07-16_ttft_component_regression/phase1/input8000_rate2p5_reuse00_seed1,27,0.0,17.3524112658424,17.3524112658424,1051.8528190706604,0.0,1069.2052303365028,149.950431,1003.912804,0.0,1153.863235
2026-07-16_ttft_component_regression/phase1/input8000_rate2p5_reuse00_seed1,38,0.0,18.88216199677373,18.88216199677373,1051.8528190706604,0.0,1070.734981067434,17.54656,1015.193922,0.0,1032.740482
2026-07-16_ttft_component_regression/phase1/input8000_rate2p5_reuse00_seed1,40,0.17761627516761214,23.208861850312477,23.38647812548009,1051.8528190706604,0.0,1075.2392971961406,3.369186,1022.571057,0.0,1025.940243
2026-07-16_ttft_component_regression/phase1/input8000_rate2p5_reuse00_seed1,66,0.026803765210981226,16.64057926158575,16.66738302679673,1051.8528190706604,0.0,1068.520202097457,10.599256,1021.193719,0.0,1031.792975
2026-07-16_ttft_component_regression/phase1/input8000_rate2p5_reuse00_seed1,68,0.0,16.375315209645287,16.375315209645287,1051.8528190706604,0.0,1068.2281342803058,605.668266,1288.310065,0.0,1893.978331
2026-07-16_ttft_component_regression/phase1/input8000_rate2p5_reuse00_seed1,75,0.0,17.365362462272497,17.365362462272497,1051.8528190706604,0.0,1069.218181532933,8.0175,1033.374063,0.0,1041.391563
2026-07-16_ttft_component_regression/phase1/input8000_rate2p5_reuse00_seed1,98,0.0,16.987314721298336,16.987314721298336,1051.8528190706604,0.0,1068.8401337919588,106.125278,1303.684751,0.0,1409.810029
2026-07-16_ttft_component_regression/phase1/input8000_rate2p5_reuse00_seed1,85,0.0,15.569490026759274,15.569490026759274,1051.8528190706604,0.0,1067.4223090974197,14.026039,1034.482907,0.0,1048.508946
2026-07-16_ttft_component_regression/phase1/input8000_rate2p5_reuse00_seed1,93,0.0,15.569490026759274,15.569490026759274,1051.8528190706604,0.0,1067.4223090974197,15.363307,1047.970865,0.0,1063.334172
2026-07-16_ttft_component_regression/phase1/input8000_rate2p5_reuse00_seed1,120,0.0,16.95146885841922,16.95146885841922,1051.8528190706604,0.0,1068.8042879290797,18.303526,1047.876413,0.0,1066.179939
2026-07-16_ttft_component_regression/phase1/input8000_rate2p5_reuse00_seed1,123,0.18265832568401755,20.790601185064144,20.97325951074816,1051.8528190706604,0.0,1072.8260785814086,17.421715,1048.698813,0.0,1066.120528
2026-07-16_ttft_component_regression/phase1/input8000_rate2p5_reuse00_seed1,124,4912.588808598976,25.170019198930596,4937.758827797907,1051.8528190706604,0.0,5989.611646868567,3647.749712,1050.027871,0.0,4697.777583
2026-07-16_ttft_component_regression/phase1/input8000_rate2p5_reuse00_seed1,129,6219.917495772787,25.155755437912237,6245.0732512107,1051.8528190706604,0.0,7296.92607028136,6525.151795,1042.11191,0.0,7567.263705
2026-07-16_ttft_component_regression/phase1/input8000_rate2p5_reuse00_seed1,133,6174.05199223473,25.11228761255091,6199.164279847281,1051.8528190706604,0.0,7251.017098917941,6615.111827,1032.408738,0.0,7647.520565
2026-07-16_ttft_component_regression/phase1/input8000_rate2p5_reuse00_seed1,128,5198.554637986158,25.216734010034152,5223.771371996192,1051.8528190706604,0.0,6275.624191066852,4156.365831,1044.941603,0.0,5201.307434
2026-07-16_ttft_component_regression/phase1/input8000_rate2p5_reuse00_seed1,163,38.48568150654744,25.047750898390092,63.53343240493753,1051.8528190706604,0.0,1115.3862514755979,41.78493,1052.068058,0.0,1093.852988
2026-07-16_ttft_component_regression/phase1/input8000_rate2p5_reuse00_seed1,147,4834.970171722324,25.170019198930596,4860.1401909212545,1051.8528190706604,0.0,5911.993009991915,4227.960467999999,1029.989331,0.0,5257.949799
2026-07-16_ttft_component_regression/phase1/input8000_rate2p5_reuse00_seed1,164,5520.459463308571,25.03257112670918,5545.49203443528,1051.8528190706604,0.0,6597.344853505941,5468.414776,1033.168654,0.0,6501.58343
2026-07-16_ttft_component_regression/phase1/input8000_rate2p5_reuse00_seed1,165,6216.569196363979,25.017285841235854,6241.586482205215,1051.8528190706604,0.0,7293.439301275876,8323.047032,1034.16824,0.0,9357.215272
2026-07-16_ttft_component_regression/phase1/input8000_rate2p5_reuse00_seed1,187,5349.3806147568375,25.057811661483207,5374.438426418321,1051.8528190706604,0.0,6426.291245488981,5739.0658650000005,1037.408026,0.0,6776.473891
2026-07-16_ttft_component_regression/phase1/input8000_rate2p5_reuse00_seed1,202,5742.277378994163,26.363283599900267,5768.6406625940635,1051.8528190706604,0.0,6820.493481664724,4953.408496,1034.756069,0.0,5988.164565
2026-07-16_ttft_component_regression/phase1/input8000_rate2p5_reuse00_seed1,209,5520.63454872987,25.107395970294313,5545.741944700165,1051.8528190706604,0.0,6597.594763770825,5284.891694,1038.639825,0.0,6323.531519
2026-07-16_ttft_component_regression/phase1/input8000_rate2p5_reuse00_seed1,197,4990.4752317342,25.077790125830283,5015.553021860031,1051.8528190706604,0.0,6067.405840930691,4682.296499,1037.905008,0.0,5720.201507
2026-07-16_ttft_component_regression/phase1/input8000_rate2p5_reuse00_seed1,226,6566.1745203795845,484.18367056164647,7050.3581909412305,1051.8528190706604,0.0,8102.211010011891,8441.723695,1024.606324,0.0,9466.330019
2026-07-16_ttft_component_regression/phase1/input8000_rate2p5_reuse00_seed1,217,4298.79254551346,25.174748425168442,4323.967293938628,1051.8528190706604,0.0,5375.820113009288,3197.896014,1028.410734,0.0,4226.306748
2026-07-16_ttft_component_regression/phase1/input8000_rate2p5_reuse00_seed1,218,6410.776114187038,25.174748425168442,6435.950862612206,1051.8528190706604,0.0,7487.803681682866,7977.132156000001,1039.766159,0.0,9016.898315
2026-07-16_ttft_component_regression/phase1/input8000_rate2p5_reuse00_seed1,221,6456.657604567695,25.170019198930596,6481.827623766625,1051.8528190706604,0.0,7533.680442837285,8305.249061,1030.640367,0.0,9335.889428
2026-07-16_ttft_component_regression/phase1/input8000_rate2p5_reuse00_seed1,229,7015.922836057834,26.74586453409469,7042.668700591928,1051.8528190706604,0.0,8094.521519662589,12703.382145000001,1039.054218,0.0,13742.436363
2026-07-16_ttft_component_regression/phase1/input8000_rate2p5_reuse00_seed1,230,7064.460189251092,26.74070902206945,7091.200898273161,1051.8528190706604,0.0,8143.0537173438215,14839.736061,1034.854145,0.0,15874.590206
2026-07-16_ttft_component_regression/phase1/input8000_rate2p5_reuse00_seed1,236,7550.132218220854,26.492419566191447,7576.624637787046,1051.8528190706604,0.0,8628.477456857707,19184.183981,1033.67999,0.0,20217.863971
2026-07-16_ttft_component_regression/phase1/input8000_rate2p5_reuse00_seed1,235,7603.000941172676,26.522199126536716,7629.523140299213,1051.8528190706604,0.0,8681.375959369874,18214.746166,1043.201598,0.0,19257.947764
2026-07-16_ttft_component_regression/phase1/input8000_rate2p5_reuse00_seed1,241,7508.7193338898915,26.522199126536716,7535.241533016429,1051.8528190706604,0.0,8587.09435208709,24016.212231999998,1047.931424,0.0,25064.143656
2026-07-16_ttft_component_regression/phase1/input8000_rate2p5_reuse00_seed1,248,8208.161723541916,22.702897353060173,8230.864620894976,1051.8528190706604,0.0,9282.717439965636,23459.428585999998,1043.617639,0.0,24503.046225
2026-07-16_ttft_component_regression/phase1/input8000_rate2p5_reuse00_seed1,249,14564.33943553742,22.668609538376266,14587.008045075796,1051.8528190706604,0.0,15638.860864146456,28163.866379,1050.073625,0.0,29213.940004
2026-07-16_ttft_component_regression/phase1/input8000_rate2p5_reuse00_seed1,256,14983.303060398026,26.541782700878983,15009.844843098905,1051.8528190706604,0.0,16061.697662169565,28906.957897,1026.633532,0.0,29933.591429
2026-07-16_ttft_component_regression/phase1/input8000_rate2p5_reuse00_seed1,254,14728.039904018702,26.5802925229472,14754.62019654165,1051.8528190706604,0.0,15806.47301561231,28267.698088,1036.673634,0.0,29304.371722
2026-07-16_ttft_component_regression/phase1/input8000_rate2p5_reuse00_seed1,258,15711.145872075287,26.594504711170313,15737.740376786458,1051.8528190706604,0.0,16789.59319585712,29226.376568,1045.453532,0.0,30271.8301
2026-07-16_ttft_component_regression/phase1/input8000_rate2p5_reuse00_seed1,269,15937.10505706432,26.532018056740075,15963.63707512106,1051.8528190706604,0.0,17015.48989419172,36192.718810000006,1047.186086,0.0,37239.904896
2026-07-16_ttft_component_regression/phase1/input8000_rate2p5_reuse00_seed1,262,16075.51210369876,26.5802925229472,16102.092396221708,1051.8528190706604,0.0,17153.94521529237,34830.066675999995,1046.271238,0.0,35876.337914
2026-07-16_ttft_component_regression/phase1/input8000_rate2p5_reuse00_seed1,278,14415.436732035889,25.16052267026095,14440.59725470615,1051.8528190706604,0.0,15492.45007377681,38494.307532,1035.427131,0.0,39529.734663
2026-07-16_ttft_component_regression/phase1/input8000_rate2p5_reuse00_seed1,291,14387.27600264951,24.73832074493795,14412.01432339445,1051.8528190706604,0.0,15463.86714246511,38741.998711,1034.792541,0.0,39776.791252
2026-07-16_ttft_component_regression/phase1/input8000_rate2p5_reuse00_seed1,290,14440.536977018139,24.75603389027635,14465.293010908415,1051.8528190706604,0.0,15517.145829979076,36670.398868000004,1039.678297,0.0,37710.077165
2026-07-16_ttft_component_regression/phase1/input8000_rate2p5_reuse00_seed1,280,14637.443844302485,25.235056378672223,14662.678900681158,1051.8528190706604,0.0,15714.531719751818,39021.377554,1050.87242,0.0,40072.249974
2026-07-16_ttft_component_regression/phase1/input8000_rate2p5_reuse00_seed1,298,14640.563406201023,25.235056378672223,14665.798462579696,1051.8528190706604,0.0,15717.651281650356,40069.330569000005,1039.231135,0.0,41108.561704
2026-07-16_ttft_component_regression/phase1/input8000_rate2p5_reuse00_seed1,4,0.016310573532502905,0.5841515459138523,0.6004621194463552,1051.8528190706604,0.0,1052.4532811901067,0.017498,936.703457,0.0,936.720955
2026-07-16_ttft_component_regression/phase1/input8000_rate2p5_reuse00_seed1,22,0.0,7.43925899933839,7.43925899933839,1051.8528190706604,0.0,1059.2920780699988,12.707641,967.212636,0.0,979.920277
2026-07-16_ttft_component_regression/phase1/input8000_rate2p5_reuse00_seed1,28,0.0,12.304954419836323,12.304954419836323,1051.8528190706604,0.0,1064.1577734904968,5.204962,977.739025,0.0,982.943987
2026-07-16_ttft_component_regression/phase1/input8000_rate2p5_reuse00_seed1,36,0.02810930533676548,16.59850649210987,16.626615797446636,1051.8528190706604,0.0,1068.479434868107,12.686107,993.460294,0.0,1006.146401
2026-07-16_ttft_component_regression/phase1/input8000_rate2p5_reuse00_seed1,46,0.0,16.363909265884892,16.363909265884892,1051.8528190706604,0.0,1068.2167283365452,0.282649,1005.797732,0.0,1006.080381
2026-07-16_ttft_component_regression/phase1/input8000_rate2p5_reuse00_seed1,32,0.02360489979342374,15.089276562665617,15.112881462459042,1051.8528190706604,0.0,1066.9657005331194,14.1191,987.120727,0.0,1001.239827
2026-07-16_ttft_component_regression/phase1/input8000_rate2p5_reuse00_seed1,51,0.0,17.791206536106834,17.791206536106834,1051.8528190706604,0.0,1069.6440256067672,7.945721,1014.869378,0.0,1022.815099
2026-07-16_ttft_component_regression/phase1/input8000_rate2p5_reuse00_seed1,54,0.1590109610545406,23.046584585090326,23.205595546144867,1051.8528190706604,0.0,1075.0584146168053,13.500923,1022.387409,0.0,1035.888332
2026-07-16_ttft_component_regression/phase1/input8000_rate2p5_reuse00_seed1,80,0.032470025908910474,15.536385897946701,15.568855923855612,1051.8528190706604,0.0,1067.421674994516,4.027607,1022.246816,0.0,1026.274423
2026-07-16_ttft_component_regression/phase1/input8000_rate2p5_reuse00_seed1,94,0.0,11.010754181169927,11.010754181169927,1051.8528190706604,0.0,1062.8635732518303,5.250984,1005.581405,0.0,1010.832389
2026-07-16_ttft_component_regression/phase1/input8000_rate2p5_reuse00_seed1,81,0.0,16.36568153517949,16.36568153517949,1051.8528190706604,0.0,1068.2185006058398,356.183244,1283.77924,0.0,1639.962484
2026-07-16_ttft_component_regression/phase1/input8000_rate2p5_reuse00_seed1,115,0.03510571291139941,13.586019192514035,13.621124905425434,1051.8528190706604,0.0,1065.4739439760858,20.473623,995.267526,0.0,1015.741149
2026-07-16_ttft_component_regression/phase1/input8000_rate2p5_reuse00_seed1,136,0.00028234957883448457,11.277715688446623,11.277998038025457,1051.8528190706604,0.0,1063.130817108686,3.883716,1004.700624,0.0,1008.58434
2026-07-16_ttft_component_regression/phase1/input8000_rate2p5_reuse00_seed1,137,0.056636193064660306,14.02410254718817,14.08073874025283,1051.8528190706604,0.0,1065.9335578109133,561.694152,1258.467693,0.0,1820.161845
2026-07-16_ttft_component_regression/phase1/input8000_rate2p5_reuse00_seed1,152,0.03220038367630425,15.042375001791065,15.07457538546737,1051.8528190706604,0.0,1066.9273944561278,2.872466,1003.659429,0.0,1006.531895
2026-07-16_ttft_component_regression/phase1/input8000_rate2p5_reuse00_seed1,185,0.0,15.891817115439961,15.891817115439961,1051.8528190706604,0.0,1067.7446361861005,14.167764,1035.155153,0.0,1049.322917
2026-07-16_ttft_component_regression/phase1/input8000_rate2p5_reuse00_seed1,191,0.0,17.33763831326448,17.33763831326448,1051.8528190706604,0.0,1069.190457383925,12.819917,1036.889839,0.0,1049.709756
2026-07-16_ttft_component_regression/phase1/input8000_rate2p5_reuse00_seed1,168,0.053715478843687645,15.298089292498197,15.351804771341884,1051.8528190706604,0.0,1067.2046238420023,4.132571,1007.859423,0.0,1011.991994
2026-07-16_ttft_component_regression/phase1/input8000_rate2p5_reuse00_seed1,178,0.054008939166206124,15.290817894917954,15.34482683408416,1051.8528190706604,0.0,1067.1976459047446,8.180722,1003.543774,0.0,1011.724496
2026-07-16_ttft_component_regression/phase1/input8000_rate2p5_reuse00_seed1,207,0.27170257593289476,22.794896406008064,23.06659898194096,1051.8528190706604,0.0,1074.9194180526015,21.511099,1032.47536,0.0,1053.986459
2026-07-16_ttft_component_regression/phase1/input8000_rate2p5_reuse00_seed1,225,0.0,16.934807950906574,16.934807950906574,1051.8528190706604,0.0,1068.787627021567,18.883844,1023.403162,0.0,1042.287006
2026-07-16_ttft_component_regression/phase1/input8000_rate2p5_reuse00_seed1,243,0.26568884672616894,12.475865991420203,12.741554838146373,1051.8528190706604,0.0,1064.5943739088068,1.556651,1003.967027,0.0,1005.523678
2026-07-16_ttft_component_regression/phase1/input8000_rate2p5_reuse00_seed1,266,0.15991699090068912,16.06554045631091,16.2254574472116,1051.8528190706604,0.0,1068.078276517872,5.331346,1005.74332,0.0,1011.074666
2026-07-16_ttft_component_regression/phase1/input8000_rate2p5_reuse00_seed1,252,0.1586598357609227,14.66739501207341,14.826054847834332,1051.8528190706604,0.0,1066.6788739184947,3.047078,999.47954,0.0,1002.526618
2026-07-16_ttft_component_regression/phase1/input8000_rate2p5_reuse00_seed1,289,0.0,10.996229214829075,10.996229214829075,1051.8528190706604,0.0,1062.8490482854895,14.508197,996.984523,0.0,1011.49272
2026-07-16_ttft_component_regression/phase1/input8000_rate2p5_reuse00_seed1,19,0.014795141776912936,0.547857475316181,0.562652617093094,1051.8528190706604,0.0,1052.4154716877536,0.01336,936.703457,0.0,936.716817
2026-07-16_ttft_component_regression/phase1/input8000_rate2p5_reuse00_seed1,23,0.0,12.289904794540636,12.289904794540636,1051.8528190706604,0.0,1064.142723865201,16.317363,993.255761,0.0,1009.573124
2026-07-16_ttft_component_regression/phase1/input8000_rate2p5_reuse00_seed1,24,0.021667386376838557,14.959776589512499,14.981443975889338,1051.8528190706604,0.0,1066.8342630465497,678.517908,1244.007361,0.0,1922.525269
2026-07-16_ttft_component_regression/phase1/input8000_rate2p5_reuse00_seed1,21,0.0,7.454964341486054,7.454964341486054,1051.8528190706604,0.0,1059.3077834121464,7.964258,966.118684,0.0,974.082942
2026-07-16_ttft_component_regression/phase1/input8000_rate2p5_reuse00_seed1,57,0.028465243717650218,15.673605690694972,15.702070934412621,1051.8528190706604,0.0,1067.554890005073,3.37234,994.667046,0.0,998.039386
2026-07-16_ttft_component_regression/phase1/input8000_rate2p5_reuse00_seed1,37,0.029236965363347335,16.55967821429484,16.588915179658187,1051.8528190706604,0.0,1068.4417342503186,18.78914,994.48679,0.0,1013.27593
2026-07-16_ttft_component_regression/phase1/input8000_rate2p5_reuse00_seed1,42,0.0,16.36699058148579,16.36699058148579,1051.8528190706604,0.0,1068.2198096521463,0.832976,1005.58474,0.0,1006.417716
2026-07-16_ttft_component_regression/phase1/input8000_rate2p5_reuse00_seed1,60,0.0,17.354228322949176,17.354228322949176,1051.8528190706604,0.0,1069.2070473936096,6.715632,1005.704196,0.0,1012.419828
2026-07-16_ttft_component_regression/phase1/input8000_rate2p5_reuse00_seed1,79,0.0,17.82180377355261,17.82180377355261,1051.8528190706604,0.0,1069.674622844213,10.367615,1027.927607,0.0,1038.295222
2026-07-16_ttft_component_regression/phase1/input8000_rate2p5_reuse00_seed1,70,0.0,16.370819508825694,16.370819508825694,1051.8528190706604,0.0,1068.223638579486,3.698409,1011.466034,0.0,1015.164443
2026-07-16_ttft_component_regression/phase1/input8000_rate2p5_reuse00_seed1,72,0.0,18.92649101814604,18.92649101814604,1051.8528190706604,0.0,1070.7793100888064,23.421892,1027.018862,0.0,1050.440754
2026-07-16_ttft_component_regression/phase1/input8000_rate2p5_reuse00_seed1,84,0.1804924622533593,21.92302233762174,22.1035147998751,1051.8528190706604,0.0,1073.9563338705354,19.569741,1038.850941,0.0,1058.420682
2026-07-16_ttft_component_regression/phase1/input8000_rate2p5_reuse00_seed1,95,3127.29236033847,24.773537207105395,3152.065897545576,1051.8528190706604,0.0,4203.918716616236,2580.629954,1048.883365,0.0,3629.513319
2026-07-16_ttft_component_regression/phase1/input8000_rate2p5_reuse00_seed1,112,0.19098261691605534,22.00751288384588,22.198495500761936,1051.8528190706604,0.0,1074.0513145714224,439.958823,1311.324938,0.0,1751.283761
2026-07-16_ttft_component_regression/phase1/input8000_rate2p5_reuse00_seed1,111,0.1945263446173046,22.035768691712377,22.230295036329682,1051.8528190706604,0.0,1074.08311410699,4.71115,1055.987755,0.0,1060.698905
2026-07-16_ttft_component_regression/phase1/input8000_rate2p5_reuse00_seed1,117,2258.6551170289163,24.824766189194623,2283.479883218111,1051.8528190706604,0.0,3335.3327022887715,1540.290452,1025.573879,0.0,2565.864331
2026-07-16_ttft_component_regression/phase1/input8000_rate2p5_reuse00_seed1,139,0.0,17.049124900887456,17.049124900887456,1051.8528190706604,0.0,1068.9019439715478,16.844891,1045.217872,0.0,1062.062763
2026-07-16_ttft_component_regression/phase1/input8000_rate2p5_reuse00_seed1,167,0.0,17.36843067265116,17.36843067265116,1051.8528190706604,0.0,1069.2212497433115,21.456436,1028.52371,0.0,1049.980146
2026-07-16_ttft_component_regression/phase1/input8000_rate2p5_reuse00_seed1,158,0.0,15.896325326290656,15.896325326290656,1051.8528190706604,0.0,1067.7491443969511,16.245919,1021.321779,0.0,1037.567698
2026-07-16_ttft_component_regression/phase1/input8000_rate2p5_reuse00_seed1,193,0.052503463266159574,13.762538652969548,13.815042116235707,1051.8528190706604,0.0,1065.667861186896,13.661834,1001.78741,0.0,1015.449244
2026-07-16_ttft_component_regression/phase1/input8000_rate2p5_reuse00_seed1,201,0.16170211863023137,16.016992832737195,16.178694951367426,1051.8528190706604,0.0,1068.0315140220277,5.255195,1026.348166,0.0,1031.603361
2026-07-16_ttft_component_regression/phase1/input8000_rate2p5_reuse00_seed1,203,0.04253566017711653,16.74517770367569,16.787713363852806,1051.8528190706604,0.0,1068.6405324345133,244.271944,1282.78244,0.0,1527.054384
2026-07-16_ttft_component_regression/phase1/input8000_rate2p5_reuse00_seed1,247,0.19907757739169785,10.086632712995117,10.285710290386815,1051.8528190706604,0.0,1062.1385293610472,2.220431,1001.655256,0.0,1003.875687
2026-07-16_ttft_component_regression/phase1/input8000_rate2p5_reuse00_seed1,277,0.09286339703013742,16.224784750039472,16.317648147069608,1051.8528190706604,0.0,1068.17046721773,626.99149,1323.512535,0.0,1950.504025
2026-07-16_ttft_component_regression/phase1/input8000_rate2p5_reuse00_seed1,271,0.09724716903190245,11.870537135571468,11.96778430460337,1051.8528190706604,0.0,1063.8206033752638,19.102389,992.024208,0.0,1011.126597
2026-07-16_ttft_component_regression/phase1/input8000_rate2p5_reuse00_seed1,281,0.0,15.88549538126834,15.88549538126834,1051.8528190706604,0.0,1067.7383144519288,115.709579,1264.800934,0.0,1380.510513
2026-07-16_ttft_component_regression/phase1/input8000_rate2p5_reuse00_seed1,265,0.12362529461398925,7.154427088880596,7.278052383494585,1051.8528190706604,0.0,1059.130871454155,9.407784,982.487753,0.0,991.895537
2026-07-16_ttft_component_regression/phase1/input8000_rate2p5_reuse00_seed1,276,0.09055235057824687,14.805067574359743,14.89561992493799,1051.8528190706604,0.0,1066.7484389955985,19.684532,1033.453097,0.0,1053.137629
2026-07-16_ttft_component_regression/phase1/input8000_rate2p5_reuse00_seed1,297,0.19482328601668808,20.88422240688363,21.07904569290032,1051.8528190706604,0.0,1072.9318647635607,2.927327,1027.956018,0.0,1030.883345
2026-07-16_ttft_component_regression/phase1/input8000_rate2p5_reuse00_seed1,286,0.0,17.327684587924292,17.327684587924292,1051.8528190706604,0.0,1069.1805036585847,1.817991,1017.065792,0.0,1018.883783
2026-07-16_ttft_component_regression/phase1/input8000_rate2p5_reuse00_seed1,12,0.016310573532502905,0.5841515459138523,0.6004621194463552,1051.8528190706604,0.0,1052.4532811901067,0.055062,936.703457,0.0,936.758519
2026-07-16_ttft_component_regression/phase1/input8000_rate2p5_reuse00_seed1,29,0.0,7.437889906091679,7.437889906091679,1051.8528190706604,0.0,1059.290708976752,8.810902,967.834204,0.0,976.645106
2026-07-16_ttft_component_regression/phase1/input8000_rate2p5_reuse00_seed1,34,0.0,12.308560612897852,12.308560612897852,1051.8528190706604,0.0,1064.1613796835584,5.220954,978.027665,0.0,983.248619
2026-07-16_ttft_component_regression/phase1/input8000_rate2p5_reuse00_seed1,55,0.0,11.584109150225679,11.584109150225679,1051.8528190706604,0.0,1063.436928220886,14.189567,978.539345,0.0,992.728912
2026-07-16_ttft_component_regression/phase1/input8000_rate2p5_reuse00_seed1,62,0.022489864779036615,15.014067752933034,15.03655761771207,1051.8528190706604,0.0,1066.8893766883725,15.950344,988.206807,0.0,1004.157151
2026-07-16_ttft_component_regression/phase1/input8000_rate2p5_reuse00_seed1,82,0.0,11.574505894958424,11.574505894958424,1051.8528190706604,0.0,1063.427324965619,10.504468,978.881201,0.0,989.385669
2026-07-16_ttft_component_regression/phase1/input8000_rate2p5_reuse00_seed1,96,0.0,10.998142315094373,10.998142315094373,1051.8528190706604,0.0,1062.8509613857548,9.463472,978.429393,0.0,987.892865
2026-07-16_ttft_component_regression/phase1/input8000_rate2p5_reuse00_seed1,119,0.03338713586778177,13.480514028036993,13.513901163904775,1051.8528190706604,0.0,1065.3667202345653,19.741196,995.514581,0.0,1015.255777
2026-07-16_ttft_component_regression/phase1/input8000_rate2p5_reuse00_seed1,108,0.0,12.309792340561767,12.309792340561767,1051.8528190706604,0.0,1064.162611411222,11.842077,977.869841,0.0,989.711918
2026-07-16_ttft_component_regression/phase1/input8000_rate2p5_reuse00_seed1,138,0.053846418888644026,13.844670886065282,13.898517304953927,1051.8528190706604,0.0,1065.7513363756143,12.065428,1001.79529,0.0,1013.860718
2026-07-16_ttft_component_regression/phase1/input8000_rate2p5_reuse00_seed1,179,0.0,11.23908038394183,11.23908038394183,1051.8528190706604,0.0,1063.0918994546023,14.476199,986.140864,0.0,1000.617063
2026-07-16_ttft_component_regression/phase1/input8000_rate2p5_reuse00_seed1,160,0.0,11.258184005396547,11.258184005396547,1051.8528190706604,0.0,1063.111003076057,15.707268,980.423473,0.0,996.130741
2026-07-16_ttft_component_regression/phase1/input8000_rate2p5_reuse00_seed1,189,0.05762932724156213,15.192588131745866,15.250217458987429,1051.8528190706604,0.0,1067.1030365296479,8.396578,1018.539966,0.0,1026.936544
2026-07-16_ttft_component_regression/phase1/input8000_rate2p5_reuse00_seed1,196,0.0,17.266638167824954,17.266638167824954,1051.8528190706604,0.0,1069.1194572384854,583.555269,1293.691005,0.0,1877.246274
2026-07-16_ttft_component_regression/phase1/input8000_rate2p5_reuse00_seed1,195,0.0,15.880907595331186,15.880907595331186,1051.8528190706604,0.0,1067.7337266659915,18.045278,1041.834861,0.0,1059.880139
2026-07-16_ttft_component_regression/phase1/input8000_rate2p5_reuse00_seed1,184,0.053436224998238316,13.819315571561983,13.872751796560221,1051.8528190706604,0.0,1065.7255708672205,13.710895,995.625931,0.0,1009.336826
2026-07-16_ttft_component_regression/phase1/input8000_rate2p5_reuse00_seed1,206,1997.711397412762,26.801698679522342,2024.5130960922843,1051.8528190706604,0.0,3076.3659151629445,1387.6738030000001,1046.323207,0.0,2433.99701
2026-07-16_ttft_component_regression/phase1/input8000_rate2p5_reuse00_seed1,200,0.24306285555949575,22.569935809402644,22.81299866496214,1051.8528190706604,0.0,1074.6658177356226,5.497917,995.08871,0.0,1000.586627
2026-07-16_ttft_component_regression/phase1/input8000_rate2p5_reuse00_seed1,213,6481.2354618117115,26.74070902206945,6507.976170833781,1051.8528190706604,0.0,7559.828989904441,7370.044129,1053.294542,0.0,8423.338671
2026-07-16_ttft_component_regression/phase1/input8000_rate2p5_reuse00_seed1,232,5783.896841623861,26.43143449472731,5810.328276118588,1051.8528190706604,0.0,6862.1810951892485,5055.023338,1043.461303,0.0,6098.484641
2026-07-16_ttft_component_regression/phase1/input8000_rate2p5_reuse00_seed1,234,6240.527660479262,26.441728742423184,6266.969389221685,1051.8528190706604,0.0,7318.822208292345,6149.386226,1034.995295,0.0,7184.381521
2026-07-16_ttft_component_regression/phase1/input8000_rate2p5_reuse00_seed1,224,5442.989323007253,26.78663188592724,5469.77595489318,1051.8528190706604,0.0,6521.62877396384,4665.1402,1047.337602,0.0,5712.477802
2026-07-16_ttft_component_regression/phase1/input8000_rate2p5_reuse00_seed1,257,5880.316928618239,26.446856521512824,5906.763785139752,1051.8528190706604,0.0,6958.616604210412,5005.095034999999,1033.146084,0.0,6038.241119
2026-07-16_ttft_component_regression/phase1/input8000_rate2p5_reuse00_seed1,279,0.19158508941108612,21.11344075629022,21.305025845701305,1051.8528190706604,0.0,1073.1578449163617,20.087773,1032.767759,0.0,1052.855532
2026-07-16_ttft_component_regression/phase1/input8000_rate2p5_reuse00_seed1,245,6206.410021508428,22.702897353060173,6229.112918861489,1051.8528190706604,0.0,7280.965737932149,4767.221235,1032.090882,0.0,5799.312117
2026-07-16_ttft_component_regression/phase1/input8000_rate2p5_reuse00_seed1,288,5734.16943638795,24.584467867270426,5758.75390425522,1051.8528190706604,0.0,6810.60672332588,3746.773014,1051.920247,0.0,4798.693261
2026-07-16_ttft_component_regression/phase1/input8000_rate2p5_reuse00_seed1,283,0.1699426611557719,20.690983956557698,20.86092661771347,1051.8528190706604,0.0,1072.7137456883738,19.291854,1030.472263,0.0,1049.764117
2026-07-16_ttft_component_regression/phase1/input8000_rate2p5_reuse00_seed1,294,6465.762885174538,24.589325787832596,6490.35221096237,1051.8528190706604,0.0,7542.20503003303,5696.981875,1035.418289,0.0,6732.400164
2026-07-16_ttft_component_regression/phase1/input8000_rate2p5_reuse00_seed1,292,6489.063803535632,24.61343654816577,6513.677240083798,1051.8528190706604,0.0,7565.530059154458,4879.448537,1040.052597,0.0,5919.501134
2026-07-16_ttft_component_regression/phase1/input8000_rate2p5_reuse00_seed1,15,0.0,12.30734370363997,12.30734370363997,1051.8528190706604,0.0,1064.1601627743005,13.519233,993.504945,0.0,1007.024178
2026-07-16_ttft_component_regression/phase1/input8000_rate2p5_reuse00_seed1,20,0.02849024452449785,16.585665491923788,16.614155736448286,1051.8528190706604,0.0,1068.4669748071087,833.91747,1232.032949,0.0,2065.950419
2026-07-16_ttft_component_regression/phase1/input8000_rate2p5_reuse00_seed1,17,0.023302686105181214,15.068702508346886,15.092005194452067,1051.8528190706604,0.0,1066.9448242651124,518.077493,1283.148079,0.0,1801.225572
2026-07-16_ttft_component_regression/phase1/input8000_rate2p5_reuse00_seed1,2,0.016310573532502905,0.5841515459138523,0.6004621194463552,1051.8528190706604,0.0,1052.4532811901067,0.227588,936.703457,0.0,936.931045
2026-07-16_ttft_component_regression/phase1/input8000_rate2p5_reuse00_seed1,8,0.0,7.437889906091679,7.437889906091679,1051.8528190706604,0.0,1059.290708976752,17.301112,966.317532,0.0,983.618644
2026-07-16_ttft_component_regression/phase1/input8000_rate2p5_reuse00_seed1,52,0.0,17.843923497960407,17.843923497960407,1051.8528190706604,0.0,1069.6967425686207,1.555912,1017.281474,0.0,1018.837386
2026-07-16_ttft_component_regression/phase1/input8000_rate2p5_reuse00_seed1,45,0.0,16.369559057517233,16.369559057517233,1051.8528190706604,0.0,1068.2223781281778,19.451487,1008.307972,0.0,1027.759459
2026-07-16_ttft_component_regression/phase1/input8000_rate2p5_reuse00_seed1,63,0.0,12.302624648549628,12.302624648549628,1051.8528190706604,0.0,1064.15544371921,12.438053,977.276753,0.0,989.714806
2026-07-16_ttft_component_regression/phase1/input8000_rate2p5_reuse00_seed1,78,0.0238949577347811,14.180013575600226,14.203908533335007,1051.8528190706604,0.0,1066.0567276039953,2.772777,997.836942,0.0,1000.609719
2026-07-16_ttft_component_regression/phase1/input8000_rate2p5_reuse00_seed1,102,0.0,16.937708313139353,16.937708313139353,1051.8528190706604,0.0,1068.7905273837998,13.464953,1047.044997,0.0,1060.50995
2026-07-16_ttft_component_regression/phase1/input8000_rate2p5_reuse00_seed1,99,0.0,15.560484935279993,15.560484935279993,1051.8528190706604,0.0,1067.4133040059405,23.342066,1022.468232,0.0,1045.810298
2026-07-16_ttft_component_regression/phase1/input8000_rate2p5_reuse00_seed1,90,0.03815944606604063,14.890897021163434,14.929056467229476,1051.8528190706604,0.0,1066.7818755378898,18.72629,1008.310795,0.0,1027.037085
2026-07-16_ttft_component_regression/phase1/input8000_rate2p5_reuse00_seed1,122,0.0,15.554568453172344,15.554568453172344,1051.8528190706604,0.0,1067.4073875238328,401.425629,1300.925901,0.0,1702.35153
2026-07-16_ttft_component_regression/phase1/input8000_rate2p5_reuse00_seed1,121,0.03993524618289152,14.836468386300675,14.876403632483566,1051.8528190706604,0.0,1066.729222703144,7.166881,1021.07996,0.0,1028.246841
2026-07-16_ttft_component_regression/phase1/input8000_rate2p5_reuse00_seed1,130,0.0,15.876542239192386,15.876542239192386,1051.8528190706604,0.0,1067.7293613098527,10.732142,1025.287892,0.0,1036.020034
2026-07-16_ttft_component_regression/phase1/input8000_rate2p5_reuse00_seed1,140,0.0,16.92648789299464,16.92648789299464,1051.8528190706604,0.0,1068.779306963655,8.204239,1032.272751,0.0,1040.47699
2026-07-16_ttft_component_regression/phase1/input8000_rate2p5_reuse00_seed1,183,0.0,11.241278259681211,11.241278259681211,1051.8528190706604,0.0,1063.0940973303416,0.6749,988.475423,0.0,989.150323
2026-07-16_ttft_component_regression/phase1/input8000_rate2p5_reuse00_seed1,177,0.0,11.242397681045396,11.242397681045396,1051.8528190706604,0.0,1063.0952167517057,4.417143,989.751885,0.0,994.169028
2026-07-16_ttft_component_regression/phase1/input8000_rate2p5_reuse00_seed1,188,0.053846418888644026,13.844670886065282,13.898517304953927,1051.8528190706604,0.0,1065.7513363756143,229.842999,1013.410194,0.0,1243.253193
2026-07-16_ttft_component_regression/phase1/input8000_rate2p5_reuse00_seed1,211,0.0938338154479018,16.19597621964582,16.289810035093723,1051.8528190706604,0.0,1068.1426291057542,4.699582,1022.240673,0.0,1026.940255
2026-07-16_ttft_component_regression/phase1/input8000_rate2p5_reuse00_seed1,204,0.15720932877880253,14.580457901653118,14.73766723043192,1051.8528190706604,0.0,1066.5904863010924,14.657043,994.514817,0.0,1009.17186
2026-07-16_ttft_component_regression/phase1/input8000_rate2p5_reuse00_seed1,216,0.0,17.30584447373212,17.30584447373212,1051.8528190706604,0.0,1069.1586635443925,199.486903,1025.230559,0.0,1224.717462
2026-07-16_ttft_component_regression/phase1/input8000_rate2p5_reuse00_seed1,227,0.24758136072005574,22.606010352077906,22.85359171279796,1051.8528190706604,0.0,1074.7064107834583,14.613313,1033.581142,0.0,1048.194455
2026-07-16_ttft_component_regression/phase1/input8000_rate2p5_reuse00_seed1,214,0.0,16.93311076795037,16.93311076795037,1051.8528190706604,0.0,1068.7859298386109,14.495366,1028.305975,0.0,1042.801341
2026-07-16_ttft_component_regression/phase1/input8000_rate2p5_reuse00_seed1,255,4445.908716983253,26.565954875787163,4472.47467185904,1051.8528190706604,0.0,5524.327490929701,3114.88185,1038.805896,0.0,4153.687746
2026-07-16_ttft_component_regression/phase1/input8000_rate2p5_reuse00_seed1,237,1461.9953940019248,26.57552719799525,1488.57092119992,1051.8528190706604,0.0,2540.4237402705803,1028.634012,1034.574759,0.0,2063.208771
2026-07-16_ttft_component_regression/phase1/input8000_rate2p5_reuse00_seed1,274,871.4740630786105,26.85103393006533,898.3250970086758,1051.8528190706604,0.0,1950.1779160793362,807.5542,1038.875146,0.0,1846.429346
2026-07-16_ttft_component_regression/phase1/input8000_rate2p5_reuse00_seed1,250,4375.938931503475,22.797274055859965,4398.736205559335,1051.8528190706604,0.0,5450.589024629995,2752.927783,1046.7165,0.0,3799.644283
2026-07-16_ttft_component_regression/phase1/input8000_rate2p5_reuse00_seed1,264,4636.8781639458975,26.561147952204127,4663.439311898102,1051.8528190706604,0.0,5715.292130968762,3367.8710499999997,1045.863735,0.0,4413.734785
2026-07-16_ttft_component_regression/phase1/input8000_rate2p5_reuse00_seed1,295,0.0,15.562913634751132,15.562913634751132,1051.8528190706604,0.0,1067.4157327054115,14.819261,1034.77932,0.0,1049.598581
2026-07-16_ttft_component_regression/phase1/input8000_rate2p5_reuse00_seed1,1,0.014795141776912936,0.547857475316181,0.562652617093094,1051.8528190706604,0.0,1052.4154716877536,1.748542,936.703457,0.0,938.451999
2026-07-16_ttft_component_regression/phase1/input8000_rate2p5_reuse00_seed1,11,0.0,7.470386375338757,7.470386375338757,1051.8528190706604,0.0,1059.323205445999,13.004385,966.570396,0.0,979.574781
2026-07-16_ttft_component_regression/phase1/input8000_rate2p5_reuse00_seed1,30,0.0,7.465825022679719,7.465825022679719,1051.8528190706604,0.0,1059.31864409334,13.310896,985.480609,0.0,998.791505
2026-07-16_ttft_component_regression/phase1/input8000_rate2p5_reuse00_seed1,31,0.0,12.293903899916149,12.293903899916149,1051.8528190706604,0.0,1064.1467229705765,496.065768,1231.242425,0.0,1727.308193
2026-07-16_ttft_component_regression/phase1/input8000_rate2p5_reuse00_seed1,48,0.0,11.581078268188552,11.581078268188552,1051.8528190706604,0.0,1063.433897338849,11.493985,977.281809,0.0,988.775794
2026-07-16_ttft_component_regression/phase1/input8000_rate2p5_reuse00_seed1,59,0.0,16.36655611449635,16.36655611449635,1051.8528190706604,0.0,1068.2193751851569,553.169687,1264.785055,0.0,1817.954742
2026-07-16_ttft_component_regression/phase1/input8000_rate2p5_reuse00_seed1,56,0.023996584458603584,14.186478774941566,14.210475359400169,1051.8528190706604,0.0,1066.0632944300605,20.100485,986.707607,0.0,1006.808092
2026-07-16_ttft_component_regression/phase1/input8000_rate2p5_reuse00_seed1,58,0.028595659518752026,15.669619057198304,15.698214716717056,1051.8528190706604,0.0,1067.5510337873775,6.503803,1008.801191,0.0,1015.304994
2026-07-16_ttft_component_regression/phase1/input8000_rate2p5_reuse00_seed1,83,0.0,16.36655611449635,16.36655611449635,1051.8528190706604,0.0,1068.2193751851569,22.330817,1014.58418,0.0,1036.914997
2026-07-16_ttft_component_regression/phase1/input8000_rate2p5_reuse00_seed1,97,0.0,15.556723611341248,15.556723611341248,1051.8528190706604,0.0,1067.4095426820018,14.140503,1031.627373,0.0,1045.767876
2026-07-16_ttft_component_regression/phase1/input8000_rate2p5_reuse00_seed1,86,0.0,15.558413494214177,15.558413494214177,1051.8528190706604,0.0,1067.4112325648746,9.78541,1033.749171,0.0,1043.534581
2026-07-16_ttft_component_regression/phase1/input8000_rate2p5_reuse00_seed1,107,0.0,15.559247417485931,15.559247417485931,1051.8528190706604,0.0,1067.4120664881464,1.563043,1032.424187,0.0,1033.98723
2026-07-16_ttft_component_regression/phase1/input8000_rate2p5_reuse00_seed1,149,0.007400620526811698,6.643964590797163,6.6513652113239745,1051.8528190706604,0.0,1058.5041842819844,197.882965,979.020745,0.0,1176.90371
2026-07-16_ttft_component_regression/phase1/input8000_rate2p5_reuse00_seed1,145,0.044268127840033075,0.42808279075955563,0.4723509185995887,1051.8528190706604,0.0,1052.32516998926,0.015715,953.291422,0.0,953.307137
2026-07-16_ttft_component_regression/phase1/input8000_rate2p5_reuse00_seed1,154,0.0,10.990816626212837,10.990816626212837,1051.8528190706604,0.0,1062.8436356968732,16.020241,986.397309,0.0,1002.41755
2026-07-16_ttft_component_regression/phase1/input8000_rate2p5_reuse00_seed1,170,0.05059971457419308,13.650173854163391,13.700773568737585,1051.8528190706604,0.0,1065.553592639398,6.050489,1017.636096,0.0,1023.686585
2026-07-16_ttft_component_regression/phase1/input8000_rate2p5_reuse00_seed1,175,0.0602745985078734,15.108148776148942,15.168423374656816,1051.8528190706604,0.0,1067.0212424453173,18.898749,1013.866404,0.0,1032.765153
2026-07-16_ttft_component_regression/phase1/input8000_rate2p5_reuse00_seed1,198,0.0,17.262197504626773,17.262197504626773,1051.8528190706604,0.0,1069.1150165752872,5.284933,1035.379664,0.0,1040.664597
2026-07-16_ttft_component_regression/phase1/input8000_rate2p5_reuse00_seed1,186,0.0,15.877431071059748,15.877431071059748,1051.8528190706604,0.0,1067.7302501417203,3.651848,1020.844684,0.0,1024.496532
2026-07-16_ttft_component_regression/phase1/input8000_rate2p5_reuse00_seed1,208,0.021212633634134836,18.2328482753352,18.254060908969336,1051.8528190706604,0.0,1070.1068799796299,13.989309,1023.565759,0.0,1037.555068
2026-07-16_ttft_component_regression/phase1/input8000_rate2p5_reuse00_seed1,199,0.1993155672797228,21.174283771516777,21.3735993387965,1051.8528190706604,0.0,1073.226418409457,177.327077,1031.760112,0.0,1209.087189
2026-07-16_ttft_component_regression/phase1/input8000_rate2p5_reuse00_seed1,242,0.321146763595874,22.33174238047918,22.652889144075054,1051.8528190706604,0.0,1074.5057082147355,618.794666,1316.768937,0.0,1935.563603
2026-07-16_ttft_component_regression/phase1/input8000_rate2p5_reuse00_seed1,240,0.021017084892251327,18.23036691214203,18.25138399703428,1051.8528190706604,0.0,1070.1042030676947,21.413249,1060.538047,0.0,1081.951296
2026-07-16_ttft_component_regression/phase1/input8000_rate2p5_reuse00_seed1,228,0.04273808054999391,16.74474849469223,16.787486575242227,1051.8528190706604,0.0,1068.6403056459026,11.758145,1037.296603,0.0,1049.054748
2026-07-16_ttft_component_regression/phase1/input8000_rate2p5_reuse00_seed1,263,0.16270216422446349,15.987951073690862,16.150653237915325,1051.8528190706604,0.0,1068.0034723085757,14.804761,1005.034538,0.0,1019.839299
2026-07-16_ttft_component_regression/phase1/input8000_rate2p5_reuse00_seed1,284,0.0,11.227974594977605,11.227974594977605,1051.8528190706604,0.0,1063.080793665638,14.249638,989.765221,0.0,1004.014859
2026-07-16_ttft_component_regression/phase1/input8000_rate2p5_reuse00_seed1,5,0.016310573532502905,0.5841515459138523,0.6004621194463552,1051.8528190706604,0.0,1052.4532811901067,0.009088,954.519522,0.0,954.52861
2026-07-16_ttft_component_regression/phase1/input8000_rate2p5_reuse00_seed1,7,0.0,7.433728864228636,7.433728864228636,1051.8528190706604,0.0,1059.286547934889,345.084383,1211.748136,0.0,1556.832519
2026-07-16_ttft_component_regression/phase1/input8000_rate2p5_reuse00_seed1,39,0.023805567710183353,15.103018129694238,15.126823697404422,1051.8528190706604,0.0,1066.9796427680649,20.155717,988.424215,0.0,1008.579932
2026-07-16_ttft_component_regression/phase1/input8000_rate2p5_reuse00_seed1,35,0.0,12.31882768955018,12.31882768955018,1051.8528190706604,0.0,1064.1716467602107,19.081449,979.895793,0.0,998.977242
2026-07-16_ttft_component_regression/phase1/input8000_rate2p5_reuse00_seed1,71,0.0,7.459891677679374,7.459891677679374,1051.8528190706604,0.0,1059.31271074834,4.600418,969.803708,0.0,974.404126
2026-07-16_ttft_component_regression/phase1/input8000_rate2p5_reuse00_seed1,74,0.0,12.287996130720163,12.287996130720163,1051.8528190706604,0.0,1064.1408152013805,0.792577,978.181169,0.0,978.973746
2026-07-16_ttft_component_regression/phase1/input8000_rate2p5_reuse00_seed1,92,0.8297325379844763,24.53524297193659,25.364975509921067,1051.8528190706604,0.6219117535212935,1077.8397063341029,18.663584,978.163825,0.625374,997.452783
2026-07-16_ttft_component_regression/phase1/input8000_rate2p5_reuse00_seed1,105,0.03201841880718674,15.553645653430596,15.585664072237783,1051.8528190706604,0.0,1067.4384831428981,506.624597,1260.522768,0.0,1767.147365
2026-07-16_ttft_component_regression/phase1/input8000_rate2p5_reuse00_seed1,109,0.0,16.35503579070783,16.35503579070783,1051.8528190706604,0.0,1068.2078548613683,1.528758,1022.863313,0.0,1024.392071
2026-07-16_ttft_component_regression/phase1/input8000_rate2p5_reuse00_seed1,114,0.0,18.819889625726756,18.819889625726756,1051.8528190706604,0.0,1070.6727086963872,193.600228,1022.926203,0.0,1216.526431
2026-07-16_ttft_component_regression/phase1/input8000_rate2p5_reuse00_seed1,104,0.0222485248755207,14.077264437959103,14.099512962834623,1051.8528190706604,0.0,1065.952332033495,1.465738,1004.014623,0.0,1005.480361
2026-07-16_ttft_component_regression/phase1/input8000_rate2p5_reuse00_seed1,144,0.06003393755225913,15.116389725643941,15.1764236631962,1051.8528190706604,0.0,1067.0292427338566,0.626553,1023.752426,0.0,1024.378979
2026-07-16_ttft_component_regression/phase1/input8000_rate2p5_reuse00_seed1,171,0.0,15.560893948777071,15.560893948777071,1051.8528190706604,0.0,1067.4137130194374,196.703484,1029.263563,0.0,1225.967047
2026-07-16_ttft_component_regression/phase1/input8000_rate2p5_reuse00_seed1,155,0.0,16.924270446121444,16.924270446121444,1051.8528190706604,0.0,1068.7770895167819,22.584407,1039.822691,0.0,1062.407098
2026-07-16_ttft_component_regression/phase1/input8000_rate2p5_reuse00_seed1,181,0.8902076263804712,25.107395970294313,25.997603596674786,1051.8528190706604,0.6219117535212935,1078.4723344208564,7.629448,1044.206295,0.625374,1052.461117
2026-07-16_ttft_component_regression/phase1/input8000_rate2p5_reuse00_seed1,146,0.0,15.87874931375003,15.87874931375003,1051.8528190706604,0.0,1067.7315683844104,537.444264,1304.78608,0.0,1842.230344
2026-07-16_ttft_component_regression/phase1/input8000_rate2p5_reuse00_seed1,166,0.999918257012074,26.8461625100342,27.846080767046274,1051.8528190706604,0.6219117535212935,1080.320811591228,19.69139,1009.362278,0.625374,1029.679042
2026-07-16_ttft_component_regression/phase1/input8000_rate2p5_reuse00_seed1,169,0.05655475014254297,15.223549832509033,15.280104582651576,1051.8528190706604,0.0,1067.132923653312,18.272953,1007.691535,0.0,1025.964488
2026-07-16_ttft_component_regression/phase1/input8000_rate2p5_reuse00_seed1,173,0.0,302.84514944855096,302.84514944855096,1051.8528190706604,0.0,1354.6979685192114,780.693004,1287.628484,0.0,2068.321488
2026-07-16_ttft_component_regression/phase1/input8000_rate2p5_reuse00_seed1,215,0.26043888217200917,22.70746014941869,22.9678990315907,1051.8528190706604,0.0,1074.820718102251,3.501238,1035.948535,0.0,1039.449773
2026-07-16_ttft_component_regression/phase1/input8000_rate2p5_reuse00_seed1,238,0.09013245504408664,14.778026276900246,14.868158731944332,1051.8528190706604,0.0,1066.7209778026047,1.928684,1017.371022,0.0,1019.299706
2026-07-16_ttft_component_regression/phase1/input8000_rate2p5_reuse00_seed1,239,0.09113473512749454,16.272927997152042,16.364062732279535,1051.8528190706604,0.0,1068.21688180294,719.876274,1270.114827,0.0,1989.991101
2026-07-16_ttft_component_regression/phase1/input8000_rate2p5_reuse00_seed1,253,0.09023770445946609,14.78477952389805,14.875017228357517,1051.8528190706604,0.0,1066.727836299018,6.902995,994.910983,0.0,1001.813978
2026-07-16_ttft_component_regression/phase1/input8000_rate2p5_reuse00_seed1,272,0.0,16.931820081557476,16.931820081557476,1051.8528190706604,0.0,1068.784639152218,5.368962,1032.27062,0.0,1037.639582
2026-07-16_ttft_component_regression/phase1/input8000_rate2p5_reuse00_seed1,270,0.16037150498199776,16.053549433688556,16.213920938670555,1051.8528190706604,0.0,1068.066740009331,21.778668,1011.750664,0.0,1033.529332
2026-07-16_ttft_component_regression/phase1/input8000_rate2p5_reuse00_seed1,275,0.0,18.435137854819356,18.435137854819356,1051.8528190706604,0.0,1070.2879569254799,411.316921,1310.763974,0.0,1722.080895
2026-07-16_ttft_component_regression/phase1/input8000_rate2p5_reuse00_seed1,296,0.0,16.926948009394934,16.926948009394934,1051.8528190706604,0.0,1068.7797670800553,6.840793,1015.109434,0.0,1021.950227
2026-07-16_ttft_component_regression/phase1/input8000_rate2p5_reuse00_seed1,14,0.01489521297141774,0.5501563904231381,0.5650516033945558,1051.8528190706604,0.0,1052.417870674055,0.016915,954.519522,0.0,954.536437
2026-07-16_ttft_component_regression/phase1/input8000_rate2p5_reuse00_seed1,18,0.0,7.468126569404398,7.468126569404398,1051.8528190706604,0.0,1059.3209456400648,332.846174,1211.748136,0.0,1544.59431
2026-07-16_ttft_component_regression/phase1/input8000_rate2p5_reuse00_seed1,33,0.0,12.279368319292297,12.279368319292297,1051.8528190706604,0.0,1064.1321873899526,0.985332,978.535377,0.0,979.520709
2026-07-16_ttft_component_regression/phase1/input8000_rate2p5_reuse00_seed1,50,0.022663630006538937,14.102826854613772,14.125490484620311,1051.8528190706604,0.0,1065.9783095552807,397.058645,1244.370689,0.0,1641.429334
2026-07-16_ttft_component_regression/phase1/input8000_rate2p5_reuse00_seed1,41,0.0,11.570242557603319,11.570242557603319,1051.8528190706604,0.0,1063.4230616282637,5.859425,978.145009,0.0,984.004434
2026-07-16_ttft_component_regression/phase1/input8000_rate2p5_reuse00_seed1,49,0.0,11.58009645036273,11.58009645036273,1051.8528190706604,0.0,1063.4329155210232,7.978225,993.627025,0.0,1001.60525
2026-07-16_ttft_component_regression/phase1/input8000_rate2p5_reuse00_seed1,73,0.022897514588084766,15.041342963442323,15.064240478030408,1051.8528190706604,0.0,1066.9170595486908,16.841727,988.514551,0.0,1005.356278
2026-07-16_ttft_component_regression/phase1/input8000_rate2p5_reuse00_seed1,88,0.036550677922205795,14.935968115678323,14.972518793600528,1051.8528190706604,0.0,1066.825337864261,215.95868,1324.320164,0.0,1540.278844
2026-07-16_ttft_component_regression/phase1/input8000_rate2p5_reuse00_seed1,76,0.027593637110537052,16.615470172982292,16.64306381009283,1051.8528190706604,0.0,1068.4958828807532,14.043528,994.499174,0.0,1008.542702
2026-07-16_ttft_component_regression/phase1/input8000_rate2p5_reuse00_seed1,87,0.03570047064947939,13.62356223193814,13.659262702587618,1051.8528190706604,0.0,1065.512081773248,7.084377,1011.478341,0.0,1018.562718
2026-07-16_ttft_component_regression/phase1/input8000_rate2p5_reuse00_seed1,89,0.0,299.32091548712066,299.32091548712066,1051.8528190706604,0.0,1351.173734557781,1196.586408,1270.699692,0.0,2467.2861
2026-07-16_ttft_component_regression/phase1/input8000_rate2p5_reuse00_seed1,126,0.0,17.869424773743983,17.869424773743983,1051.8528190706604,0.0,1069.7222438444044,4.590611,1023.589179,0.0,1028.17979
2026-07-16_ttft_component_regression/phase1/input8000_rate2p5_reuse00_seed1,113,0.0,17.363718232377277,17.363718232377277,1051.8528190706604,0.0,1069.2165373030377,9.128304,1026.883435,0.0,1036.011739
2026-07-16_ttft_component_regression/phase1/input8000_rate2p5_reuse00_seed1,132,0.19570325863063884,20.89093185140014,21.08663511003078,1051.8528190706604,0.0,1072.9394541806912,5.78684,1053.662071,0.0,1059.448911
2026-07-16_ttft_component_regression/phase1/input8000_rate2p5_reuse00_seed1,141,0.1878366012455337,20.830651913348618,21.01848851459415,1051.8528190706604,0.0,1072.8713075852545,18.732079,1051.468822,0.0,1070.200901
2026-07-16_ttft_component_regression/phase1/input8000_rate2p5_reuse00_seed1,156,0.18437855348555365,20.80393897240957,20.988317525895123,1051.8528190706604,0.0,1072.8411365965555,3.323317,1045.769508,0.0,1049.092825
2026-07-16_ttft_component_regression/phase1/input8000_rate2p5_reuse00_seed1,150,0.0,17.310631941027086,17.310631941027086,1051.8528190706604,0.0,1069.1634510116876,21.896272,1036.23932,0.0,1058.135592
2026-07-16_ttft_component_regression/phase1/input8000_rate2p5_reuse00_seed1,174,0.0,16.8983429627477,16.8983429627477,1051.8528190706604,0.0,1068.751162033408,1.965232,1044.241976,0.0,1046.207208
2026-07-16_ttft_component_regression/phase1/input8000_rate2p5_reuse00_seed1,190,163.1831868902456,26.43143449472731,189.6146213849729,1051.8528190706604,0.0,1241.4674404556333,196.290843,1043.508995,0.0,1239.799838
2026-07-16_ttft_component_regression/phase1/input8000_rate2p5_reuse00_seed1,180,0.17330149612877946,20.717474704383005,20.890776200511784,1051.8528190706604,0.0,1072.7435952711721,25.453027,1043.568905,0.0,1069.021932
2026-07-16_ttft_component_regression/phase1/input8000_rate2p5_reuse00_seed1,223,0.08831625623196278,14.663969290617212,14.752285546849174,1051.8528190706604,0.0,1066.6051046175096,1.830265,997.409589,0.0,999.239854
2026-07-16_ttft_component_regression/phase1/input8000_rate2p5_reuse00_seed1,210,0.16170211863023137,16.016992832737195,16.178694951367426,1051.8528190706604,0.0,1068.0315140220277,22.029127,1003.349859,0.0,1025.378986
2026-07-16_ttft_component_regression/phase1/input8000_rate2p5_reuse00_seed1,231,0.08842445264799643,14.670638298900592,14.759062751548589,1051.8528190706604,0.0,1066.611881822209,8.399116,1032.902067,0.0,1041.301183
2026-07-16_ttft_component_regression/phase1/input8000_rate2p5_reuse00_seed1,233,0.09517000940392684,16.153885841628423,16.24905585103235,1051.8528190706604,0.0,1068.1018749216928,146.730778,1282.360717,0.0,1429.091495
2026-07-16_ttft_component_regression/phase1/input8000_rate2p5_reuse00_seed1,246,0.0,16.922785179974404,16.922785179974404,1051.8528190706604,0.0,1068.7756042506348,20.121774,1024.755497,0.0,1044.877271
2026-07-16_ttft_component_regression/phase1/input8000_rate2p5_reuse00_seed1,251,0.0,18.389152666816486,18.389152666816486,1051.8528190706604,0.0,1070.241971737477,152.934118,1021.869772,0.0,1174.80389
2026-07-16_ttft_component_regression/phase1/input8000_rate2p5_reuse00_seed1,261,0.0,18.357445772453154,18.357445772453154,1051.8528190706604,0.0,1070.2102648431135,19.760054,1024.862637,0.0,1044.622691
2026-07-16_ttft_component_regression/phase1/input8000_rate2p5_reuse00_seed1,299,0.148513347627541,0.5314353513053264,0.6799486989328674,1051.8528190706604,0.0,1052.5327677695932,0.00203,947.953218,0.0,947.955248
2026-07-16_ttft_component_regression/phase1/input8000_rate2p5_reuse00_seed1,69,0.0,7.0079180794143685,7.0079180794143685,1051.8528190706604,0.0,1058.8607371500748,10.848723,966.255388,0.0,977.104111
2026-07-16_ttft_component_regression/phase1/input8000_rate2p5_reuse00_seed1,64,0.015763614886052272,0.5706649621415996,0.5864285770276518,1051.8528190706604,0.0,1052.439247647688,0.026205,936.703457,0.0,936.729662
2026-07-16_ttft_component_regression/phase1/input8000_rate2p5_reuse00_seed1,91,0.0,10.98668269930938,10.98668269930938,1051.8528190706604,0.0,1062.8395017699697,7.396894,979.402577,0.0,986.799471
2026-07-16_ttft_component_regression/phase1/input8000_rate2p5_reuse00_seed1,103,0.0,10.98668269930938,10.98668269930938,1051.8528190706604,0.0,1062.8395017699697,6.867609,978.400305,0.0,985.267914
2026-07-16_ttft_component_regression/phase1/input8000_rate2p5_reuse00_seed1,106,0.021516775897483343,14.032737221284354,14.054253997181837,1051.8528190706604,0.0,1065.9070730678422,0.793476,987.055415,0.0,987.848891
2026-07-16_ttft_component_regression/phase1/input8000_rate2p5_reuse00_seed1,116,0.020835762268632492,14.905841413369068,14.9266771756377,1051.8528190706604,0.0,1066.779496246298,1.409754,985.962679,0.0,987.372433
2026-07-16_ttft_component_regression/phase1/input8000_rate2p5_reuse00_seed1,131,0.0,15.551015968329372,15.551015968329372,1051.8528190706604,0.0,1067.4038350389899,20.073578,1005.524644,0.0,1025.598222
2026-07-16_ttft_component_regression/phase1/input8000_rate2p5_reuse00_seed1,125,0.031323097118609214,15.579208783168548,15.610531880287157,1051.8528190706604,0.0,1067.4633509509476,10.143405,993.688614,0.0,1003.832019
2026-07-16_ttft_component_regression/phase1/input8000_rate2p5_reuse00_seed1,143,0.0,15.87290370398738,15.87290370398738,1051.8528190706604,0.0,1067.7257227746477,16.164959,1011.778055,0.0,1027.943014
2026-07-16_ttft_component_regression/phase1/input8000_rate2p5_reuse00_seed1,151,0.0,15.878311875725403,15.878311875725403,1051.8528190706604,0.0,1067.7311309463857,9.425975,1022.161331,0.0,1031.587306
2026-07-16_ttft_component_regression/phase1/input8000_rate2p5_reuse00_seed1,157,0.0,15.885086965729831,15.885086965729831,1051.8528190706604,0.0,1067.7379060363903,16.2858,1018.860533,0.0,1035.146333
2026-07-16_ttft_component_regression/phase1/input8000_rate2p5_reuse00_seed1,192,0.09730690754130884,11.871784984657792,11.969091892199101,1051.8528190706604,0.0,1063.8219109628594,7.679614,985.310887,0.0,992.990501
2026-07-16_ttft_component_regression/phase1/input8000_rate2p5_reuse00_seed1,212,0.08949717603441239,14.737607607050963,14.827104783085375,1051.8528190706604,0.0,1066.6799238537458,5.081381,1000.183192,0.0,1005.264573
2026-07-16_ttft_component_regression/phase1/input8000_rate2p5_reuse00_seed1,205,0.26556756336981235,12.470094426035477,12.735661989405289,1051.8528190706604,0.0,1064.5884810600658,20.9261,1001.769374,0.0,1022.695474
2026-07-16_ttft_component_regression/phase1/input8000_rate2p5_reuse00_seed1,219,0.1557271319612978,14.49433723984182,14.650064371803118,1051.8528190706604,0.0,1066.5028834424636,13.741061,1017.359422,0.0,1031.100483
2026-07-16_ttft_component_regression/phase1/input8000_rate2p5_reuse00_seed1,244,0.09517000940392684,16.153885841628423,16.24905585103235,1051.8528190706604,0.0,1068.1018749216928,20.389632,1009.062621,0.0,1029.452253
2026-07-16_ttft_component_regression/phase1/input8000_rate2p5_reuse00_seed1,259,0.09464270778365202,16.17085457682784,16.26549728461149,1051.8528190706604,0.0,1068.1183163552719,6.940436,1002.411724,0.0,1009.35216
2026-07-16_ttft_component_regression/phase1/input8000_rate2p5_reuse00_seed1,267,0.16126412426903577,16.02927590630692,16.190540030575956,1051.8528190706604,0.0,1068.0433591012363,4.53244,1022.266928,0.0,1026.799368
2026-07-16_ttft_component_regression/phase1/input8000_rate2p5_reuse00_seed1,268,0.04152886201946674,16.747298005528577,16.788826867548043,1051.8528190706604,0.0,1068.6416459382085,256.991431,1290.427566,0.0,1547.418997
2026-07-16_ttft_component_regression/phase1/input8000_rate2p5_reuse00_seed1,287,0.04053103494116255,16.749377175735717,16.78990821067688,1051.8528190706604,0.0,1068.6427272813373,52.760682,1026.121534,0.0,1078.882216
2026-07-16_ttft_component_regression/phase1/input8000_rate2p5_reuse00_seed1,285,0.15961098046626612,16.073480688778016,16.23309166924428,1051.8528190706604,0.0,1068.0859107399046,13.685306,1025.861087,0.0,1039.546393
2026-07-16_ttft_component_regression/phase1/input8000_rate2p5_reuse00_seed1,293,0.0,18.490109606705744,18.490109606705744,1051.8528190706604,0.0,1070.3429286773662,7.171551,1030.895528,0.0,1038.067079
2026-07-16_ttft_component_regression/phase1/input8000_rate2p5_reuse00_seed1,10,0.0,7.452441768931685,7.452441768931685,1051.8528190706604,0.0,1059.3052608395922,7.450915,966.514748,0.0,973.965663
2026-07-16_ttft_component_regression/phase1/input8000_rate2p5_reuse00_seed1,13,0.0,12.29494142708259,12.29494142708259,1051.8528190706604,0.0,1064.147760497743,5.14864,993.494641,0.0,998.643281
2026-07-16_ttft_component_regression/phase1/input8000_rate2p5_reuse00_seed1,0,0.016310573532502905,0.5841515459138523,0.6004621194463552,1051.8528190706604,0.0,1052.4532811901067,0.0,936.703457,0.0,936.703457
2026-07-16_ttft_component_regression/phase1/input8000_rate2p5_reuse00_seed1,16,0.023302686105181214,15.068702508346886,15.092005194452067,1051.8528190706604,0.0,1066.9448242651124,417.59275,1244.242113,0.0,1661.834863
2026-07-16_ttft_component_regression/phase1/input8000_rate2p5_reuse00_seed1,43,0.0,11.592814612641659,11.592814612641659,1051.8528190706604,0.0,1063.445633683302,16.749221,997.204945,0.0,1013.954166
2026-07-16_ttft_component_regression/phase1/input8000_rate2p5_reuse00_seed1,53,0.0,16.361649037848423,16.361649037848423,1051.8528190706604,0.0,1068.2144681085088,615.390469,1232.498482,0.0,1847.888951
2026-07-16_ttft_component_regression/phase1/input8000_rate2p5_reuse00_seed1,44,0.023996584458603584,14.186478774941566,14.210475359400169,1051.8528190706604,0.0,1066.0632944300605,579.515317,1286.786639,0.0,1866.301956
2026-07-16_ttft_component_regression/phase1/input8000_rate2p5_reuse00_seed1,47,0.029993705257776542,331.04794626069383,331.0779399659516,1051.8528190706604,0.0,1382.930759036612,1457.087854,1300.829718,0.0,2757.917572
2026-07-16_ttft_component_regression/phase1/input8000_rate2p5_reuse00_seed1,61,0.0,17.339261013631724,17.339261013631724,1051.8528190706604,0.0,1069.1920800842922,5.572575,1008.839545,0.0,1014.41212
2026-07-16_ttft_component_regression/phase1/input8000_rate2p5_reuse00_seed1,77,0.14672441782191475,22.936992706911255,23.08371712473317,1051.8528190706604,0.0,1074.9365361953935,23.865061,1026.330295,0.0,1050.195356
2026-07-16_ttft_component_regression/phase1/input8000_rate2p5_reuse00_seed1,65,0.0,18.83136303445549,18.83136303445549,1051.8528190706604,0.0,1070.684182105116,228.519831,1023.248503,0.0,1251.768334
2026-07-16_ttft_component_regression/phase1/input8000_rate2p5_reuse00_seed1,67,0.1598415100900115,23.053922345049564,23.213763855139575,1051.8528190706604,0.0,1075.0665829258,14.696023,1030.13243,0.0,1044.828453
2026-07-16_ttft_component_regression/phase1/input8000_rate2p5_reuse00_seed1,118,0.0,17.35777338345367,17.35777338345367,1051.8528190706604,0.0,1069.210592454114,15.910094,1012.064201,0.0,1027.974295
2026-07-16_ttft_component_regression/phase1/input8000_rate2p5_reuse00_seed1,100,0.1593112082142291,21.748478874856414,21.907790083070644,1051.8528190706604,0.0,1073.7606091537311,9.426591,1052.996714,0.0,1062.423305
2026-07-16_ttft_component_regression/phase1/input8000_rate2p5_reuse00_seed1,127,0.028465243717650218,15.673605690694972,15.702070934412621,1051.8528190706604,0.0,1067.554890005073,17.499137,1025.215573,0.0,1042.71471
2026-07-16_ttft_component_regression/phase1/input8000_rate2p5_reuse00_seed1,110,0.02726716867262452,15.70900922837998,15.736276397052604,1051.8528190706604,0.0,1067.589095467713,17.262065,1024.003432,0.0,1041.265497
2026-07-16_ttft_component_regression/phase1/input8000_rate2p5_reuse00_seed1,148,0.19044556119045009,20.85071863310482,21.04116419429527,1051.8528190706604,0.0,1072.8939832649558,10.676442,1024.900993,0.0,1035.577435
2026-07-16_ttft_component_regression/phase1/input8000_rate2p5_reuse00_seed1,135,0.0,15.885902139206305,15.885902139206305,1051.8528190706604,0.0,1067.7387212098668,533.815048,1291.278308,0.0,1825.093356
2026-07-16_ttft_component_regression/phase1/input8000_rate2p5_reuse00_seed1,134,0.05709652482289283,15.208151484029896,15.265248008852788,1051.8528190706604,0.0,1067.1180670795131,4.228589,1039.782936,0.0,1044.011525
2026-07-16_ttft_component_regression/phase1/input8000_rate2p5_reuse00_seed1,142,0.0,17.330158649576536,17.330158649576536,1051.8528190706604,0.0,1069.182977720237,22.947751,1028.271397,0.0,1051.219148
2026-07-16_ttft_component_regression/phase1/input8000_rate2p5_reuse00_seed1,176,0.1809439514701708,20.777276083073158,20.958220034543327,1051.8528190706604,0.0,1072.8110391052037,161.330747,1041.834072,0.0,1203.164819
2026-07-16_ttft_component_regression/phase1/input8000_rate2p5_reuse00_seed1,172,0.0,16.95146885841922,16.95146885841922,1051.8528190706604,0.0,1068.8042879290797,10.206334,1042.894025,0.0,1053.100359
2026-07-16_ttft_component_regression/phase1/input8000_rate2p5_reuse00_seed1,182,1281.3665345684462,26.826538198350008,1308.1930727667961,1051.8528190706604,0.0,2360.0458918374566,1319.190558,1038.947668,0.0,2358.138226
2026-07-16_ttft_component_regression/phase1/input8000_rate2p5_reuse00_seed1,222,0.08874804874146111,14.690676122513816,14.779424171255277,1051.8528190706604,0.0,1066.6322432419156,238.089015,1256.065635,0.0,1494.15465
2026-07-16_ttft_component_regression/phase1/input8000_rate2p5_reuse00_seed1,220,0.09707016002420929,11.866879157770683,11.963949317794892,1051.8528190706604,0.0,1063.8167683884553,13.166708,1012.379554,0.0,1025.546262
2026-07-16_ttft_component_regression/phase1/input8000_rate2p5_reuse00_seed1,260,0.03260109260669622,11.994093809665198,12.026694902271895,1051.8528190706604,0.0,1063.8795139729323,12.414241,994.772689,0.0,1007.18693
2026-07-16_ttft_component_regression/phase1/input8000_rate2p5_reuse00_seed1,273,0.03260109260669622,11.994093809665198,12.026694902271895,1051.8528190706604,0.0,1063.8795139729323,5.73657,993.556055,0.0,999.292625
2026-07-16_ttft_component_regression/phase1/input8000_rate2p5_reuse00_seed1,282,0.0,11.231819902764975,11.231819902764975,1051.8528190706604,0.0,1063.0846389734254,12.182962,989.355896,0.0,1001.538858
2026-07-16_ttft_component_regression/phase1/input8000_rate2p5_reuse00_seed1,9,0.0,12.300354549841627,12.300354549841627,1051.8528190706604,0.0,1064.153173620502,13.893999,1210.954922,0.0,1224.848921
2026-07-16_ttft_component_regression/phase1/input8000_rate2p5_reuse00_seed1,6,0.0,7.443311680179385,7.443311680179385,1051.8528190706604,0.0,1059.29613075084,94.735209,1254.627475,0.0,1349.362684
2026-07-16_ttft_component_regression/phase1/input8000_rate2p5_reuse00_seed1,3,0.016310573532502905,0.5841515459138523,0.6004621194463552,1051.8528190706604,0.0,1052.4532811901067,0.001202,954.519522,0.0,954.520724
2026-07-16_ttft_component_regression/phase1/input8000_rate2p5_reuse00_seed1,25,0.02259200606745088,15.02087856334951,15.04347056941696,1051.8528190706604,0.0,1066.8962896400774,15.595009,986.281143,0.0,1001.876152
2026-07-16_ttft_component_regression/phase1/input8000_rate2p5_reuse00_seed1,26,0.029236965363347335,16.55967821429484,16.588915179658187,1051.8528190706604,0.0,1068.4417342503186,9.237065,992.804326,0.0,1002.041391
2026-07-16_ttft_component_regression/phase1/input8000_rate2p5_reuse00_seed1,27,0.0,17.3524112658424,17.3524112658424,1051.8528190706604,0.0,1069.2052303365028,149.950431,1003.912804,0.0,1153.863235
2026-07-16_ttft_component_regression/phase1/input8000_rate2p5_reuse00_seed1,38,0.0,18.88216199677373,18.88216199677373,1051.8528190706604,0.0,1070.734981067434,17.54656,1015.193922,0.0,1032.740482
2026-07-16_ttft_component_regression/phase1/input8000_rate2p5_reuse00_seed1,40,0.17761627516761214,23.208861850312477,23.38647812548009,1051.8528190706604,0.0,1075.2392971961406,3.369186,1022.571057,0.0,1025.940243
2026-07-16_ttft_component_regression/phase1/input8000_rate2p5_reuse00_seed1,66,0.026803765210981226,16.64057926158575,16.66738302679673,1051.8528190706604,0.0,1068.520202097457,10.599256,1021.193719,0.0,1031.792975
2026-07-16_ttft_component_regression/phase1/input8000_rate2p5_reuse00_seed1,68,0.0,16.375315209645287,16.375315209645287,1051.8528190706604,0.0,1068.2281342803058,605.668266,1288.310065,0.0,1893.978331
2026-07-16_ttft_component_regression/phase1/input8000_rate2p5_reuse00_seed1,75,0.0,17.365362462272497,17.365362462272497,1051.8528190706604,0.0,1069.218181532933,8.0175,1033.374063,0.0,1041.391563
2026-07-16_ttft_component_regression/phase1/input8000_rate2p5_reuse00_seed1,98,0.0,16.987314721298336,16.987314721298336,1051.8528190706604,0.0,1068.8401337919588,106.125278,1343.065804,0.0,1449.191082
2026-07-16_ttft_component_regression/phase1/input8000_rate2p5_reuse00_seed1,85,0.0,15.569490026759274,15.569490026759274,1051.8528190706604,0.0,1067.4223090974197,14.026039,1034.482907,0.0,1048.508946
2026-07-16_ttft_component_regression/phase1/input8000_rate2p5_reuse00_seed1,93,0.0,15.569490026759274,15.569490026759274,1051.8528190706604,0.0,1067.4223090974197,15.363307,1047.970865,0.0,1063.334172
2026-07-16_ttft_component_regression/phase1/input8000_rate2p5_reuse00_seed1,120,0.18194269598493593,23.245976491320302,23.42791918730524,1051.8528190706604,0.0,1075.2807382579656,24.28891,1043.820257,0.0,1068.109167
2026-07-16_ttft_component_regression/phase1/input8000_rate2p5_reuse00_seed1,101,0.8753219077116535,24.660750119783266,25.53607202749492,1051.8528190706604,0.6219117535212935,1078.0108028516765,72.200923,1287.936052,0.625374,1360.762349
2026-07-16_ttft_component_regression/phase1/input8000_rate2p5_reuse00_seed1,129,3104.272483380095,24.715887593984352,3128.9883709740793,1051.8528190706604,0.0,4180.84119004474,2014.59602,1056.288436,0.0,3070.884456
2026-07-16_ttft_component_regression/phase1/input8000_rate2p5_reuse00_seed1,161,0.937400610765919,25.230495490554624,26.167896101320544,1051.8528190706604,0.6219117535212935,1078.6426269255023,158.934123,1045.653123,0.625374,1205.21262
2026-07-16_ttft_component_regression/phase1/input8000_rate2p5_reuse00_seed1,147,0.0,17.271114541812825,17.271114541812825,1051.8528190706604,0.0,1069.1239336124731,22.292999,1026.61182,0.0,1048.904819
2026-07-16_ttft_component_regression/phase1/input8000_rate2p5_reuse00_seed1,162,0.937400610765919,25.230495490554624,26.167896101320544,1051.8528190706604,0.6219117535212935,1078.6426269255023,913.007455,1296.310825,0.625374,2209.943654
2026-07-16_ttft_component_regression/phase1/input8000_rate2p5_reuse00_seed1,153,0.9503318723283394,25.262143397174153,26.21247526950249,1051.8528190706604,0.6219117535212935,1078.6872060936842,18.636392,1042.349888,0.625374,1061.611654
2026-07-16_ttft_component_regression/phase1/input8000_rate2p5_reuse00_seed1,159,0.9521870091147299,25.26661118809393,26.21879819720866,1051.8528190706604,0.6219117535212935,1078.6935290213903,12.687968,1026.380442,0.625374,1039.693784
2026-07-16_ttft_component_regression/phase1/input8000_rate2p5_reuse00_seed1,187,0.11586475365780603,15.563873634563592,15.679738388221399,1051.8528190706604,0.0,1067.532557458882,24.292826,1026.620124,0.0,1050.91295
2026-07-16_ttft_component_regression/phase1/input8000_rate2p5_reuse00_seed1,194,1.1179634539339494,26.541782700878983,27.659746154812932,1051.8528190706604,0.6219117535212935,1080.1344769789946,23.469673999999998,1034.896913,0.625374,1058.991961
2026-07-16_ttft_component_regression/phase1/input8000_rate2p5_reuse00_seed1,202,0.32210489876949144,22.338878795312898,22.66098369408239,1051.8528190706604,0.0,1074.5138027647429,9.916784,1036.885912,0.0,1046.802696
2026-07-16_ttft_component_regression/phase1/input8000_rate2p5_reuse00_seed1,209,6597.48258664781,26.497416233253535,6623.980002881064,1051.8528190706604,0.0,7675.832821951724,5914.893413000001,1039.128418,0.0,6954.021831
2026-07-16_ttft_component_regression/phase1/input8000_rate2p5_reuse00_seed1,218,5341.353836850083,26.561147952204127,5367.914984802287,1051.8528190706604,0.0,6419.767803872947,4089.0652760000003,1318.670032,0.0,5407.735308
2026-07-16_ttft_component_regression/phase1/input8000_rate2p5_reuse00_seed1,217,5078.408877177275,26.561147952204127,5104.970025129479,1051.8528190706604,0.0,6156.822844200139,3561.1714420000003,1066.490116,0.0,4627.661558
2026-07-16_ttft_component_regression/phase1/input8000_rate2p5_reuse00_seed1,236,4898.562240097613,26.85103393006533,4925.413274027678,1051.8528190706604,0.0,5977.266093098338,4148.327701,1033.490202,0.0,5181.817903
2026-07-16_ttft_component_regression/phase1/input8000_rate2p5_reuse00_seed1,235,1811.5283459755208,26.879968457693543,1838.4083144332144,1051.8528190706604,0.0,2890.2611335038746,1331.218355,1039.188823,0.0,2370.407178
2026-07-16_ttft_component_regression/phase1/input8000_rate2p5_reuse00_seed1,249,6117.49034791908,26.8461625100342,6144.336510429114,1051.8528190706604,0.0,7196.189329499774,6087.191476,1049.017969,0.0,7136.209445
2026-07-16_ttft_component_regression/phase1/input8000_rate2p5_reuse00_seed1,248,4045.577982987782,26.884741532788397,4072.46272452057,1051.8528190706604,0.0,5124.31554359123,3231.066541,1048.608735,0.0,4279.675276
2026-07-16_ttft_component_regression/phase1/input8000_rate2p5_reuse00_seed1,241,5105.675150825106,26.879968457693543,5132.5551192828,1051.8528190706604,0.0,6184.40793835346,4702.100101,1024.41631,0.0,5726.516411
2026-07-16_ttft_component_regression/phase1/input8000_rate2p5_reuse00_seed1,278,5490.767824497945,26.931685244207987,5517.699509742153,1051.8528190706604,0.0,6569.552328812813,4708.589972,1053.20446,0.0,5761.794432
2026-07-16_ttft_component_regression/phase1/input8000_rate2p5_reuse00_seed1,280,8471.701351029336,27.003749105969618,8498.705100135307,1051.8528190706604,0.0,9550.557919205967,10363.178383999999,1039.400495,0.0,11402.578879
2026-07-16_ttft_component_regression/phase1/input8000_rate2p5_reuse00_seed1,4,0.016310573532502905,0.5841515459138523,0.6004621194463552,1051.8528190706604,0.0,1052.4532811901067,0.017498,936.703457,0.0,936.720955
2026-07-16_ttft_component_regression/phase1/input8000_rate2p5_reuse00_seed1,22,0.0,7.43925899933839,7.43925899933839,1051.8528190706604,0.0,1059.2920780699988,12.707641,967.212636,0.0,979.920277
2026-07-16_ttft_component_regression/phase1/input8000_rate2p5_reuse00_seed1,28,0.0,12.304954419836323,12.304954419836323,1051.8528190706604,0.0,1064.1577734904968,5.204962,977.739025,0.0,982.943987
2026-07-16_ttft_component_regression/phase1/input8000_rate2p5_reuse00_seed1,36,0.02810930533676548,16.59850649210987,16.626615797446636,1051.8528190706604,0.0,1068.479434868107,12.686107,993.460294,0.0,1006.146401
2026-07-16_ttft_component_regression/phase1/input8000_rate2p5_reuse00_seed1,46,0.0,16.363909265884892,16.363909265884892,1051.8528190706604,0.0,1068.2167283365452,0.282649,1005.797732,0.0,1006.080381
2026-07-16_ttft_component_regression/phase1/input8000_rate2p5_reuse00_seed1,32,0.02360489979342374,15.089276562665617,15.112881462459042,1051.8528190706604,0.0,1066.9657005331194,14.1191,987.120727,0.0,1001.239827
2026-07-16_ttft_component_regression/phase1/input8000_rate2p5_reuse00_seed1,51,0.0,17.791206536106834,17.791206536106834,1051.8528190706604,0.0,1069.6440256067672,7.945721,1014.869378,0.0,1022.815099
2026-07-16_ttft_component_regression/phase1/input8000_rate2p5_reuse00_seed1,54,0.1590109610545406,23.046584585090326,23.205595546144867,1051.8528190706604,0.0,1075.0584146168053,13.500923,1022.387409,0.0,1035.888332
2026-07-16_ttft_component_regression/phase1/input8000_rate2p5_reuse00_seed1,80,0.032470025908910474,15.536385897946701,15.568855923855612,1051.8528190706604,0.0,1067.421674994516,4.027607,1022.246816,0.0,1026.274423
2026-07-16_ttft_component_regression/phase1/input8000_rate2p5_reuse00_seed1,94,0.0,11.010754181169927,11.010754181169927,1051.8528190706604,0.0,1062.8635732518303,5.250984,1023.128261,0.0,1028.379245
2026-07-16_ttft_component_regression/phase1/input8000_rate2p5_reuse00_seed1,95,0.9203786194294523,24.773537207105395,25.693915826534848,1051.8528190706604,0.6219117535212935,1078.1686466507165,670.087978,1273.818341,0.625374,1944.531693
2026-07-16_ttft_component_regression/phase1/input8000_rate2p5_reuse00_seed1,81,0.0,16.36568153517949,16.36568153517949,1051.8528190706604,0.0,1068.2185006058398,356.183244,1283.77924,0.0,1639.962484
2026-07-16_ttft_component_regression/phase1/input8000_rate2p5_reuse00_seed1,124,0.8849264419480796,25.983764268984896,26.868690710932974,1051.8528190706604,0.6219117535212935,1079.3434215351147,556.670373,1303.36314,0.625374,1860.658887
2026-07-16_ttft_component_regression/phase1/input8000_rate2p5_reuse00_seed1,123,0.8849264419480796,25.983764268984896,26.868690710932974,1051.8528190706604,0.6219117535212935,1079.3434215351147,18.898502,1048.162901,0.625374,1067.686777
2026-07-16_ttft_component_regression/phase1/input8000_rate2p5_reuse00_seed1,133,0.8753219077116535,447.8889257936705,448.7642477013822,1051.8528190706604,0.6219117535212935,1501.2389785255639,24.127826,1024.384284,0.625374,1049.137484
2026-07-16_ttft_component_regression/phase1/input8000_rate2p5_reuse00_seed1,115,0.025166529587643822,16.68959497294087,16.714761502528514,1051.8528190706604,0.0,1068.567580573189,6.066349,1016.875611,0.0,1022.94196
2026-07-16_ttft_component_regression/phase1/input8000_rate2p5_reuse00_seed1,128,0.9029278369250856,26.030067785786528,26.932995622711612,1051.8528190706604,0.6219117535212935,1079.4077264468933,24.279905,1028.773986,0.625374,1053.679265
2026-07-16_ttft_component_regression/phase1/input8000_rate2p5_reuse00_seed1,163,3002.9682568294393,485.86169996006447,3488.8299567895037,1051.8528190706604,0.6219117535212935,4541.304687613685,2028.494635,1034.742703,0.625374,3063.862712
2026-07-16_ttft_component_regression/phase1/input8000_rate2p5_reuse00_seed1,152,220.95410494270166,25.310544127180226,246.2646490698819,1051.8528190706604,0.0,1298.1174681405423,280.727888,1043.013762,0.0,1323.74165
2026-07-16_ttft_component_regression/phase1/input8000_rate2p5_reuse00_seed1,165,2671.1679603319226,485.6890883576637,3156.8570486895865,1051.8528190706604,0.6219117535212935,4209.331779513768,7090.2499179999995,1048.655393,0.625374,8139.530685
2026-07-16_ttft_component_regression/phase1/input8000_rate2p5_reuse00_seed1,164,2837.921329731704,485.9476442736981,3323.8689740054024,1051.8528190706604,0.6219117535212935,4376.343704829584,5328.236741000001,1035.553217,0.625374,6364.415332
2026-07-16_ttft_component_regression/phase1/input8000_rate2p5_reuse00_seed1,197,0.9923366097147642,26.826538198350008,27.818874808064773,1051.8528190706604,0.6219117535212935,1080.2936056322465,3.7359660000000003,1030.702163,0.625374,1035.063503
2026-07-16_ttft_component_regression/phase1/input8000_rate2p5_reuse00_seed1,186,3144.7876518328612,22.69439451337001,3167.482046346231,1051.8528190706604,0.6219117535212935,4219.956777170412,2393.7408259999997,1039.604855,0.625374,3433.971055
2026-07-16_ttft_component_regression/phase1/input8000_rate2p5_reuse00_seed1,199,1442.5881365810365,26.79668993074544,1469.384826511782,1051.8528190706604,0.6219117535212935,2521.8595573359635,970.508408,1025.794729,0.625374,1996.928511
2026-07-16_ttft_component_regression/phase1/input8000_rate2p5_reuse00_seed1,207,2737.2932947465156,26.6132574182353,2763.906552164751,1051.8528190706604,0.0,3815.759371235411,1559.638434,1025.048127,0.0,2584.686561
2026-07-16_ttft_component_regression/phase1/input8000_rate2p5_reuse00_seed1,226,2884.7844344874825,26.756136052640205,2911.5405705401226,1051.8528190706604,0.6219117535212935,3964.015301364304,3029.876685,1042.412582,0.625374,4072.914641
2026-07-16_ttft_component_regression/phase1/input8000_rate2p5_reuse00_seed1,230,913.244290326555,26.81167544372505,940.05596577028,1051.8528190706604,0.6219117535212935,1992.5306965944617,6236.0640889999995,1033.1579,0.625374,7269.847363
2026-07-16_ttft_component_regression/phase1/input8000_rate2p5_reuse00_seed1,229,1001.9702391107228,26.81664338471187,1028.7868824954346,1051.8528190706604,0.6219117535212935,2081.261613319616,5064.482228,1041.033627,0.625374,6106.141229
2026-07-16_ttft_component_regression/phase1/input8000_rate2p5_reuse00_seed1,221,5059.4395421711115,26.556327236084474,5085.995869407196,1051.8528190706604,0.6219117535212935,6138.470600231377,3568.767513,1050.080543,0.625374,4619.47343
2026-07-16_ttft_component_regression/phase1/input8000_rate2p5_reuse00_seed1,256,6153.273013371704,26.826538198350008,6180.099551570054,1051.8528190706604,0.6219117535212935,7232.5742823942355,7706.524452000001,1042.88438,0.625374,8750.034206
2026-07-16_ttft_component_regression/phase1/input8000_rate2p5_reuse00_seed1,254,6313.344650529845,26.865564415628274,6340.210214945473,1051.8528190706604,0.6219117535212935,7392.684945769654,6513.158996,1052.511642,0.625374,7566.296012
2026-07-16_ttft_component_regression/phase1/input8000_rate2p5_reuse00_seed1,258,5654.697020926575,26.990528259748668,5681.687549186323,1051.8528190706604,0.6219117535212935,6734.162280010504,8556.750417,1036.036503,0.625374,9593.412294
2026-07-16_ttft_component_regression/phase1/input8000_rate2p5_reuse00_seed1,262,3710.721160595074,26.977171932086154,3737.69833252716,1051.8528190706604,0.6219117535212935,4790.173063351342,10372.593291,1038.433266,0.625374,11411.651931
2026-07-16_ttft_component_regression/phase1/input8000_rate2p5_reuse00_seed1,269,628.4591156484418,26.66814313525337,655.1272587836951,1051.8528190706604,0.6219117535212935,1707.6019896078767,14599.382186,1039.523425,0.625374,15639.530985
2026-07-16_ttft_component_regression/phase1/input8000_rate2p5_reuse00_seed1,264,2278.697402696329,26.940900333895662,2305.6383030302245,1051.8528190706604,0.6219117535212935,3358.1130338544062,11677.794365,1031.626362,0.625374,12710.046101
2026-07-16_ttft_component_regression/phase1/input8000_rate2p5_reuse00_seed1,290,8897.539404748835,26.672622665924624,8924.21202741476,1051.8528190706604,0.6219117535212935,9976.686758238942,7012.616306999999,1029.935141,0.625374,8043.176822
2026-07-16_ttft_component_regression/phase1/input8000_rate2p5_reuse00_seed1,291,8863.069895673123,26.654616853973096,8889.724512527097,1051.8528190706604,0.6219117535212935,9942.199243351279,10682.492218,1034.410847,0.625374,11717.528439
2026-07-16_ttft_component_regression/phase1/input8000_rate2p5_reuse00_seed1,298,7864.166903408563,26.650078986438608,7890.816982395001,1051.8528190706604,0.6219117535212935,8943.291713219183,14814.569866,1052.115048,0.625374,15867.310288
2026-07-16_ttft_component_regression/phase1/input8000_rate2p5_reuse00_seed1,19,0.014795141776912936,0.547857475316181,0.562652617093094,1051.8528190706604,0.0,1052.4154716877536,0.01336,936.703457,0.0,936.716817
2026-07-16_ttft_component_regression/phase1/input8000_rate2p5_reuse00_seed1,23,0.0,12.289904794540636,12.289904794540636,1051.8528190706604,0.0,1064.142723865201,16.317363,993.255761,0.0,1009.573124
2026-07-16_ttft_component_regression/phase1/input8000_rate2p5_reuse00_seed1,24,0.021667386376838557,14.959776589512499,14.981443975889338,1051.8528190706604,0.0,1066.8342630465497,678.517908,1244.007361,0.0,1922.525269
2026-07-16_ttft_component_regression/phase1/input8000_rate2p5_reuse00_seed1,21,0.0,7.454964341486054,7.454964341486054,1051.8528190706604,0.0,1059.3077834121464,7.964258,966.118684,0.0,974.082942
2026-07-16_ttft_component_regression/phase1/input8000_rate2p5_reuse00_seed1,57,0.028465243717650218,15.673605690694972,15.702070934412621,1051.8528190706604,0.0,1067.554890005073,3.37234,994.667046,0.0,998.039386
2026-07-16_ttft_component_regression/phase1/input8000_rate2p5_reuse00_seed1,37,0.029236965363347335,16.55967821429484,16.588915179658187,1051.8528190706604,0.0,1068.4417342503186,18.78914,994.48679,0.0,1013.27593
2026-07-16_ttft_component_regression/phase1/input8000_rate2p5_reuse00_seed1,42,0.0,16.36699058148579,16.36699058148579,1051.8528190706604,0.0,1068.2198096521463,0.832976,1005.58474,0.0,1006.417716
2026-07-16_ttft_component_regression/phase1/input8000_rate2p5_reuse00_seed1,60,0.0,17.354228322949176,17.354228322949176,1051.8528190706604,0.0,1069.2070473936096,6.715632,1005.704196,0.0,1012.419828
2026-07-16_ttft_component_regression/phase1/input8000_rate2p5_reuse00_seed1,79,0.0,17.82180377355261,17.82180377355261,1051.8528190706604,0.0,1069.674622844213,10.367615,1027.927607,0.0,1038.295222
2026-07-16_ttft_component_regression/phase1/input8000_rate2p5_reuse00_seed1,70,0.0,16.370819508825694,16.370819508825694,1051.8528190706604,0.0,1068.223638579486,3.698409,1011.466034,0.0,1015.164443
2026-07-16_ttft_component_regression/phase1/input8000_rate2p5_reuse00_seed1,72,0.0,18.92649101814604,18.92649101814604,1051.8528190706604,0.0,1070.7793100888064,23.421892,1027.018862,0.0,1050.440754
2026-07-16_ttft_component_regression/phase1/input8000_rate2p5_reuse00_seed1,84,0.1804924622533593,21.92302233762174,22.1035147998751,1051.8528190706604,0.0,1073.9563338705354,19.569741,1038.850941,0.0,1058.420682
2026-07-16_ttft_component_regression/phase1/input8000_rate2p5_reuse00_seed1,112,0.0,17.359503947394206,17.359503947394206,1051.8528190706604,0.0,1069.2123230180546,406.933703,1343.700969,0.0,1750.634672
2026-07-16_ttft_component_regression/phase1/input8000_rate2p5_reuse00_seed1,111,0.02667023342247252,16.6447249986568,16.671395232079274,1051.8528190706604,0.0,1068.5242143027397,2.839145,1020.883396,0.0,1023.722541
2026-07-16_ttft_component_regression/phase1/input8000_rate2p5_reuse00_seed1,117,0.0,18.948383664606542,18.948383664606542,1051.8528190706604,0.0,1070.801202735267,715.88225,1286.385017,0.0,2002.267267
2026-07-16_ttft_component_regression/phase1/input8000_rate2p5_reuse00_seed1,139,0.03500856895760904,14.976015835239805,15.011024404197414,1051.8528190706604,0.0,1066.8638434748577,17.64646,1004.723382,0.0,1022.369842
2026-07-16_ttft_component_regression/phase1/input8000_rate2p5_reuse00_seed1,167,0.0,16.93812564277103,16.93812564277103,1051.8528190706604,0.0,1068.7909447134314,13.233319,1021.034747,0.0,1034.268066
2026-07-16_ttft_component_regression/phase1/input8000_rate2p5_reuse00_seed1,158,0.05415489077407457,15.287167073733572,15.341321964507648,1051.8528190706604,0.0,1067.194141035168,4.990479,1004.067616,0.0,1009.058095
2026-07-16_ttft_component_regression/phase1/input8000_rate2p5_reuse00_seed1,193,0.15607185962865258,14.514135998931442,14.670207858560095,1051.8528190706604,0.0,1066.5230269292206,10.968759,1002.7159,0.0,1013.684659
2026-07-16_ttft_component_regression/phase1/input8000_rate2p5_reuse00_seed1,201,0.16170211863023137,16.016992832737195,16.178694951367426,1051.8528190706604,0.0,1068.0315140220277,4.934898,1027.430058,0.0,1032.364956
2026-07-16_ttft_component_regression/phase1/input8000_rate2p5_reuse00_seed1,203,0.13916412636136344,14.282649605441069,14.421813731802432,1051.8528190706604,0.0,1066.2746328024627,244.921029,1283.713009,0.0,1528.634038
2026-07-16_ttft_component_regression/phase1/input8000_rate2p5_reuse00_seed1,247,0.033257258165105545,12.008444756134304,12.04170201429941,1051.8528190706604,0.0,1063.89452108496,2.856605,1001.880562,0.0,1004.737167
2026-07-16_ttft_component_regression/phase1/input8000_rate2p5_reuse00_seed1,277,0.09286339703013742,16.224784750039472,16.317648147069608,1051.8528190706604,0.0,1068.17046721773,614.169334,1323.576085,0.0,1937.745419
2026-07-16_ttft_component_regression/phase1/input8000_rate2p5_reuse00_seed1,271,0.033144416407489635,12.005908428872255,12.039052845279745,1051.8528190706604,0.0,1063.89187191594,2.156583,996.084308,0.0,998.240891
2026-07-16_ttft_component_regression/phase1/input8000_rate2p5_reuse00_seed1,281,0.0,16.931820081557476,16.931820081557476,1051.8528190706604,0.0,1068.784639152218,102.950973,1264.800934,0.0,1367.751907
2026-07-16_ttft_component_regression/phase1/input8000_rate2p5_reuse00_seed1,265,0.05798149407748558,7.240194709106626,7.298176203184111,1051.8528190706604,0.0,1059.1509952738445,10.498614,983.956028,0.0,994.454642
2026-07-16_ttft_component_regression/phase1/input8000_rate2p5_reuse00_seed1,276,0.09055235057824687,14.805067574359743,14.89561992493799,1051.8528190706604,0.0,1066.7484389955985,6.798826,1033.516647,0.0,1040.315473
2026-07-16_ttft_component_regression/phase1/input8000_rate2p5_reuse00_seed1,297,0.25858346269598337,22.692929123392254,22.95151258608824,1051.8528190706604,0.0,1074.8043316567487,14.837461,1028.03416,0.0,1042.871621
2026-07-16_ttft_component_regression/phase1/input8000_rate2p5_reuse00_seed1,286,0.0234433730606159,18.260792328925174,18.28423570198579,1051.8528190706604,0.0,1070.1370547726463,13.665445,1017.326232,0.0,1030.991677
2026-07-16_ttft_component_regression/phase1/input8000_rate2p5_reuse00_seed1,12,0.016310573532502905,0.5841515459138523,0.6004621194463552,1051.8528190706604,0.0,1052.4532811901067,0.055062,936.703457,0.0,936.758519
2026-07-16_ttft_component_regression/phase1/input8000_rate2p5_reuse00_seed1,29,0.0,7.437889906091679,7.437889906091679,1051.8528190706604,0.0,1059.290708976752,8.810902,967.834204,0.0,976.645106
2026-07-16_ttft_component_regression/phase1/input8000_rate2p5_reuse00_seed1,34,0.0,12.308560612897852,12.308560612897852,1051.8528190706604,0.0,1064.1613796835584,5.220954,978.027665,0.0,983.248619
2026-07-16_ttft_component_regression/phase1/input8000_rate2p5_reuse00_seed1,55,0.0,11.584109150225679,11.584109150225679,1051.8528190706604,0.0,1063.436928220886,14.189567,978.539345,0.0,992.728912
2026-07-16_ttft_component_regression/phase1/input8000_rate2p5_reuse00_seed1,62,0.022489864779036615,15.014067752933034,15.03655761771207,1051.8528190706604,0.0,1066.8893766883725,15.950344,988.206807,0.0,1004.157151
2026-07-16_ttft_component_regression/phase1/input8000_rate2p5_reuse00_seed1,82,0.0,11.574505894958424,11.574505894958424,1051.8528190706604,0.0,1063.427324965619,10.504468,978.881201,0.0,989.385669
2026-07-16_ttft_component_regression/phase1/input8000_rate2p5_reuse00_seed1,96,0.0,10.998142315094373,10.998142315094373,1051.8528190706604,0.0,1062.8509613857548,9.463472,978.429393,0.0,987.892865
2026-07-16_ttft_component_regression/phase1/input8000_rate2p5_reuse00_seed1,119,0.0229990423106587,15.048175004760656,15.071174047071315,1051.8528190706604,0.0,1066.9239931177317,19.741196,995.514581,0.0,1015.255777
2026-07-16_ttft_component_regression/phase1/input8000_rate2p5_reuse00_seed1,108,0.0,11.595131771610168,11.595131771610168,1051.8528190706604,0.0,1063.4479508422705,11.842077,977.869841,0.0,989.711918
2026-07-16_ttft_component_regression/phase1/input8000_rate2p5_reuse00_seed1,138,0.053846418888644026,13.844670886065282,13.898517304953927,1051.8528190706604,0.0,1065.7513363756143,12.065428,1001.79529,0.0,1013.860718
2026-07-16_ttft_component_regression/phase1/input8000_rate2p5_reuse00_seed1,179,0.0,11.005264091504463,11.005264091504463,1051.8528190706604,0.0,1062.8580831621648,14.476199,986.140864,0.0,1000.617063
2026-07-16_ttft_component_regression/phase1/input8000_rate2p5_reuse00_seed1,160,0.0,11.258184005396547,11.258184005396547,1051.8528190706604,0.0,1063.111003076057,15.707268,980.423473,0.0,996.130741
2026-07-16_ttft_component_regression/phase1/input8000_rate2p5_reuse00_seed1,196,0.2019190786362944,21.194626113597053,21.396545192233347,1051.8528190706604,0.0,1073.2493642628938,570.740012,1297.682555,0.0,1868.422567
2026-07-16_ttft_component_regression/phase1/input8000_rate2p5_reuse00_seed1,189,0.13872291689033225,14.283384415200365,14.422107332090697,1051.8528190706604,0.0,1066.2749264027511,257.662414,1271.439303,0.0,1529.101717
2026-07-16_ttft_component_regression/phase1/input8000_rate2p5_reuse00_seed1,195,0.021212633634134836,18.2328482753352,18.254060908969336,1051.8528190706604,0.0,1070.1068799796299,10.786191,1034.929875,0.0,1045.716066
2026-07-16_ttft_component_regression/phase1/input8000_rate2p5_reuse00_seed1,184,0.15709640693688506,14.573803570840974,14.73089997777786,1051.8528190706604,0.0,1066.5837190484383,13.710895,1012.643004,0.0,1026.353899
2026-07-16_ttft_component_regression/phase1/input8000_rate2p5_reuse00_seed1,188,1.3474914663247057,22.78131933276293,24.128810799087635,1051.8528190706604,0.6219117535212935,1076.6035416232694,152.71903600000002,1327.092287,0.625374,1480.436697
2026-07-16_ttft_component_regression/phase1/input8000_rate2p5_reuse00_seed1,206,2778.8531846908827,26.51232620494372,2805.3655108958264,1051.8528190706604,0.0,3857.2183299664866,1640.321665,1024.220211,0.0,2664.541876
2026-07-16_ttft_component_regression/phase1/input8000_rate2p5_reuse00_seed1,232,5038.0865954206065,26.71995615668528,5064.806551577291,1051.8528190706604,0.0,6116.659370647952,4494.017653000001,1042.6116,0.0,5536.629253
2026-07-16_ttft_component_regression/phase1/input8000_rate2p5_reuse00_seed1,216,7040.324696421235,26.53690718298532,7066.86160360422,1051.8528190706604,0.6219117535212935,8119.336334428402,10835.178636999999,1037.180728,0.625374,11872.984739
2026-07-16_ttft_component_regression/phase1/input8000_rate2p5_reuse00_seed1,204,4283.692501876617,22.801231930145924,4306.493733806763,1051.8528190706604,0.6219117535212935,5358.968464630944,11877.555814,1056.478874,0.625374,12934.660062
2026-07-16_ttft_component_regression/phase1/input8000_rate2p5_reuse00_seed1,224,5448.515516288841,26.78663188592724,5475.302148174768,1051.8528190706604,0.0,6527.154967245428,4908.389751000001,1050.65249,0.0,5959.042241
2026-07-16_ttft_component_regression/phase1/input8000_rate2p5_reuse00_seed1,227,6166.121062709768,26.836378006054787,6192.9574407158225,1051.8528190706604,0.6219117535212935,7245.432171540004,13516.757233,1036.478795,0.625374,14553.861402
2026-07-16_ttft_component_regression/phase1/input8000_rate2p5_reuse00_seed1,257,6526.473729146111,26.776520026185363,6553.250249172296,1051.8528190706604,0.0,7605.103068242956,7491.962874000001,1030.270031,0.0,8522.232905
2026-07-16_ttft_component_regression/phase1/input8000_rate2p5_reuse00_seed1,245,4520.6898297969765,26.8461625100342,4547.535992307011,1051.8528190706604,0.0,5599.388811377671,3858.595726,1032.145526,0.0,4890.741252
2026-07-16_ttft_component_regression/phase1/input8000_rate2p5_reuse00_seed1,279,1085.6043117001884,26.71995615668528,1112.3242678568738,1051.8528190706604,0.0,2164.177086927534,899.912143,1028.695796,0.0,1928.607939
2026-07-16_ttft_component_regression/phase1/input8000_rate2p5_reuse00_seed1,274,2668.0182625598213,26.806693862921822,2694.824956422743,1051.8528190706604,0.6219117535212935,3747.299687246925,9800.655036999999,1050.350495,0.625374,10851.630906
2026-07-16_ttft_component_regression/phase1/input8000_rate2p5_reuse00_seed1,15,0.0,12.30734370363997,12.30734370363997,1051.8528190706604,0.0,1064.1601627743005,13.519233,993.504945,0.0,1007.024178
2026-07-16_ttft_component_regression/phase1/input8000_rate2p5_reuse00_seed1,20,0.02849024452449785,16.585665491923788,16.614155736448286,1051.8528190706604,0.0,1068.4669748071087,833.91747,1232.032949,0.0,2065.950419
2026-07-16_ttft_component_regression/phase1/input8000_rate2p5_reuse00_seed1,17,0.023302686105181214,15.068702508346886,15.092005194452067,1051.8528190706604,0.0,1066.9448242651124,518.077493,1283.148079,0.0,1801.225572
2026-07-16_ttft_component_regression/phase1/input8000_rate2p5_reuse00_seed1,2,0.016310573532502905,0.5841515459138523,0.6004621194463552,1051.8528190706604,0.0,1052.4532811901067,0.227588,936.703457,0.0,936.931045
2026-07-16_ttft_component_regression/phase1/input8000_rate2p5_reuse00_seed1,8,0.0,7.437889906091679,7.437889906091679,1051.8528190706604,0.0,1059.290708976752,17.301112,966.317532,0.0,983.618644
2026-07-16_ttft_component_regression/phase1/input8000_rate2p5_reuse00_seed1,52,0.0,17.843923497960407,17.843923497960407,1051.8528190706604,0.0,1069.6967425686207,1.555912,1017.281474,0.0,1018.837386
2026-07-16_ttft_component_regression/phase1/input8000_rate2p5_reuse00_seed1,45,0.0,16.369559057517233,16.369559057517233,1051.8528190706604,0.0,1068.2223781281778,19.451487,1008.307972,0.0,1027.759459
2026-07-16_ttft_component_regression/phase1/input8000_rate2p5_reuse00_seed1,63,0.0,12.302624648549628,12.302624648549628,1051.8528190706604,0.0,1064.15544371921,12.438053,977.276753,0.0,989.714806
2026-07-16_ttft_component_regression/phase1/input8000_rate2p5_reuse00_seed1,78,0.0238949577347811,14.180013575600226,14.203908533335007,1051.8528190706604,0.0,1066.0567276039953,2.772777,997.836942,0.0,1000.609719
2026-07-16_ttft_component_regression/phase1/input8000_rate2p5_reuse00_seed1,102,0.0,17.28706576339063,17.28706576339063,1051.8528190706604,0.0,1069.1398848340511,13.464953,1047.044997,0.0,1060.50995
2026-07-16_ttft_component_regression/phase1/input8000_rate2p5_reuse00_seed1,99,0.0,15.560484935279993,15.560484935279993,1051.8528190706604,0.0,1067.4133040059405,23.342066,1022.468232,0.0,1045.810298
2026-07-16_ttft_component_regression/phase1/input8000_rate2p5_reuse00_seed1,90,0.03815944606604063,14.890897021163434,14.929056467229476,1051.8528190706604,0.0,1066.7818755378898,18.72629,1008.310795,0.0,1027.037085
2026-07-16_ttft_component_regression/phase1/input8000_rate2p5_reuse00_seed1,122,0.0,16.361649037848423,16.361649037848423,1051.8528190706604,0.0,1068.2144681085088,401.425629,1300.925901,0.0,1702.35153
2026-07-16_ttft_component_regression/phase1/input8000_rate2p5_reuse00_seed1,121,0.030485191065555237,15.608539624555785,15.63902481562134,1051.8528190706604,0.0,1067.4918438862817,7.166881,1021.07996,0.0,1028.246841
2026-07-16_ttft_component_regression/phase1/input8000_rate2p5_reuse00_seed1,130,0.0,15.554131534160346,15.554131534160346,1051.8528190706604,0.0,1067.4069506048208,10.732142,1025.287892,0.0,1036.020034
2026-07-16_ttft_component_regression/phase1/input8000_rate2p5_reuse00_seed1,137,0.9708458369064448,25.310544127180226,26.28138996408667,1051.8528190706604,0.6219117535212935,1078.7561207882684,21.354329,1025.322889,0.625374,1047.302592
2026-07-16_ttft_component_regression/phase1/input8000_rate2p5_reuse00_seed1,140,0.18351770739641088,20.79726850382879,20.9807862112252,1051.8528190706604,0.0,1072.8336052818856,16.144222,1026.97794,0.0,1043.122162
2026-07-16_ttft_component_regression/phase1/input8000_rate2p5_reuse00_seed1,183,0.2558120011282752,22.67115592667566,22.926967927803936,1051.8528190706604,0.0,1074.7797869984643,15.014512,1045.94273,0.0,1060.957242
2026-07-16_ttft_component_regression/phase1/input8000_rate2p5_reuse00_seed1,191,1.0781746973506126,26.441728742423184,27.519903439773795,1051.8528190706604,0.6219117535212935,1079.9946342639555,2.8579339999999998,1037.101026,0.625374,1040.584334
2026-07-16_ttft_component_regression/phase1/input8000_rate2p5_reuse00_seed1,168,0.9915962341481633,25.357276255260995,26.348872489409157,1051.8528190706604,0.6219117535212935,1078.8236033135909,8.722638,1030.305054,0.625374,1039.653066
2026-07-16_ttft_component_regression/phase1/input8000_rate2p5_reuse00_seed1,198,1.0880415516893351,26.46723781419518,27.555279365884516,1051.8528190706604,0.6219117535212935,1080.0300101900662,7.480562,1029.805251,0.625374,1037.911187
2026-07-16_ttft_component_regression/phase1/input8000_rate2p5_reuse00_seed1,177,0.0,17.327684587924292,17.327684587924292,1051.8528190706604,0.0,1069.1805036585847,14.722505,1044.254081,0.0,1058.976586
2026-07-16_ttft_component_regression/phase1/input8000_rate2p5_reuse00_seed1,211,2108.204907167291,26.884741532788397,2135.089648700079,1051.8528190706604,0.0,3186.9424677707393,1281.413892,1043.087863,0.0,2324.501755
2026-07-16_ttft_component_regression/phase1/input8000_rate2p5_reuse00_seed1,200,0.9961233947537461,26.836378006054787,27.832501400808532,1051.8528190706604,0.6219117535212935,1080.3072322249902,2.347448,1026.479616,0.625374,1029.452438
2026-07-16_ttft_component_regression/phase1/input8000_rate2p5_reuse00_seed1,214,1660.093058260385,26.889500409718874,1686.982558670104,1051.8528190706604,0.0,2738.8353777407647,1046.157616,1030.234449,0.0,2076.392065
2026-07-16_ttft_component_regression/phase1/input8000_rate2p5_reuse00_seed1,213,2893.464278146744,26.74070902206945,2920.2049871688137,1051.8528190706604,0.6219117535212935,3972.6797179929954,9550.026855,1053.434249,0.625374,10604.086478
2026-07-16_ttft_component_regression/phase1/input8000_rate2p5_reuse00_seed1,234,4978.34218314046,26.730358678465574,5005.072541818926,1051.8528190706604,0.6219117535212935,6057.547272643107,9306.179498,1039.700027,0.625374,10346.504899
2026-07-16_ttft_component_regression/phase1/input8000_rate2p5_reuse00_seed1,255,5907.5016116140505,26.89424505126632,5934.395856665316,1051.8528190706604,0.0,6986.248675735977,5213.643548,1031.95466,0.0,6245.598208
2026-07-16_ttft_component_regression/phase1/input8000_rate2p5_reuse00_seed1,237,4714.865947806706,26.89897542021368,4741.76492322692,1051.8528190706604,0.0,5793.61774229758,3899.670095,1047.719812,0.0,4947.389907
2026-07-16_ttft_component_regression/phase1/input8000_rate2p5_reuse00_seed1,250,4172.39519616398,26.89897542021368,4199.2941715841935,1051.8528190706604,0.0,5251.146990654854,3329.036635,1047.331428,0.0,4376.368063
2026-07-16_ttft_component_regression/phase1/input8000_rate2p5_reuse00_seed1,243,5479.590829099831,26.875181221654277,5506.466010321486,1051.8528190706604,0.6219117535212935,6558.940741145667,12785.312501999999,1035.482929,0.625374,13821.420805
2026-07-16_ttft_component_regression/phase1/input8000_rate2p5_reuse00_seed1,283,0.9009812809582579,25.136560872632,26.03754215359026,1051.8528190706604,0.6219117535212935,1078.512272977772,18.117712,1032.750124,0.625374,1051.49321
2026-07-16_ttft_component_regression/phase1/input8000_rate2p5_reuse00_seed1,288,6786.798166960131,26.389747038633068,6813.187913998764,1051.8528190706604,0.6219117535212935,7865.662644822945,5980.044032,1039.742393,0.625374,7020.411799
2026-07-16_ttft_component_regression/phase1/input8000_rate2p5_reuse00_seed1,295,6628.3994267060825,26.884741532788397,6655.284168238871,1051.8528190706604,0.0,7707.136987309531,1322.392745,1044.519917,0.0,2366.912662
2026-07-16_ttft_component_regression/phase1/input8000_rate2p5_reuse00_seed1,289,7019.876680997575,26.57074796999648,7046.447428967572,1051.8528190706604,0.6219117535212935,8098.922159791753,9551.472338,1045.309317,0.625374,10597.407029
2026-07-16_ttft_component_regression/phase1/input8000_rate2p5_reuse00_seed1,292,6818.907626877694,26.421088906274115,6845.328715783969,1051.8528190706604,0.6219117535212935,7897.80344660815,10352.023405,1037.954734,0.625374,11390.603513
2026-07-16_ttft_component_regression/phase1/input8000_rate2p5_reuse00_seed1,294,6382.671042688764,26.68314072073358,6409.354183409498,1051.8528190706604,0.6219117535212935,7461.828914233679,12835.350763999999,1041.174924,0.625374,13877.151062
2026-07-16_ttft_component_regression/phase1/input8000_rate2p5_reuse00_seed1,1,0.014795141776912936,0.547857475316181,0.562652617093094,1051.8528190706604,0.0,1052.4154716877536,1.748542,936.703457,0.0,938.451999
2026-07-16_ttft_component_regression/phase1/input8000_rate2p5_reuse00_seed1,11,0.0,7.470386375338757,7.470386375338757,1051.8528190706604,0.0,1059.323205445999,13.004385,966.570396,0.0,979.574781
2026-07-16_ttft_component_regression/phase1/input8000_rate2p5_reuse00_seed1,30,0.0,7.465825022679719,7.465825022679719,1051.8528190706604,0.0,1059.31864409334,13.310896,985.480609,0.0,998.791505
2026-07-16_ttft_component_regression/phase1/input8000_rate2p5_reuse00_seed1,31,0.0,12.293903899916149,12.293903899916149,1051.8528190706604,0.0,1064.1467229705765,496.065768,1231.242425,0.0,1727.308193
2026-07-16_ttft_component_regression/phase1/input8000_rate2p5_reuse00_seed1,48,0.0,11.581078268188552,11.581078268188552,1051.8528190706604,0.0,1063.433897338849,11.493985,977.281809,0.0,988.775794
2026-07-16_ttft_component_regression/phase1/input8000_rate2p5_reuse00_seed1,59,0.0,16.36655611449635,16.36655611449635,1051.8528190706604,0.0,1068.2193751851569,553.169687,1264.785055,0.0,1817.954742
2026-07-16_ttft_component_regression/phase1/input8000_rate2p5_reuse00_seed1,56,0.023996584458603584,14.186478774941566,14.210475359400169,1051.8528190706604,0.0,1066.0632944300605,20.100485,986.707607,0.0,1006.808092
2026-07-16_ttft_component_regression/phase1/input8000_rate2p5_reuse00_seed1,58,0.028595659518752026,15.669619057198304,15.698214716717056,1051.8528190706604,0.0,1067.5510337873775,6.503803,1008.801191,0.0,1015.304994
2026-07-16_ttft_component_regression/phase1/input8000_rate2p5_reuse00_seed1,83,0.0,16.36655611449635,16.36655611449635,1051.8528190706604,0.0,1068.2193751851569,22.330817,1014.58418,0.0,1036.914997
2026-07-16_ttft_component_regression/phase1/input8000_rate2p5_reuse00_seed1,97,0.0,15.556723611341248,15.556723611341248,1051.8528190706604,0.0,1067.4095426820018,14.140503,1031.627373,0.0,1045.767876
2026-07-16_ttft_component_regression/phase1/input8000_rate2p5_reuse00_seed1,86,0.0,15.558413494214177,15.558413494214177,1051.8528190706604,0.0,1067.4112325648746,9.78541,1033.749171,0.0,1043.534581
2026-07-16_ttft_component_regression/phase1/input8000_rate2p5_reuse00_seed1,107,0.0,16.36655611449635,16.36655611449635,1051.8528190706604,0.0,1068.2193751851569,1.563043,1032.424187,0.0,1033.98723
2026-07-16_ttft_component_regression/phase1/input8000_rate2p5_reuse00_seed1,149,0.05123970121184036,13.68744698256368,13.73868668377552,1051.8528190706604,0.0,1065.591505754436,230.673926,996.647839,0.0,1227.321765
2026-07-16_ttft_component_regression/phase1/input8000_rate2p5_reuse00_seed1,145,0.0,11.230837805526809,11.230837805526809,1051.8528190706604,0.0,1063.0836568761872,0.616838,985.48126,0.0,986.098098
2026-07-16_ttft_component_regression/phase1/input8000_rate2p5_reuse00_seed1,136,0.9689711613285867,25.306212310902957,26.275183472231543,1051.8528190706604,0.6219117535212935,1078.7499142964132,16.890009,991.588664,0.625374,1009.104047
2026-07-16_ttft_component_regression/phase1/input8000_rate2p5_reuse00_seed1,154,0.03968840221366362,14.84436651734433,14.884054919557993,1051.8528190706604,0.0,1066.7368739902183,5.968252,1016.402747,0.0,1022.370999
2026-07-16_ttft_component_regression/phase1/input8000_rate2p5_reuse00_seed1,170,0.05966842293005187,15.128672184260711,15.188340607190764,1051.8528190706604,0.0,1067.0411596778513,5.440444,1017.808189,0.0,1023.248633
2026-07-16_ttft_component_regression/phase1/input8000_rate2p5_reuse00_seed1,185,1.0821150163481434,26.451971355036374,27.534086371384518,1051.8528190706604,0.6219117535212935,1080.0088171955663,35.965527,1044.618001,0.625374,1081.208902
2026-07-16_ttft_component_regression/phase1/input8000_rate2p5_reuse00_seed1,175,0.0,15.554568453172344,15.554568453172344,1051.8528190706604,0.0,1067.4073875238328,15.559223,1038.396985,0.0,1053.956208
2026-07-16_ttft_component_regression/phase1/input8000_rate2p5_reuse00_seed1,178,0.9652276722509812,25.297507448046773,26.262735120297755,1051.8528190706604,0.6219117535212935,1078.7374659444795,644.667416,1293.923957,0.625374,1939.216747
2026-07-16_ttft_component_regression/phase1/input8000_rate2p5_reuse00_seed1,208,0.020437616022553038,18.22298108283267,18.243418698855223,1051.8528190706604,0.0,1070.0962377695157,20.590483,1040.379515,0.0,1060.969998
2026-07-16_ttft_component_regression/phase1/input8000_rate2p5_reuse00_seed1,242,0.0,18.425166879965225,18.425166879965225,1051.8528190706604,0.0,1070.2779859506256,593.834777,1300.095488,0.0,1893.930265
2026-07-16_ttft_component_regression/phase1/input8000_rate2p5_reuse00_seed1,240,0.0,16.930950854962106,16.930950854962106,1051.8528190706604,0.0,1068.7837699256224,6.761356,1046.516511,0.0,1053.277867
2026-07-16_ttft_component_regression/phase1/input8000_rate2p5_reuse00_seed1,228,0.0,16.930513552341946,16.930513552341946,1051.8528190706604,0.0,1068.7833326230023,16.317359,1036.583395,0.0,1052.900754
2026-07-16_ttft_component_regression/phase1/input8000_rate2p5_reuse00_seed1,225,1.0286372759406521,26.91775342572346,27.946390701664114,1051.8528190706604,0.6219117535212935,1080.4211215258458,17.456116,1008.122591,0.625374,1026.204081
2026-07-16_ttft_component_regression/phase1/input8000_rate2p5_reuse00_seed1,266,0.9961233947537461,26.836378006054787,27.832501400808532,1051.8528190706604,0.6219117535212935,1080.3072322249902,448.171427,1305.195635,0.625374,1753.992436
2026-07-16_ttft_component_regression/phase1/input8000_rate2p5_reuse00_seed1,252,1.0305680413709581,26.922411873479625,27.952979914850584,1051.8528190706604,0.6219117535212935,1080.4277107390324,15.085631,1026.027604,0.625374,1041.738609
2026-07-16_ttft_component_regression/phase1/input8000_rate2p5_reuse00_seed1,263,0.0,18.435137854819356,18.435137854819356,1051.8528190706604,0.0,1070.2879569254799,1.762695,1050.078833,0.0,1051.841528
2026-07-16_ttft_component_regression/phase1/input8000_rate2p5_reuse00_seed1,284,0.23947574880057493,22.541139092783737,22.780614841584313,1051.8528190706604,0.0,1074.6334339122448,21.401858,1050.34917,0.0,1071.751028
2026-07-16_ttft_component_regression/phase1/input8000_rate2p5_reuse00_seed1,5,0.016310573532502905,0.5841515459138523,0.6004621194463552,1051.8528190706604,0.0,1052.4532811901067,0.009088,954.519522,0.0,954.52861
2026-07-16_ttft_component_regression/phase1/input8000_rate2p5_reuse00_seed1,7,0.0,7.433728864228636,7.433728864228636,1051.8528190706604,0.0,1059.286547934889,345.084383,1211.748136,0.0,1556.832519
2026-07-16_ttft_component_regression/phase1/input8000_rate2p5_reuse00_seed1,39,0.023805567710183353,15.103018129694238,15.126823697404422,1051.8528190706604,0.0,1066.9796427680649,20.155717,988.424215,0.0,1008.579932
2026-07-16_ttft_component_regression/phase1/input8000_rate2p5_reuse00_seed1,35,0.0,12.31882768955018,12.31882768955018,1051.8528190706604,0.0,1064.1716467602107,19.081449,979.895793,0.0,998.977242
2026-07-16_ttft_component_regression/phase1/input8000_rate2p5_reuse00_seed1,71,0.0,7.459891677679374,7.459891677679374,1051.8528190706604,0.0,1059.31271074834,4.600418,969.803708,0.0,974.404126
2026-07-16_ttft_component_regression/phase1/input8000_rate2p5_reuse00_seed1,74,0.0,12.287996130720163,12.287996130720163,1051.8528190706604,0.0,1064.1408152013805,0.792577,978.181169,0.0,978.973746
2026-07-16_ttft_component_regression/phase1/input8000_rate2p5_reuse00_seed1,92,0.8297325379844763,24.53524297193659,25.364975509921067,1051.8528190706604,0.6219117535212935,1077.8397063341029,18.663584,978.163825,0.625374,997.452783
2026-07-16_ttft_component_regression/phase1/input8000_rate2p5_reuse00_seed1,105,0.03201841880718674,15.553645653430596,15.585664072237783,1051.8528190706604,0.0,1067.4384831428981,506.624597,1260.522768,0.0,1767.147365
2026-07-16_ttft_component_regression/phase1/input8000_rate2p5_reuse00_seed1,109,0.0,16.35503579070783,16.35503579070783,1051.8528190706604,0.0,1068.2078548613683,1.528758,1022.863313,0.0,1024.392071
2026-07-16_ttft_component_regression/phase1/input8000_rate2p5_reuse00_seed1,114,0.0,18.819889625726756,18.819889625726756,1051.8528190706604,0.0,1070.6727086963872,193.600228,1022.926203,0.0,1216.526431
2026-07-16_ttft_component_regression/phase1/input8000_rate2p5_reuse00_seed1,104,0.0222485248755207,14.077264437959103,14.099512962834623,1051.8528190706604,0.0,1065.952332033495,1.465738,1004.014623,0.0,1005.480361
2026-07-16_ttft_component_regression/phase1/input8000_rate2p5_reuse00_seed1,144,0.06003393755225913,15.116389725643941,15.1764236631962,1051.8528190706604,0.0,1067.0292427338566,0.626553,1023.752426,0.0,1024.378979
2026-07-16_ttft_component_regression/phase1/input8000_rate2p5_reuse00_seed1,171,0.0,15.560893948777071,15.560893948777071,1051.8528190706604,0.0,1067.4137130194374,196.703484,1029.263563,0.0,1225.967047
2026-07-16_ttft_component_regression/phase1/input8000_rate2p5_reuse00_seed1,155,0.0,16.924270446121444,16.924270446121444,1051.8528190706604,0.0,1068.7770895167819,22.584407,1039.822691,0.0,1062.407098
2026-07-16_ttft_component_regression/phase1/input8000_rate2p5_reuse00_seed1,181,0.8902076263804712,25.107395970294313,25.997603596674786,1051.8528190706604,0.6219117535212935,1078.4723344208564,7.629448,1044.206295,0.625374,1052.461117
2026-07-16_ttft_component_regression/phase1/input8000_rate2p5_reuse00_seed1,146,0.0,15.87874931375003,15.87874931375003,1051.8528190706604,0.0,1067.7315683844104,537.444264,1304.78608,0.0,1842.230344
2026-07-16_ttft_component_regression/phase1/input8000_rate2p5_reuse00_seed1,166,0.999918257012074,26.8461625100342,27.846080767046274,1051.8528190706604,0.6219117535212935,1080.320811591228,19.69139,1009.362278,0.625374,1029.679042
2026-07-16_ttft_component_regression/phase1/input8000_rate2p5_reuse00_seed1,169,0.05655475014254297,15.223549832509033,15.280104582651576,1051.8528190706604,0.0,1067.132923653312,18.272953,1007.691535,0.0,1025.964488
2026-07-16_ttft_component_regression/phase1/input8000_rate2p5_reuse00_seed1,173,0.0,302.84514944855096,302.84514944855096,1051.8528190706604,0.0,1354.6979685192114,780.693004,1287.628484,0.0,2068.321488
2026-07-16_ttft_component_regression/phase1/input8000_rate2p5_reuse00_seed1,215,0.26043888217200917,22.70746014941869,22.9678990315907,1051.8528190706604,0.0,1074.820718102251,3.501238,1035.948535,0.0,1039.449773
2026-07-16_ttft_component_regression/phase1/input8000_rate2p5_reuse00_seed1,238,0.09013245504408664,14.778026276900246,14.868158731944332,1051.8528190706604,0.0,1066.7209778026047,1.928684,1017.371022,0.0,1019.299706
2026-07-16_ttft_component_regression/phase1/input8000_rate2p5_reuse00_seed1,239,0.09113473512749454,16.272927997152042,16.364062732279535,1051.8528190706604,0.0,1068.21688180294,719.876274,1270.114827,0.0,1989.991101
2026-07-16_ttft_component_regression/phase1/input8000_rate2p5_reuse00_seed1,253,0.09023770445946609,14.78477952389805,14.875017228357517,1051.8528190706604,0.0,1066.727836299018,6.902995,994.910983,0.0,1001.813978
2026-07-16_ttft_component_regression/phase1/input8000_rate2p5_reuse00_seed1,272,0.0,16.931820081557476,16.931820081557476,1051.8528190706604,0.0,1068.784639152218,5.368962,1032.27062,0.0,1037.639582
2026-07-16_ttft_component_regression/phase1/input8000_rate2p5_reuse00_seed1,270,0.16037150498199776,16.053549433688556,16.213920938670555,1051.8528190706604,0.0,1068.066740009331,21.778668,1011.750664,0.0,1033.529332
2026-07-16_ttft_component_regression/phase1/input8000_rate2p5_reuse00_seed1,275,0.0,18.435137854819356,18.435137854819356,1051.8528190706604,0.0,1070.2879569254799,411.316921,1310.763974,0.0,1722.080895
2026-07-16_ttft_component_regression/phase1/input8000_rate2p5_reuse00_seed1,296,0.0,16.926948009394934,16.926948009394934,1051.8528190706604,0.0,1068.7797670800553,6.840793,1015.109434,0.0,1021.950227
2026-07-16_ttft_component_regression/phase1/input8000_rate2p5_reuse00_seed1,14,0.01489521297141774,0.5501563904231381,0.5650516033945558,1051.8528190706604,0.0,1052.417870674055,0.016915,954.519522,0.0,954.536437
2026-07-16_ttft_component_regression/phase1/input8000_rate2p5_reuse00_seed1,18,0.0,7.468126569404398,7.468126569404398,1051.8528190706604,0.0,1059.3209456400648,332.846174,1211.748136,0.0,1544.59431
2026-07-16_ttft_component_regression/phase1/input8000_rate2p5_reuse00_seed1,33,0.0,12.279368319292297,12.279368319292297,1051.8528190706604,0.0,1064.1321873899526,0.985332,978.535377,0.0,979.520709
2026-07-16_ttft_component_regression/phase1/input8000_rate2p5_reuse00_seed1,50,0.022663630006538937,14.102826854613772,14.125490484620311,1051.8528190706604,0.0,1065.9783095552807,397.058645,1244.370689,0.0,1641.429334
2026-07-16_ttft_component_regression/phase1/input8000_rate2p5_reuse00_seed1,41,0.0,11.570242557603319,11.570242557603319,1051.8528190706604,0.0,1063.4230616282637,5.859425,978.145009,0.0,984.004434
2026-07-16_ttft_component_regression/phase1/input8000_rate2p5_reuse00_seed1,49,0.0,11.58009645036273,11.58009645036273,1051.8528190706604,0.0,1063.4329155210232,7.978225,993.627025,0.0,1001.60525
2026-07-16_ttft_component_regression/phase1/input8000_rate2p5_reuse00_seed1,73,0.022897514588084766,15.041342963442323,15.064240478030408,1051.8528190706604,0.0,1066.9170595486908,16.841727,988.514551,0.0,1005.356278
2026-07-16_ttft_component_regression/phase1/input8000_rate2p5_reuse00_seed1,88,0.036550677922205795,14.935968115678323,14.972518793600528,1051.8528190706604,0.0,1066.825337864261,215.95868,1324.320164,0.0,1540.278844
2026-07-16_ttft_component_regression/phase1/input8000_rate2p5_reuse00_seed1,76,0.027593637110537052,16.615470172982292,16.64306381009283,1051.8528190706604,0.0,1068.4958828807532,14.043528,994.499174,0.0,1008.542702
2026-07-16_ttft_component_regression/phase1/input8000_rate2p5_reuse00_seed1,87,0.03570047064947939,13.62356223193814,13.659262702587618,1051.8528190706604,0.0,1065.512081773248,7.084377,1011.478341,0.0,1018.562718
2026-07-16_ttft_component_regression/phase1/input8000_rate2p5_reuse00_seed1,89,0.0,299.32091548712066,299.32091548712066,1051.8528190706604,0.0,1351.173734557781,1196.586408,1270.699692,0.0,2467.2861
2026-07-16_ttft_component_regression/phase1/input8000_rate2p5_reuse00_seed1,126,0.0,17.869424773743983,17.869424773743983,1051.8528190706604,0.0,1069.7222438444044,4.590611,1023.589179,0.0,1028.17979
2026-07-16_ttft_component_regression/phase1/input8000_rate2p5_reuse00_seed1,113,0.0,17.363718232377277,17.363718232377277,1051.8528190706604,0.0,1069.2165373030377,9.128304,1026.883435,0.0,1036.011739
2026-07-16_ttft_component_regression/phase1/input8000_rate2p5_reuse00_seed1,132,0.19570325863063884,20.89093185140014,21.08663511003078,1051.8528190706604,0.0,1072.9394541806912,5.78684,1053.662071,0.0,1059.448911
2026-07-16_ttft_component_regression/phase1/input8000_rate2p5_reuse00_seed1,141,0.1878366012455337,20.830651913348618,21.01848851459415,1051.8528190706604,0.0,1072.8713075852545,18.732079,1051.468822,0.0,1070.200901
2026-07-16_ttft_component_regression/phase1/input8000_rate2p5_reuse00_seed1,156,0.18437855348555365,20.80393897240957,20.988317525895123,1051.8528190706604,0.0,1072.8411365965555,3.323317,1045.769508,0.0,1049.092825
2026-07-16_ttft_component_regression/phase1/input8000_rate2p5_reuse00_seed1,150,0.0,17.310631941027086,17.310631941027086,1051.8528190706604,0.0,1069.1634510116876,21.896272,1036.23932,0.0,1058.135592
2026-07-16_ttft_component_regression/phase1/input8000_rate2p5_reuse00_seed1,174,0.0,16.8983429627477,16.8983429627477,1051.8528190706604,0.0,1068.751162033408,1.965232,1044.241976,0.0,1046.207208
2026-07-16_ttft_component_regression/phase1/input8000_rate2p5_reuse00_seed1,190,163.1831868902456,26.43143449472731,189.6146213849729,1051.8528190706604,0.0,1241.4674404556333,196.290843,1043.508995,0.0,1239.799838
2026-07-16_ttft_component_regression/phase1/input8000_rate2p5_reuse00_seed1,180,0.17330149612877946,20.717474704383005,20.890776200511784,1051.8528190706604,0.0,1072.7435952711721,25.453027,1043.568905,0.0,1069.021932
2026-07-16_ttft_component_regression/phase1/input8000_rate2p5_reuse00_seed1,223,0.08831625623196278,14.663969290617212,14.752285546849174,1051.8528190706604,0.0,1066.6051046175096,1.830265,997.409589,0.0,999.239854
2026-07-16_ttft_component_regression/phase1/input8000_rate2p5_reuse00_seed1,210,0.16170211863023137,16.016992832737195,16.178694951367426,1051.8528190706604,0.0,1068.0315140220277,22.029127,1003.349859,0.0,1025.378986
2026-07-16_ttft_component_regression/phase1/input8000_rate2p5_reuse00_seed1,231,0.08842445264799643,14.670638298900592,14.759062751548589,1051.8528190706604,0.0,1066.611881822209,8.399116,1032.902067,0.0,1041.301183
2026-07-16_ttft_component_regression/phase1/input8000_rate2p5_reuse00_seed1,233,0.09517000940392684,16.153885841628423,16.24905585103235,1051.8528190706604,0.0,1068.1018749216928,146.730778,1282.360717,0.0,1429.091495
2026-07-16_ttft_component_regression/phase1/input8000_rate2p5_reuse00_seed1,246,0.0,16.922785179974404,16.922785179974404,1051.8528190706604,0.0,1068.7756042506348,20.121774,1024.755497,0.0,1044.877271
2026-07-16_ttft_component_regression/phase1/input8000_rate2p5_reuse00_seed1,251,0.0,18.389152666816486,18.389152666816486,1051.8528190706604,0.0,1070.241971737477,152.934118,1021.869772,0.0,1174.80389
2026-07-16_ttft_component_regression/phase1/input8000_rate2p5_reuse00_seed1,261,0.0,18.357445772453154,18.357445772453154,1051.8528190706604,0.0,1070.2102648431135,19.760054,1024.862637,0.0,1044.622691
2026-07-16_ttft_component_regression/phase1/input8000_rate2p5_reuse00_seed1,299,0.148513347627541,0.5314353513053264,0.6799486989328674,1051.8528190706604,0.0,1052.5327677695932,0.00203,947.953218,0.0,947.955248
2026-07-16_ttft_component_regression/phase1/input8000_rate2p5_reuse00_seed1,69,0.0,7.0079180794143685,7.0079180794143685,1051.8528190706604,0.0,1058.8607371500748,10.848723,966.255388,0.0,977.104111
2026-07-16_ttft_component_regression/phase1/input8000_rate2p5_reuse00_seed1,64,0.015763614886052272,0.5706649621415996,0.5864285770276518,1051.8528190706604,0.0,1052.439247647688,0.026205,936.703457,0.0,936.729662
2026-07-16_ttft_component_regression/phase1/input8000_rate2p5_reuse00_seed1,91,0.0,10.98668269930938,10.98668269930938,1051.8528190706604,0.0,1062.8395017699697,7.396894,979.402577,0.0,986.799471
2026-07-16_ttft_component_regression/phase1/input8000_rate2p5_reuse00_seed1,103,0.0,10.98668269930938,10.98668269930938,1051.8528190706604,0.0,1062.8395017699697,6.867609,978.400305,0.0,985.267914
2026-07-16_ttft_component_regression/phase1/input8000_rate2p5_reuse00_seed1,106,0.021516775897483343,14.032737221284354,14.054253997181837,1051.8528190706604,0.0,1065.9070730678422,0.793476,987.055415,0.0,987.848891
2026-07-16_ttft_component_regression/phase1/input8000_rate2p5_reuse00_seed1,116,0.020835762268632492,14.905841413369068,14.9266771756377,1051.8528190706604,0.0,1066.779496246298,1.409754,985.962679,0.0,987.372433
2026-07-16_ttft_component_regression/phase1/input8000_rate2p5_reuse00_seed1,131,0.0,15.551015968329372,15.551015968329372,1051.8528190706604,0.0,1067.4038350389899,20.073578,1005.524644,0.0,1025.598222
2026-07-16_ttft_component_regression/phase1/input8000_rate2p5_reuse00_seed1,125,0.031323097118609214,15.579208783168548,15.610531880287157,1051.8528190706604,0.0,1067.4633509509476,10.143405,993.688614,0.0,1003.832019
2026-07-16_ttft_component_regression/phase1/input8000_rate2p5_reuse00_seed1,143,0.0,15.87290370398738,15.87290370398738,1051.8528190706604,0.0,1067.7257227746477,16.164959,1011.778055,0.0,1027.943014
2026-07-16_ttft_component_regression/phase1/input8000_rate2p5_reuse00_seed1,151,0.0,15.878311875725403,15.878311875725403,1051.8528190706604,0.0,1067.7311309463857,9.425975,1022.161331,0.0,1031.587306
2026-07-16_ttft_component_regression/phase1/input8000_rate2p5_reuse00_seed1,157,0.0,15.885086965729831,15.885086965729831,1051.8528190706604,0.0,1067.7379060363903,16.2858,1018.860533,0.0,1035.146333
2026-07-16_ttft_component_regression/phase1/input8000_rate2p5_reuse00_seed1,192,0.09730690754130884,11.871784984657792,11.969091892199101,1051.8528190706604,0.0,1063.8219109628594,7.679614,985.310887,0.0,992.990501
2026-07-16_ttft_component_regression/phase1/input8000_rate2p5_reuse00_seed1,212,0.08949717603441239,14.737607607050963,14.827104783085375,1051.8528190706604,0.0,1066.6799238537458,5.081381,1000.183192,0.0,1005.264573
2026-07-16_ttft_component_regression/phase1/input8000_rate2p5_reuse00_seed1,205,0.26556756336981235,12.470094426035477,12.735661989405289,1051.8528190706604,0.0,1064.5884810600658,20.9261,1001.769374,0.0,1022.695474
2026-07-16_ttft_component_regression/phase1/input8000_rate2p5_reuse00_seed1,219,0.1557271319612978,14.49433723984182,14.650064371803118,1051.8528190706604,0.0,1066.5028834424636,13.741061,1017.359422,0.0,1031.100483
2026-07-16_ttft_component_regression/phase1/input8000_rate2p5_reuse00_seed1,244,0.09517000940392684,16.153885841628423,16.24905585103235,1051.8528190706604,0.0,1068.1018749216928,20.389632,1009.062621,0.0,1029.452253
2026-07-16_ttft_component_regression/phase1/input8000_rate2p5_reuse00_seed1,259,0.09464270778365202,16.17085457682784,16.26549728461149,1051.8528190706604,0.0,1068.1183163552719,6.940436,1002.411724,0.0,1009.35216
2026-07-16_ttft_component_regression/phase1/input8000_rate2p5_reuse00_seed1,267,0.16126412426903577,16.02927590630692,16.190540030575956,1051.8528190706604,0.0,1068.0433591012363,4.53244,1022.266928,0.0,1026.799368
2026-07-16_ttft_component_regression/phase1/input8000_rate2p5_reuse00_seed1,268,0.04152886201946674,16.747298005528577,16.788826867548043,1051.8528190706604,0.0,1068.6416459382085,256.991431,1290.427566,0.0,1547.418997
2026-07-16_ttft_component_regression/phase1/input8000_rate2p5_reuse00_seed1,287,0.04053103494116255,16.749377175735717,16.78990821067688,1051.8528190706604,0.0,1068.6427272813373,52.760682,1026.121534,0.0,1078.882216
2026-07-16_ttft_component_regression/phase1/input8000_rate2p5_reuse00_seed1,285,0.15961098046626612,16.073480688778016,16.23309166924428,1051.8528190706604,0.0,1068.0859107399046,13.685306,1025.861087,0.0,1039.546393
2026-07-16_ttft_component_regression/phase1/input8000_rate2p5_reuse00_seed1,293,0.0,18.490109606705744,18.490109606705744,1051.8528190706604,0.0,1070.3429286773662,7.171551,1030.895528,0.0,1038.067079
2026-07-16_ttft_component_regression/phase1/input8000_rate2p5_reuse00_seed1,10,0.0,7.452441768931685,7.452441768931685,1051.8528190706604,0.0,1059.3052608395922,7.450915,966.514748,0.0,973.965663
2026-07-16_ttft_component_regression/phase1/input8000_rate2p5_reuse00_seed1,13,0.0,12.29494142708259,12.29494142708259,1051.8528190706604,0.0,1064.147760497743,5.14864,993.494641,0.0,998.643281
2026-07-16_ttft_component_regression/phase1/input8000_rate2p5_reuse00_seed1,0,0.016310573532502905,0.5841515459138523,0.6004621194463552,1051.8528190706604,0.0,1052.4532811901067,0.0,936.703457,0.0,936.703457
2026-07-16_ttft_component_regression/phase1/input8000_rate2p5_reuse00_seed1,16,0.023302686105181214,15.068702508346886,15.092005194452067,1051.8528190706604,0.0,1066.9448242651124,417.59275,1244.242113,0.0,1661.834863
2026-07-16_ttft_component_regression/phase1/input8000_rate2p5_reuse00_seed1,43,0.0,11.592814612641659,11.592814612641659,1051.8528190706604,0.0,1063.445633683302,16.749221,997.204945,0.0,1013.954166
2026-07-16_ttft_component_regression/phase1/input8000_rate2p5_reuse00_seed1,53,0.0,16.361649037848423,16.361649037848423,1051.8528190706604,0.0,1068.2144681085088,615.390469,1232.498482,0.0,1847.888951
2026-07-16_ttft_component_regression/phase1/input8000_rate2p5_reuse00_seed1,44,0.023996584458603584,14.186478774941566,14.210475359400169,1051.8528190706604,0.0,1066.0632944300605,579.515317,1286.786639,0.0,1866.301956
2026-07-16_ttft_component_regression/phase1/input8000_rate2p5_reuse00_seed1,47,0.029993705257776542,331.04794626069383,331.0779399659516,1051.8528190706604,0.0,1382.930759036612,1457.087854,1300.829718,0.0,2757.917572
2026-07-16_ttft_component_regression/phase1/input8000_rate2p5_reuse00_seed1,61,0.0,17.339261013631724,17.339261013631724,1051.8528190706604,0.0,1069.1920800842922,5.572575,1008.839545,0.0,1014.41212
2026-07-16_ttft_component_regression/phase1/input8000_rate2p5_reuse00_seed1,77,0.14672441782191475,22.936992706911255,23.08371712473317,1051.8528190706604,0.0,1074.9365361953935,23.865061,1026.330295,0.0,1050.195356
2026-07-16_ttft_component_regression/phase1/input8000_rate2p5_reuse00_seed1,65,0.0,18.83136303445549,18.83136303445549,1051.8528190706604,0.0,1070.684182105116,228.519831,1023.248503,0.0,1251.768334
2026-07-16_ttft_component_regression/phase1/input8000_rate2p5_reuse00_seed1,67,0.1598415100900115,23.053922345049564,23.213763855139575,1051.8528190706604,0.0,1075.0665829258,14.696023,1030.13243,0.0,1044.828453
2026-07-16_ttft_component_regression/phase1/input8000_rate2p5_reuse00_seed1,118,0.0,17.35777338345367,17.35777338345367,1051.8528190706604,0.0,1069.210592454114,15.910094,1012.064201,0.0,1027.974295
2026-07-16_ttft_component_regression/phase1/input8000_rate2p5_reuse00_seed1,100,0.1593112082142291,21.748478874856414,21.907790083070644,1051.8528190706604,0.0,1073.7606091537311,9.426591,1052.996714,0.0,1062.423305
2026-07-16_ttft_component_regression/phase1/input8000_rate2p5_reuse00_seed1,127,0.028465243717650218,15.673605690694972,15.702070934412621,1051.8528190706604,0.0,1067.554890005073,17.499137,1025.215573,0.0,1042.71471
2026-07-16_ttft_component_regression/phase1/input8000_rate2p5_reuse00_seed1,110,0.02726716867262452,15.70900922837998,15.736276397052604,1051.8528190706604,0.0,1067.589095467713,17.262065,1024.003432,0.0,1041.265497
2026-07-16_ttft_component_regression/phase1/input8000_rate2p5_reuse00_seed1,148,0.19044556119045009,20.85071863310482,21.04116419429527,1051.8528190706604,0.0,1072.8939832649558,10.676442,1024.900993,0.0,1035.577435
2026-07-16_ttft_component_regression/phase1/input8000_rate2p5_reuse00_seed1,135,0.0,15.885902139206305,15.885902139206305,1051.8528190706604,0.0,1067.7387212098668,533.815048,1291.278308,0.0,1825.093356
2026-07-16_ttft_component_regression/phase1/input8000_rate2p5_reuse00_seed1,134,0.05709652482289283,15.208151484029896,15.265248008852788,1051.8528190706604,0.0,1067.1180670795131,4.228589,1039.782936,0.0,1044.011525
2026-07-16_ttft_component_regression/phase1/input8000_rate2p5_reuse00_seed1,142,0.0,17.330158649576536,17.330158649576536,1051.8528190706604,0.0,1069.182977720237,22.947751,1028.271397,0.0,1051.219148
2026-07-16_ttft_component_regression/phase1/input8000_rate2p5_reuse00_seed1,176,0.1809439514701708,20.777276083073158,20.958220034543327,1051.8528190706604,0.0,1072.8110391052037,161.330747,1041.834072,0.0,1203.164819
2026-07-16_ttft_component_regression/phase1/input8000_rate2p5_reuse00_seed1,172,0.0,16.95146885841922,16.95146885841922,1051.8528190706604,0.0,1068.8042879290797,10.206334,1042.894025,0.0,1053.100359
2026-07-16_ttft_component_regression/phase1/input8000_rate2p5_reuse00_seed1,182,1281.3665345684462,26.826538198350008,1308.1930727667961,1051.8528190706604,0.0,2360.0458918374566,1319.190558,1038.947668,0.0,2358.138226
2026-07-16_ttft_component_regression/phase1/input8000_rate2p5_reuse00_seed1,222,0.08874804874146111,14.690676122513816,14.779424171255277,1051.8528190706604,0.0,1066.6322432419156,238.089015,1256.065635,0.0,1494.15465
2026-07-16_ttft_component_regression/phase1/input8000_rate2p5_reuse00_seed1,220,0.09707016002420929,11.866879157770683,11.963949317794892,1051.8528190706604,0.0,1063.8167683884553,13.166708,1012.379554,0.0,1025.546262
2026-07-16_ttft_component_regression/phase1/input8000_rate2p5_reuse00_seed1,260,0.03260109260669622,11.994093809665198,12.026694902271895,1051.8528190706604,0.0,1063.8795139729323,12.414241,994.772689,0.0,1007.18693
2026-07-16_ttft_component_regression/phase1/input8000_rate2p5_reuse00_seed1,273,0.03260109260669622,11.994093809665198,12.026694902271895,1051.8528190706604,0.0,1063.8795139729323,5.73657,993.556055,0.0,999.292625
2026-07-16_ttft_component_regression/phase1/input8000_rate2p5_reuse00_seed1,282,0.0,11.231819902764975,11.231819902764975,1051.8528190706604,0.0,1063.0846389734254,12.182962,989.355896,0.0,1001.538858
2026-07-16_ttft_component_regression/phase1/input8000_rate2p5_reuse00_seed1,9,0.0,12.300354549841627,12.300354549841627,1051.8528190706604,0.0,1064.153173620502,13.893999,1210.954922,0.0,1224.848921
2026-07-16_ttft_component_regression/phase1/input8000_rate2p5_reuse00_seed1,6,0.0,7.443311680179385,7.443311680179385,1051.8528190706604,0.0,1059.29613075084,94.735209,1254.627475,0.0,1349.362684
2026-07-16_ttft_component_regression/phase1/input8000_rate2p5_reuse00_seed1,3,0.016310573532502905,0.5841515459138523,0.6004621194463552,1051.8528190706604,0.0,1052.4532811901067,0.001202,954.519522,0.0,954.520724
2026-07-16_ttft_component_regression/phase1/input8000_rate2p5_reuse00_seed1,25,0.02259200606745088,15.02087856334951,15.04347056941696,1051.8528190706604,0.0,1066.8962896400774,15.595009,986.281143,0.0,1001.876152
2026-07-16_ttft_component_regression/phase1/input8000_rate2p5_reuse00_seed1,26,0.029236965363347335,16.55967821429484,16.588915179658187,1051.8528190706604,0.0,1068.4417342503186,9.237065,992.804326,0.0,1002.041391
2026-07-16_ttft_component_regression/phase1/input8000_rate2p5_reuse00_seed1,27,0.0,17.3524112658424,17.3524112658424,1051.8528190706604,0.0,1069.2052303365028,149.950431,1003.912804,0.0,1153.863235
2026-07-16_ttft_component_regression/phase1/input8000_rate2p5_reuse00_seed1,38,0.0,18.88216199677373,18.88216199677373,1051.8528190706604,0.0,1070.734981067434,17.54656,1015.193922,0.0,1032.740482
2026-07-16_ttft_component_regression/phase1/input8000_rate2p5_reuse00_seed1,40,0.17761627516761214,23.208861850312477,23.38647812548009,1051.8528190706604,0.0,1075.2392971961406,3.369186,1022.571057,0.0,1025.940243
2026-07-16_ttft_component_regression/phase1/input8000_rate2p5_reuse00_seed1,66,0.026803765210981226,16.64057926158575,16.66738302679673,1051.8528190706604,0.0,1068.520202097457,10.599256,1021.193719,0.0,1031.792975
2026-07-16_ttft_component_regression/phase1/input8000_rate2p5_reuse00_seed1,68,0.0,16.375315209645287,16.375315209645287,1051.8528190706604,0.0,1068.2281342803058,605.668266,1288.310065,0.0,1893.978331
2026-07-16_ttft_component_regression/phase1/input8000_rate2p5_reuse00_seed1,75,0.0,17.365362462272497,17.365362462272497,1051.8528190706604,0.0,1069.218181532933,8.0175,1033.374063,0.0,1041.391563
2026-07-16_ttft_component_regression/phase1/input8000_rate2p5_reuse00_seed1,98,0.0,16.987314721298336,16.987314721298336,1051.8528190706604,0.0,1068.8401337919588,106.125278,1343.065804,0.0,1449.191082
2026-07-16_ttft_component_regression/phase1/input8000_rate2p5_reuse00_seed1,85,0.0,15.569490026759274,15.569490026759274,1051.8528190706604,0.0,1067.4223090974197,14.026039,1034.482907,0.0,1048.508946
2026-07-16_ttft_component_regression/phase1/input8000_rate2p5_reuse00_seed1,93,0.0,15.569490026759274,15.569490026759274,1051.8528190706604,0.0,1067.4223090974197,15.363307,1047.970865,0.0,1063.334172
2026-07-16_ttft_component_regression/phase1/input8000_rate2p5_reuse00_seed1,120,0.18194269598493593,23.245976491320302,23.42791918730524,1051.8528190706604,0.0,1075.2807382579656,24.28891,1043.820257,0.0,1068.109167
2026-07-16_ttft_component_regression/phase1/input8000_rate2p5_reuse00_seed1,101,0.8753219077116535,24.660750119783266,25.53607202749492,1051.8528190706604,0.6219117535212935,1078.0108028516765,72.200923,1287.936052,0.625374,1360.762349
2026-07-16_ttft_component_regression/phase1/input8000_rate2p5_reuse00_seed1,129,3104.272483380095,24.715887593984352,3128.9883709740793,1051.8528190706604,0.0,4180.84119004474,2014.59602,1056.288436,0.0,3070.884456
2026-07-16_ttft_component_regression/phase1/input8000_rate2p5_reuse00_seed1,161,0.937400610765919,25.230495490554624,26.167896101320544,1051.8528190706604,0.6219117535212935,1078.6426269255023,158.934123,1045.653123,0.625374,1205.21262
2026-07-16_ttft_component_regression/phase1/input8000_rate2p5_reuse00_seed1,147,0.0,17.271114541812825,17.271114541812825,1051.8528190706604,0.0,1069.1239336124731,22.292999,1026.61182,0.0,1048.904819
2026-07-16_ttft_component_regression/phase1/input8000_rate2p5_reuse00_seed1,162,0.937400610765919,25.230495490554624,26.167896101320544,1051.8528190706604,0.6219117535212935,1078.6426269255023,913.007455,1296.310825,0.625374,2209.943654
2026-07-16_ttft_component_regression/phase1/input8000_rate2p5_reuse00_seed1,153,0.9503318723283394,25.262143397174153,26.21247526950249,1051.8528190706604,0.6219117535212935,1078.6872060936842,18.636392,1042.349888,0.625374,1061.611654
2026-07-16_ttft_component_regression/phase1/input8000_rate2p5_reuse00_seed1,159,0.9521870091147299,25.26661118809393,26.21879819720866,1051.8528190706604,0.6219117535212935,1078.6935290213903,12.687968,1026.380442,0.625374,1039.693784
2026-07-16_ttft_component_regression/phase1/input8000_rate2p5_reuse00_seed1,187,0.11586475365780603,15.563873634563592,15.679738388221399,1051.8528190706604,0.0,1067.532557458882,24.292826,1026.620124,0.0,1050.91295
2026-07-16_ttft_component_regression/phase1/input8000_rate2p5_reuse00_seed1,194,1.1179634539339494,26.541782700878983,27.659746154812932,1051.8528190706604,0.6219117535212935,1080.1344769789946,23.469673999999998,1034.896913,0.625374,1058.991961
2026-07-16_ttft_component_regression/phase1/input8000_rate2p5_reuse00_seed1,202,0.32210489876949144,22.338878795312898,22.66098369408239,1051.8528190706604,0.0,1074.5138027647429,9.916784,1036.885912,0.0,1046.802696
2026-07-16_ttft_component_regression/phase1/input8000_rate2p5_reuse00_seed1,209,6597.48258664781,26.497416233253535,6623.980002881064,1051.8528190706604,0.0,7675.832821951724,5914.893413000001,1039.128418,0.0,6954.021831
2026-07-16_ttft_component_regression/phase1/input8000_rate2p5_reuse00_seed1,218,5341.353836850083,26.561147952204127,5367.914984802287,1051.8528190706604,0.0,6419.767803872947,4089.0652760000003,1318.670032,0.0,5407.735308
2026-07-16_ttft_component_regression/phase1/input8000_rate2p5_reuse00_seed1,217,5078.408877177275,26.561147952204127,5104.970025129479,1051.8528190706604,0.0,6156.822844200139,3561.1714420000003,1066.490116,0.0,4627.661558
2026-07-16_ttft_component_regression/phase1/input8000_rate2p5_reuse00_seed1,236,4898.562240097613,26.85103393006533,4925.413274027678,1051.8528190706604,0.0,5977.266093098338,4148.327701,1033.490202,0.0,5181.817903
2026-07-16_ttft_component_regression/phase1/input8000_rate2p5_reuse00_seed1,235,1811.5283459755208,26.879968457693543,1838.4083144332144,1051.8528190706604,0.0,2890.2611335038746,1331.218355,1039.188823,0.0,2370.407178
2026-07-16_ttft_component_regression/phase1/input8000_rate2p5_reuse00_seed1,249,6117.49034791908,26.8461625100342,6144.336510429114,1051.8528190706604,0.0,7196.189329499774,6087.191476,1049.017969,0.0,7136.209445
2026-07-16_ttft_component_regression/phase1/input8000_rate2p5_reuse00_seed1,248,4045.577982987782,26.884741532788397,4072.46272452057,1051.8528190706604,0.0,5124.31554359123,3231.066541,1048.608735,0.0,4279.675276
2026-07-16_ttft_component_regression/phase1/input8000_rate2p5_reuse00_seed1,241,5105.675150825106,26.879968457693543,5132.5551192828,1051.8528190706604,0.0,6184.40793835346,4702.100101,1024.41631,0.0,5726.516411
2026-07-16_ttft_component_regression/phase1/input8000_rate2p5_reuse00_seed1,278,5490.767824497945,26.931685244207987,5517.699509742153,1051.8528190706604,0.0,6569.552328812813,4708.589972,1053.20446,0.0,5761.794432
2026-07-16_ttft_component_regression/phase1/input8000_rate2p5_reuse00_seed1,280,8471.701351029336,27.003749105969618,8498.705100135307,1051.8528190706604,0.0,9550.557919205967,10363.178383999999,1039.400495,0.0,11402.578879
2026-07-16_ttft_component_regression/phase1/input8000_rate2p5_reuse00_seed1,4,0.016310573532502905,0.5841515459138523,0.6004621194463552,1051.8528190706604,0.0,1052.4532811901067,0.017498,936.703457,0.0,936.720955
2026-07-16_ttft_component_regression/phase1/input8000_rate2p5_reuse00_seed1,22,0.0,7.43925899933839,7.43925899933839,1051.8528190706604,0.0,1059.2920780699988,12.707641,967.212636,0.0,979.920277
2026-07-16_ttft_component_regression/phase1/input8000_rate2p5_reuse00_seed1,28,0.0,12.304954419836323,12.304954419836323,1051.8528190706604,0.0,1064.1577734904968,5.204962,977.739025,0.0,982.943987
2026-07-16_ttft_component_regression/phase1/input8000_rate2p5_reuse00_seed1,36,0.02810930533676548,16.59850649210987,16.626615797446636,1051.8528190706604,0.0,1068.479434868107,12.686107,993.460294,0.0,1006.146401
2026-07-16_ttft_component_regression/phase1/input8000_rate2p5_reuse00_seed1,46,0.0,16.363909265884892,16.363909265884892,1051.8528190706604,0.0,1068.2167283365452,0.282649,1005.797732,0.0,1006.080381
2026-07-16_ttft_component_regression/phase1/input8000_rate2p5_reuse00_seed1,32,0.02360489979342374,15.089276562665617,15.112881462459042,1051.8528190706604,0.0,1066.9657005331194,14.1191,987.120727,0.0,1001.239827
2026-07-16_ttft_component_regression/phase1/input8000_rate2p5_reuse00_seed1,51,0.0,17.791206536106834,17.791206536106834,1051.8528190706604,0.0,1069.6440256067672,7.945721,1014.869378,0.0,1022.815099
2026-07-16_ttft_component_regression/phase1/input8000_rate2p5_reuse00_seed1,54,0.1590109610545406,23.046584585090326,23.205595546144867,1051.8528190706604,0.0,1075.0584146168053,13.500923,1022.387409,0.0,1035.888332
2026-07-16_ttft_component_regression/phase1/input8000_rate2p5_reuse00_seed1,80,0.032470025908910474,15.536385897946701,15.568855923855612,1051.8528190706604,0.0,1067.421674994516,4.027607,1022.246816,0.0,1026.274423
2026-07-16_ttft_component_regression/phase1/input8000_rate2p5_reuse00_seed1,94,0.0,11.010754181169927,11.010754181169927,1051.8528190706604,0.0,1062.8635732518303,5.250984,1023.128261,0.0,1028.379245
2026-07-16_ttft_component_regression/phase1/input8000_rate2p5_reuse00_seed1,95,0.9203786194294523,24.773537207105395,25.693915826534848,1051.8528190706604,0.6219117535212935,1078.1686466507165,670.087978,1273.818341,0.625374,1944.531693
2026-07-16_ttft_component_regression/phase1/input8000_rate2p5_reuse00_seed1,81,0.0,16.36568153517949,16.36568153517949,1051.8528190706604,0.0,1068.2185006058398,356.183244,1283.77924,0.0,1639.962484
2026-07-16_ttft_component_regression/phase1/input8000_rate2p5_reuse00_seed1,124,0.8849264419480796,25.983764268984896,26.868690710932974,1051.8528190706604,0.6219117535212935,1079.3434215351147,556.670373,1303.36314,0.625374,1860.658887
2026-07-16_ttft_component_regression/phase1/input8000_rate2p5_reuse00_seed1,123,0.8849264419480796,25.983764268984896,26.868690710932974,1051.8528190706604,0.6219117535212935,1079.3434215351147,18.898502,1048.162901,0.625374,1067.686777
2026-07-16_ttft_component_regression/phase1/input8000_rate2p5_reuse00_seed1,133,0.8753219077116535,447.8889257936705,448.7642477013822,1051.8528190706604,0.6219117535212935,1501.2389785255639,24.127826,1024.384284,0.625374,1049.137484
2026-07-16_ttft_component_regression/phase1/input8000_rate2p5_reuse00_seed1,115,0.025166529587643822,16.68959497294087,16.714761502528514,1051.8528190706604,0.0,1068.567580573189,6.066349,1016.875611,0.0,1022.94196
2026-07-16_ttft_component_regression/phase1/input8000_rate2p5_reuse00_seed1,128,0.9029278369250856,26.030067785786528,26.932995622711612,1051.8528190706604,0.6219117535212935,1079.4077264468933,24.279905,1028.773986,0.625374,1053.679265
2026-07-16_ttft_component_regression/phase1/input8000_rate2p5_reuse00_seed1,163,3002.9682568294393,485.86169996006447,3488.8299567895037,1051.8528190706604,0.6219117535212935,4541.304687613685,2028.494635,1034.742703,0.625374,3063.862712
2026-07-16_ttft_component_regression/phase1/input8000_rate2p5_reuse00_seed1,152,220.95410494270166,25.310544127180226,246.2646490698819,1051.8528190706604,0.0,1298.1174681405423,280.727888,1043.013762,0.0,1323.74165
2026-07-16_ttft_component_regression/phase1/input8000_rate2p5_reuse00_seed1,165,2671.1679603319226,485.6890883576637,3156.8570486895865,1051.8528190706604,0.6219117535212935,4209.331779513768,7090.2499179999995,1048.655393,0.625374,8139.530685
2026-07-16_ttft_component_regression/phase1/input8000_rate2p5_reuse00_seed1,164,2837.921329731704,485.9476442736981,3323.8689740054024,1051.8528190706604,0.6219117535212935,4376.343704829584,5328.236741000001,1035.553217,0.625374,6364.415332
2026-07-16_ttft_component_regression/phase1/input8000_rate2p5_reuse00_seed1,197,0.9923366097147642,26.826538198350008,27.818874808064773,1051.8528190706604,0.6219117535212935,1080.2936056322465,3.7359660000000003,1030.702163,0.625374,1035.063503
2026-07-16_ttft_component_regression/phase1/input8000_rate2p5_reuse00_seed1,186,3144.7876518328612,22.69439451337001,3167.482046346231,1051.8528190706604,0.6219117535212935,4219.956777170412,2393.7408259999997,1039.604855,0.625374,3433.971055
2026-07-16_ttft_component_regression/phase1/input8000_rate2p5_reuse00_seed1,199,1442.5881365810365,26.79668993074544,1469.384826511782,1051.8528190706604,0.6219117535212935,2521.8595573359635,970.508408,1025.794729,0.625374,1996.928511
2026-07-16_ttft_component_regression/phase1/input8000_rate2p5_reuse00_seed1,207,2737.2932947465156,26.6132574182353,2763.906552164751,1051.8528190706604,0.0,3815.759371235411,1559.638434,1025.048127,0.0,2584.686561
2026-07-16_ttft_component_regression/phase1/input8000_rate2p5_reuse00_seed1,226,2884.7844344874825,26.756136052640205,2911.5405705401226,1051.8528190706604,0.6219117535212935,3964.015301364304,3029.876685,1042.412582,0.625374,4072.914641
2026-07-16_ttft_component_regression/phase1/input8000_rate2p5_reuse00_seed1,230,913.244290326555,26.81167544372505,940.05596577028,1051.8528190706604,0.6219117535212935,1992.5306965944617,6236.0640889999995,1033.1579,0.625374,7269.847363
2026-07-16_ttft_component_regression/phase1/input8000_rate2p5_reuse00_seed1,229,1001.9702391107228,26.81664338471187,1028.7868824954346,1051.8528190706604,0.6219117535212935,2081.261613319616,5064.482228,1041.033627,0.625374,6106.141229
2026-07-16_ttft_component_regression/phase1/input8000_rate2p5_reuse00_seed1,221,5059.4395421711115,26.556327236084474,5085.995869407196,1051.8528190706604,0.6219117535212935,6138.470600231377,3568.767513,1050.080543,0.625374,4619.47343
2026-07-16_ttft_component_regression/phase1/input8000_rate2p5_reuse00_seed1,256,6153.273013371704,26.826538198350008,6180.099551570054,1051.8528190706604,0.6219117535212935,7232.5742823942355,7706.524452000001,1042.88438,0.625374,8750.034206
2026-07-16_ttft_component_regression/phase1/input8000_rate2p5_reuse00_seed1,254,6313.344650529845,26.865564415628274,6340.210214945473,1051.8528190706604,0.6219117535212935,7392.684945769654,6513.158996,1052.511642,0.625374,7566.296012
2026-07-16_ttft_component_regression/phase1/input8000_rate2p5_reuse00_seed1,258,5654.697020926575,26.990528259748668,5681.687549186323,1051.8528190706604,0.6219117535212935,6734.162280010504,8556.750417,1036.036503,0.625374,9593.412294
2026-07-16_ttft_component_regression/phase1/input8000_rate2p5_reuse00_seed1,262,3710.721160595074,26.977171932086154,3737.69833252716,1051.8528190706604,0.6219117535212935,4790.173063351342,10372.593291,1038.433266,0.625374,11411.651931
2026-07-16_ttft_component_regression/phase1/input8000_rate2p5_reuse00_seed1,269,628.4591156484418,26.66814313525337,655.1272587836951,1051.8528190706604,0.6219117535212935,1707.6019896078767,14599.382186,1039.523425,0.625374,15639.530985
2026-07-16_ttft_component_regression/phase1/input8000_rate2p5_reuse00_seed1,264,2278.697402696329,26.940900333895662,2305.6383030302245,1051.8528190706604,0.6219117535212935,3358.1130338544062,11677.794365,1031.626362,0.625374,12710.046101
2026-07-16_ttft_component_regression/phase1/input8000_rate2p5_reuse00_seed1,290,8897.539404748835,26.672622665924624,8924.21202741476,1051.8528190706604,0.6219117535212935,9976.686758238942,7012.616306999999,1029.935141,0.625374,8043.176822
2026-07-16_ttft_component_regression/phase1/input8000_rate2p5_reuse00_seed1,291,8863.069895673123,26.654616853973096,8889.724512527097,1051.8528190706604,0.6219117535212935,9942.199243351279,10682.492218,1034.410847,0.625374,11717.528439
2026-07-16_ttft_component_regression/phase1/input8000_rate2p5_reuse00_seed1,298,7864.166903408563,26.650078986438608,7890.816982395001,1051.8528190706604,0.6219117535212935,8943.291713219183,14814.569866,1052.115048,0.625374,15867.310288
2026-07-16_ttft_component_regression/phase1/input8000_rate2p5_reuse00_seed1,19,0.014795141776912936,0.547857475316181,0.562652617093094,1051.8528190706604,0.0,1052.4154716877536,0.01336,936.703457,0.0,936.716817
2026-07-16_ttft_component_regression/phase1/input8000_rate2p5_reuse00_seed1,23,0.0,12.289904794540636,12.289904794540636,1051.8528190706604,0.0,1064.142723865201,16.317363,993.255761,0.0,1009.573124
2026-07-16_ttft_component_regression/phase1/input8000_rate2p5_reuse00_seed1,24,0.021667386376838557,14.959776589512499,14.981443975889338,1051.8528190706604,0.0,1066.8342630465497,678.517908,1244.007361,0.0,1922.525269
2026-07-16_ttft_component_regression/phase1/input8000_rate2p5_reuse00_seed1,21,0.0,7.454964341486054,7.454964341486054,1051.8528190706604,0.0,1059.3077834121464,7.964258,966.118684,0.0,974.082942
2026-07-16_ttft_component_regression/phase1/input8000_rate2p5_reuse00_seed1,57,0.028465243717650218,15.673605690694972,15.702070934412621,1051.8528190706604,0.0,1067.554890005073,3.37234,994.667046,0.0,998.039386
2026-07-16_ttft_component_regression/phase1/input8000_rate2p5_reuse00_seed1,37,0.029236965363347335,16.55967821429484,16.588915179658187,1051.8528190706604,0.0,1068.4417342503186,18.78914,994.48679,0.0,1013.27593
2026-07-16_ttft_component_regression/phase1/input8000_rate2p5_reuse00_seed1,42,0.0,16.36699058148579,16.36699058148579,1051.8528190706604,0.0,1068.2198096521463,0.832976,1005.58474,0.0,1006.417716
2026-07-16_ttft_component_regression/phase1/input8000_rate2p5_reuse00_seed1,60,0.0,17.354228322949176,17.354228322949176,1051.8528190706604,0.0,1069.2070473936096,6.715632,1005.704196,0.0,1012.419828
2026-07-16_ttft_component_regression/phase1/input8000_rate2p5_reuse00_seed1,79,0.0,17.82180377355261,17.82180377355261,1051.8528190706604,0.0,1069.674622844213,10.367615,1027.927607,0.0,1038.295222
2026-07-16_ttft_component_regression/phase1/input8000_rate2p5_reuse00_seed1,70,0.0,16.370819508825694,16.370819508825694,1051.8528190706604,0.0,1068.223638579486,3.698409,1011.466034,0.0,1015.164443
2026-07-16_ttft_component_regression/phase1/input8000_rate2p5_reuse00_seed1,72,0.0,18.92649101814604,18.92649101814604,1051.8528190706604,0.0,1070.7793100888064,23.421892,1027.018862,0.0,1050.440754
2026-07-16_ttft_component_regression/phase1/input8000_rate2p5_reuse00_seed1,84,0.1804924622533593,21.92302233762174,22.1035147998751,1051.8528190706604,0.0,1073.9563338705354,19.569741,1038.850941,0.0,1058.420682
2026-07-16_ttft_component_regression/phase1/input8000_rate2p5_reuse00_seed1,112,0.0,17.359503947394206,17.359503947394206,1051.8528190706604,0.0,1069.2123230180546,406.933703,1343.700969,0.0,1750.634672
2026-07-16_ttft_component_regression/phase1/input8000_rate2p5_reuse00_seed1,111,0.02667023342247252,16.6447249986568,16.671395232079274,1051.8528190706604,0.0,1068.5242143027397,2.839145,1020.883396,0.0,1023.722541
2026-07-16_ttft_component_regression/phase1/input8000_rate2p5_reuse00_seed1,117,0.0,18.948383664606542,18.948383664606542,1051.8528190706604,0.0,1070.801202735267,715.88225,1286.385017,0.0,2002.267267
2026-07-16_ttft_component_regression/phase1/input8000_rate2p5_reuse00_seed1,139,0.03500856895760904,14.976015835239805,15.011024404197414,1051.8528190706604,0.0,1066.8638434748577,17.64646,1004.723382,0.0,1022.369842
2026-07-16_ttft_component_regression/phase1/input8000_rate2p5_reuse00_seed1,167,0.0,16.93812564277103,16.93812564277103,1051.8528190706604,0.0,1068.7909447134314,13.233319,1021.034747,0.0,1034.268066
2026-07-16_ttft_component_regression/phase1/input8000_rate2p5_reuse00_seed1,158,0.05415489077407457,15.287167073733572,15.341321964507648,1051.8528190706604,0.0,1067.194141035168,4.990479,1004.067616,0.0,1009.058095
2026-07-16_ttft_component_regression/phase1/input8000_rate2p5_reuse00_seed1,193,0.15607185962865258,14.514135998931442,14.670207858560095,1051.8528190706604,0.0,1066.5230269292206,10.968759,1002.7159,0.0,1013.684659
2026-07-16_ttft_component_regression/phase1/input8000_rate2p5_reuse00_seed1,201,0.16170211863023137,16.016992832737195,16.178694951367426,1051.8528190706604,0.0,1068.0315140220277,4.934898,1027.430058,0.0,1032.364956
2026-07-16_ttft_component_regression/phase1/input8000_rate2p5_reuse00_seed1,203,0.13916412636136344,14.282649605441069,14.421813731802432,1051.8528190706604,0.0,1066.2746328024627,244.921029,1283.713009,0.0,1528.634038
2026-07-16_ttft_component_regression/phase1/input8000_rate2p5_reuse00_seed1,247,0.033257258165105545,12.008444756134304,12.04170201429941,1051.8528190706604,0.0,1063.89452108496,2.856605,1001.880562,0.0,1004.737167
2026-07-16_ttft_component_regression/phase1/input8000_rate2p5_reuse00_seed1,277,0.09286339703013742,16.224784750039472,16.317648147069608,1051.8528190706604,0.0,1068.17046721773,614.169334,1323.576085,0.0,1937.745419
2026-07-16_ttft_component_regression/phase1/input8000_rate2p5_reuse00_seed1,271,0.033144416407489635,12.005908428872255,12.039052845279745,1051.8528190706604,0.0,1063.89187191594,2.156583,996.084308,0.0,998.240891
2026-07-16_ttft_component_regression/phase1/input8000_rate2p5_reuse00_seed1,281,0.0,16.931820081557476,16.931820081557476,1051.8528190706604,0.0,1068.784639152218,102.950973,1264.800934,0.0,1367.751907
2026-07-16_ttft_component_regression/phase1/input8000_rate2p5_reuse00_seed1,265,0.05798149407748558,7.240194709106626,7.298176203184111,1051.8528190706604,0.0,1059.1509952738445,10.498614,983.956028,0.0,994.454642
2026-07-16_ttft_component_regression/phase1/input8000_rate2p5_reuse00_seed1,276,0.09055235057824687,14.805067574359743,14.89561992493799,1051.8528190706604,0.0,1066.7484389955985,6.798826,1033.516647,0.0,1040.315473
2026-07-16_ttft_component_regression/phase1/input8000_rate2p5_reuse00_seed1,297,0.25858346269598337,22.692929123392254,22.95151258608824,1051.8528190706604,0.0,1074.8043316567487,14.837461,1028.03416,0.0,1042.871621
2026-07-16_ttft_component_regression/phase1/input8000_rate2p5_reuse00_seed1,286,0.0234433730606159,18.260792328925174,18.28423570198579,1051.8528190706604,0.0,1070.1370547726463,13.665445,1017.326232,0.0,1030.991677
2026-07-16_ttft_component_regression/phase1/input8000_rate2p5_reuse00_seed1,12,0.016310573532502905,0.5841515459138523,0.6004621194463552,1051.8528190706604,0.0,1052.4532811901067,0.055062,936.703457,0.0,936.758519
2026-07-16_ttft_component_regression/phase1/input8000_rate2p5_reuse00_seed1,29,0.0,7.437889906091679,7.437889906091679,1051.8528190706604,0.0,1059.290708976752,8.810902,967.834204,0.0,976.645106
2026-07-16_ttft_component_regression/phase1/input8000_rate2p5_reuse00_seed1,34,0.0,12.308560612897852,12.308560612897852,1051.8528190706604,0.0,1064.1613796835584,5.220954,978.027665,0.0,983.248619
2026-07-16_ttft_component_regression/phase1/input8000_rate2p5_reuse00_seed1,55,0.0,11.584109150225679,11.584109150225679,1051.8528190706604,0.0,1063.436928220886,14.189567,978.539345,0.0,992.728912
2026-07-16_ttft_component_regression/phase1/input8000_rate2p5_reuse00_seed1,62,0.022489864779036615,15.014067752933034,15.03655761771207,1051.8528190706604,0.0,1066.8893766883725,15.950344,988.206807,0.0,1004.157151
2026-07-16_ttft_component_regression/phase1/input8000_rate2p5_reuse00_seed1,82,0.0,11.574505894958424,11.574505894958424,1051.8528190706604,0.0,1063.427324965619,10.504468,978.881201,0.0,989.385669
2026-07-16_ttft_component_regression/phase1/input8000_rate2p5_reuse00_seed1,96,0.0,10.998142315094373,10.998142315094373,1051.8528190706604,0.0,1062.8509613857548,9.463472,978.429393,0.0,987.892865
2026-07-16_ttft_component_regression/phase1/input8000_rate2p5_reuse00_seed1,119,0.0229990423106587,15.048175004760656,15.071174047071315,1051.8528190706604,0.0,1066.9239931177317,19.741196,995.514581,0.0,1015.255777
2026-07-16_ttft_component_regression/phase1/input8000_rate2p5_reuse00_seed1,108,0.0,11.595131771610168,11.595131771610168,1051.8528190706604,0.0,1063.4479508422705,11.842077,977.869841,0.0,989.711918
2026-07-16_ttft_component_regression/phase1/input8000_rate2p5_reuse00_seed1,138,0.053846418888644026,13.844670886065282,13.898517304953927,1051.8528190706604,0.0,1065.7513363756143,12.065428,1001.79529,0.0,1013.860718
2026-07-16_ttft_component_regression/phase1/input8000_rate2p5_reuse00_seed1,179,0.0,11.005264091504463,11.005264091504463,1051.8528190706604,0.0,1062.8580831621648,14.476199,986.140864,0.0,1000.617063
2026-07-16_ttft_component_regression/phase1/input8000_rate2p5_reuse00_seed1,160,0.0,11.258184005396547,11.258184005396547,1051.8528190706604,0.0,1063.111003076057,15.707268,980.423473,0.0,996.130741
2026-07-16_ttft_component_regression/phase1/input8000_rate2p5_reuse00_seed1,196,0.2019190786362944,21.194626113597053,21.396545192233347,1051.8528190706604,0.0,1073.2493642628938,570.740012,1297.682555,0.0,1868.422567
2026-07-16_ttft_component_regression/phase1/input8000_rate2p5_reuse00_seed1,189,0.13872291689033225,14.283384415200365,14.422107332090697,1051.8528190706604,0.0,1066.2749264027511,257.662414,1271.439303,0.0,1529.101717
2026-07-16_ttft_component_regression/phase1/input8000_rate2p5_reuse00_seed1,195,0.021212633634134836,18.2328482753352,18.254060908969336,1051.8528190706604,0.0,1070.1068799796299,10.786191,1034.929875,0.0,1045.716066
2026-07-16_ttft_component_regression/phase1/input8000_rate2p5_reuse00_seed1,184,0.15709640693688506,14.573803570840974,14.73089997777786,1051.8528190706604,0.0,1066.5837190484383,13.710895,1012.643004,0.0,1026.353899
2026-07-16_ttft_component_regression/phase1/input8000_rate2p5_reuse00_seed1,188,1.3474914663247057,22.78131933276293,24.128810799087635,1051.8528190706604,0.6219117535212935,1076.6035416232694,152.71903600000002,1327.092287,0.625374,1480.436697
2026-07-16_ttft_component_regression/phase1/input8000_rate2p5_reuse00_seed1,206,2778.8531846908827,26.51232620494372,2805.3655108958264,1051.8528190706604,0.0,3857.2183299664866,1640.321665,1024.220211,0.0,2664.541876
2026-07-16_ttft_component_regression/phase1/input8000_rate2p5_reuse00_seed1,232,5038.0865954206065,26.71995615668528,5064.806551577291,1051.8528190706604,0.0,6116.659370647952,4494.017653000001,1042.6116,0.0,5536.629253
2026-07-16_ttft_component_regression/phase1/input8000_rate2p5_reuse00_seed1,216,7040.324696421235,26.53690718298532,7066.86160360422,1051.8528190706604,0.6219117535212935,8119.336334428402,10835.178636999999,1037.180728,0.625374,11872.984739
2026-07-16_ttft_component_regression/phase1/input8000_rate2p5_reuse00_seed1,204,4283.692501876617,22.801231930145924,4306.493733806763,1051.8528190706604,0.6219117535212935,5358.968464630944,11877.555814,1056.478874,0.625374,12934.660062
2026-07-16_ttft_component_regression/phase1/input8000_rate2p5_reuse00_seed1,224,5448.515516288841,26.78663188592724,5475.302148174768,1051.8528190706604,0.0,6527.154967245428,4908.389751000001,1050.65249,0.0,5959.042241
2026-07-16_ttft_component_regression/phase1/input8000_rate2p5_reuse00_seed1,227,6166.121062709768,26.836378006054787,6192.9574407158225,1051.8528190706604,0.6219117535212935,7245.432171540004,13516.757233,1036.478795,0.625374,14553.861402
2026-07-16_ttft_component_regression/phase1/input8000_rate2p5_reuse00_seed1,257,6526.473729146111,26.776520026185363,6553.250249172296,1051.8528190706604,0.0,7605.103068242956,7491.962874000001,1030.270031,0.0,8522.232905
2026-07-16_ttft_component_regression/phase1/input8000_rate2p5_reuse00_seed1,245,4520.6898297969765,26.8461625100342,4547.535992307011,1051.8528190706604,0.0,5599.388811377671,3858.595726,1032.145526,0.0,4890.741252
2026-07-16_ttft_component_regression/phase1/input8000_rate2p5_reuse00_seed1,279,1085.6043117001884,26.71995615668528,1112.3242678568738,1051.8528190706604,0.0,2164.177086927534,899.912143,1028.695796,0.0,1928.607939
2026-07-16_ttft_component_regression/phase1/input8000_rate2p5_reuse00_seed1,274,2668.0182625598213,26.806693862921822,2694.824956422743,1051.8528190706604,0.6219117535212935,3747.299687246925,9800.655036999999,1050.350495,0.625374,10851.630906
2026-07-16_ttft_component_regression/phase1/input8000_rate2p5_reuse00_seed1,15,0.0,12.30734370363997,12.30734370363997,1051.8528190706604,0.0,1064.1601627743005,13.519233,993.504945,0.0,1007.024178
2026-07-16_ttft_component_regression/phase1/input8000_rate2p5_reuse00_seed1,20,0.02849024452449785,16.585665491923788,16.614155736448286,1051.8528190706604,0.0,1068.4669748071087,833.91747,1232.032949,0.0,2065.950419
2026-07-16_ttft_component_regression/phase1/input8000_rate2p5_reuse00_seed1,17,0.023302686105181214,15.068702508346886,15.092005194452067,1051.8528190706604,0.0,1066.9448242651124,518.077493,1283.148079,0.0,1801.225572
2026-07-16_ttft_component_regression/phase1/input8000_rate2p5_reuse00_seed1,2,0.016310573532502905,0.5841515459138523,0.6004621194463552,1051.8528190706604,0.0,1052.4532811901067,0.227588,936.703457,0.0,936.931045
2026-07-16_ttft_component_regression/phase1/input8000_rate2p5_reuse00_seed1,8,0.0,7.437889906091679,7.437889906091679,1051.8528190706604,0.0,1059.290708976752,17.301112,966.317532,0.0,983.618644
2026-07-16_ttft_component_regression/phase1/input8000_rate2p5_reuse00_seed1,52,0.0,17.843923497960407,17.843923497960407,1051.8528190706604,0.0,1069.6967425686207,1.555912,1017.281474,0.0,1018.837386
2026-07-16_ttft_component_regression/phase1/input8000_rate2p5_reuse00_seed1,45,0.0,16.369559057517233,16.369559057517233,1051.8528190706604,0.0,1068.2223781281778,19.451487,1008.307972,0.0,1027.759459
2026-07-16_ttft_component_regression/phase1/input8000_rate2p5_reuse00_seed1,63,0.0,12.302624648549628,12.302624648549628,1051.8528190706604,0.0,1064.15544371921,12.438053,977.276753,0.0,989.714806
2026-07-16_ttft_component_regression/phase1/input8000_rate2p5_reuse00_seed1,78,0.0238949577347811,14.180013575600226,14.203908533335007,1051.8528190706604,0.0,1066.0567276039953,2.772777,997.836942,0.0,1000.609719
2026-07-16_ttft_component_regression/phase1/input8000_rate2p5_reuse00_seed1,102,0.0,17.28706576339063,17.28706576339063,1051.8528190706604,0.0,1069.1398848340511,13.464953,1047.044997,0.0,1060.50995
2026-07-16_ttft_component_regression/phase1/input8000_rate2p5_reuse00_seed1,99,0.0,15.560484935279993,15.560484935279993,1051.8528190706604,0.0,1067.4133040059405,23.342066,1022.468232,0.0,1045.810298
2026-07-16_ttft_component_regression/phase1/input8000_rate2p5_reuse00_seed1,90,0.03815944606604063,14.890897021163434,14.929056467229476,1051.8528190706604,0.0,1066.7818755378898,18.72629,1008.310795,0.0,1027.037085
2026-07-16_ttft_component_regression/phase1/input8000_rate2p5_reuse00_seed1,122,0.0,16.361649037848423,16.361649037848423,1051.8528190706604,0.0,1068.2144681085088,401.425629,1300.925901,0.0,1702.35153
2026-07-16_ttft_component_regression/phase1/input8000_rate2p5_reuse00_seed1,121,0.030485191065555237,15.608539624555785,15.63902481562134,1051.8528190706604,0.0,1067.4918438862817,7.166881,1021.07996,0.0,1028.246841
2026-07-16_ttft_component_regression/phase1/input8000_rate2p5_reuse00_seed1,130,0.0,15.554131534160346,15.554131534160346,1051.8528190706604,0.0,1067.4069506048208,10.732142,1025.287892,0.0,1036.020034
2026-07-16_ttft_component_regression/phase1/input8000_rate2p5_reuse00_seed1,137,0.9708458369064448,25.310544127180226,26.28138996408667,1051.8528190706604,0.6219117535212935,1078.7561207882684,21.354329,1025.322889,0.625374,1047.302592
2026-07-16_ttft_component_regression/phase1/input8000_rate2p5_reuse00_seed1,140,0.18351770739641088,20.79726850382879,20.9807862112252,1051.8528190706604,0.0,1072.8336052818856,16.144222,1026.97794,0.0,1043.122162
2026-07-16_ttft_component_regression/phase1/input8000_rate2p5_reuse00_seed1,183,0.2558120011282752,22.67115592667566,22.926967927803936,1051.8528190706604,0.0,1074.7797869984643,15.014512,1045.94273,0.0,1060.957242
2026-07-16_ttft_component_regression/phase1/input8000_rate2p5_reuse00_seed1,191,1.0781746973506126,26.441728742423184,27.519903439773795,1051.8528190706604,0.6219117535212935,1079.9946342639555,2.8579339999999998,1037.101026,0.625374,1040.584334
2026-07-16_ttft_component_regression/phase1/input8000_rate2p5_reuse00_seed1,168,0.9915962341481633,25.357276255260995,26.348872489409157,1051.8528190706604,0.6219117535212935,1078.8236033135909,8.722638,1030.305054,0.625374,1039.653066
2026-07-16_ttft_component_regression/phase1/input8000_rate2p5_reuse00_seed1,198,1.0880415516893351,26.46723781419518,27.555279365884516,1051.8528190706604,0.6219117535212935,1080.0300101900662,7.480562,1029.805251,0.625374,1037.911187
2026-07-16_ttft_component_regression/phase1/input8000_rate2p5_reuse00_seed1,177,0.0,17.327684587924292,17.327684587924292,1051.8528190706604,0.0,1069.1805036585847,14.722505,1044.254081,0.0,1058.976586
2026-07-16_ttft_component_regression/phase1/input8000_rate2p5_reuse00_seed1,211,2108.204907167291,26.884741532788397,2135.089648700079,1051.8528190706604,0.0,3186.9424677707393,1281.413892,1043.087863,0.0,2324.501755
2026-07-16_ttft_component_regression/phase1/input8000_rate2p5_reuse00_seed1,200,0.9961233947537461,26.836378006054787,27.832501400808532,1051.8528190706604,0.6219117535212935,1080.3072322249902,2.347448,1026.479616,0.625374,1029.452438
2026-07-16_ttft_component_regression/phase1/input8000_rate2p5_reuse00_seed1,214,1660.093058260385,26.889500409718874,1686.982558670104,1051.8528190706604,0.0,2738.8353777407647,1046.157616,1030.234449,0.0,2076.392065
2026-07-16_ttft_component_regression/phase1/input8000_rate2p5_reuse00_seed1,213,2893.464278146744,26.74070902206945,2920.2049871688137,1051.8528190706604,0.6219117535212935,3972.6797179929954,9550.026855,1053.434249,0.625374,10604.086478
2026-07-16_ttft_component_regression/phase1/input8000_rate2p5_reuse00_seed1,234,4978.34218314046,26.730358678465574,5005.072541818926,1051.8528190706604,0.6219117535212935,6057.547272643107,9306.179498,1039.700027,0.625374,10346.504899
2026-07-16_ttft_component_regression/phase1/input8000_rate2p5_reuse00_seed1,255,5907.5016116140505,26.89424505126632,5934.395856665316,1051.8528190706604,0.0,6986.248675735977,5213.643548,1031.95466,0.0,6245.598208
2026-07-16_ttft_component_regression/phase1/input8000_rate2p5_reuse00_seed1,237,4714.865947806706,26.89897542021368,4741.76492322692,1051.8528190706604,0.0,5793.61774229758,3899.670095,1047.719812,0.0,4947.389907
2026-07-16_ttft_component_regression/phase1/input8000_rate2p5_reuse00_seed1,250,4172.39519616398,26.89897542021368,4199.2941715841935,1051.8528190706604,0.0,5251.146990654854,3329.036635,1047.331428,0.0,4376.368063
2026-07-16_ttft_component_regression/phase1/input8000_rate2p5_reuse00_seed1,243,5479.590829099831,26.875181221654277,5506.466010321486,1051.8528190706604,0.6219117535212935,6558.940741145667,12785.312501999999,1035.482929,0.625374,13821.420805
2026-07-16_ttft_component_regression/phase1/input8000_rate2p5_reuse00_seed1,283,0.9009812809582579,25.136560872632,26.03754215359026,1051.8528190706604,0.6219117535212935,1078.512272977772,18.117712,1032.750124,0.625374,1051.49321
2026-07-16_ttft_component_regression/phase1/input8000_rate2p5_reuse00_seed1,288,6786.798166960131,26.389747038633068,6813.187913998764,1051.8528190706604,0.6219117535212935,7865.662644822945,5980.044032,1039.742393,0.625374,7020.411799
2026-07-16_ttft_component_regression/phase1/input8000_rate2p5_reuse00_seed1,295,6628.3994267060825,26.884741532788397,6655.284168238871,1051.8528190706604,0.0,7707.136987309531,1322.392745,1044.519917,0.0,2366.912662
2026-07-16_ttft_component_regression/phase1/input8000_rate2p5_reuse00_seed1,289,7019.876680997575,26.57074796999648,7046.447428967572,1051.8528190706604,0.6219117535212935,8098.922159791753,9551.472338,1045.309317,0.625374,10597.407029
2026-07-16_ttft_component_regression/phase1/input8000_rate2p5_reuse00_seed1,292,6818.907626877694,26.421088906274115,6845.328715783969,1051.8528190706604,0.6219117535212935,7897.80344660815,10352.023405,1037.954734,0.625374,11390.603513
2026-07-16_ttft_component_regression/phase1/input8000_rate2p5_reuse00_seed1,294,6382.671042688764,26.68314072073358,6409.354183409498,1051.8528190706604,0.6219117535212935,7461.828914233679,12835.350763999999,1041.174924,0.625374,13877.151062
2026-07-16_ttft_component_regression/phase1/input8000_rate2p5_reuse00_seed1,1,0.014795141776912936,0.547857475316181,0.562652617093094,1051.8528190706604,0.0,1052.4154716877536,1.748542,936.703457,0.0,938.451999
2026-07-16_ttft_component_regression/phase1/input8000_rate2p5_reuse00_seed1,11,0.0,7.470386375338757,7.470386375338757,1051.8528190706604,0.0,1059.323205445999,13.004385,966.570396,0.0,979.574781
2026-07-16_ttft_component_regression/phase1/input8000_rate2p5_reuse00_seed1,30,0.0,7.465825022679719,7.465825022679719,1051.8528190706604,0.0,1059.31864409334,13.310896,985.480609,0.0,998.791505
2026-07-16_ttft_component_regression/phase1/input8000_rate2p5_reuse00_seed1,31,0.0,12.293903899916149,12.293903899916149,1051.8528190706604,0.0,1064.1467229705765,496.065768,1231.242425,0.0,1727.308193
2026-07-16_ttft_component_regression/phase1/input8000_rate2p5_reuse00_seed1,48,0.0,11.581078268188552,11.581078268188552,1051.8528190706604,0.0,1063.433897338849,11.493985,977.281809,0.0,988.775794
2026-07-16_ttft_component_regression/phase1/input8000_rate2p5_reuse00_seed1,59,0.0,16.36655611449635,16.36655611449635,1051.8528190706604,0.0,1068.2193751851569,553.169687,1264.785055,0.0,1817.954742
2026-07-16_ttft_component_regression/phase1/input8000_rate2p5_reuse00_seed1,56,0.023996584458603584,14.186478774941566,14.210475359400169,1051.8528190706604,0.0,1066.0632944300605,20.100485,986.707607,0.0,1006.808092
2026-07-16_ttft_component_regression/phase1/input8000_rate2p5_reuse00_seed1,58,0.028595659518752026,15.669619057198304,15.698214716717056,1051.8528190706604,0.0,1067.5510337873775,6.503803,1008.801191,0.0,1015.304994
2026-07-16_ttft_component_regression/phase1/input8000_rate2p5_reuse00_seed1,83,0.0,16.36655611449635,16.36655611449635,1051.8528190706604,0.0,1068.2193751851569,22.330817,1014.58418,0.0,1036.914997
2026-07-16_ttft_component_regression/phase1/input8000_rate2p5_reuse00_seed1,97,0.0,15.556723611341248,15.556723611341248,1051.8528190706604,0.0,1067.4095426820018,14.140503,1031.627373,0.0,1045.767876
2026-07-16_ttft_component_regression/phase1/input8000_rate2p5_reuse00_seed1,86,0.0,15.558413494214177,15.558413494214177,1051.8528190706604,0.0,1067.4112325648746,9.78541,1033.749171,0.0,1043.534581
2026-07-16_ttft_component_regression/phase1/input8000_rate2p5_reuse00_seed1,107,0.0,16.36655611449635,16.36655611449635,1051.8528190706604,0.0,1068.2193751851569,1.563043,1032.424187,0.0,1033.98723
2026-07-16_ttft_component_regression/phase1/input8000_rate2p5_reuse00_seed1,149,0.05123970121184036,13.68744698256368,13.73868668377552,1051.8528190706604,0.0,1065.591505754436,230.673926,996.647839,0.0,1227.321765
2026-07-16_ttft_component_regression/phase1/input8000_rate2p5_reuse00_seed1,145,0.0,11.230837805526809,11.230837805526809,1051.8528190706604,0.0,1063.0836568761872,0.616838,985.48126,0.0,986.098098
2026-07-16_ttft_component_regression/phase1/input8000_rate2p5_reuse00_seed1,136,0.9689711613285867,25.306212310902957,26.275183472231543,1051.8528190706604,0.6219117535212935,1078.7499142964132,16.890009,991.588664,0.625374,1009.104047
2026-07-16_ttft_component_regression/phase1/input8000_rate2p5_reuse00_seed1,154,0.03968840221366362,14.84436651734433,14.884054919557993,1051.8528190706604,0.0,1066.7368739902183,5.968252,1016.402747,0.0,1022.370999
2026-07-16_ttft_component_regression/phase1/input8000_rate2p5_reuse00_seed1,170,0.05966842293005187,15.128672184260711,15.188340607190764,1051.8528190706604,0.0,1067.0411596778513,5.440444,1017.808189,0.0,1023.248633
2026-07-16_ttft_component_regression/phase1/input8000_rate2p5_reuse00_seed1,185,1.0821150163481434,26.451971355036374,27.534086371384518,1051.8528190706604,0.6219117535212935,1080.0088171955663,35.965527,1044.618001,0.625374,1081.208902
2026-07-16_ttft_component_regression/phase1/input8000_rate2p5_reuse00_seed1,175,0.0,15.554568453172344,15.554568453172344,1051.8528190706604,0.0,1067.4073875238328,15.559223,1038.396985,0.0,1053.956208
2026-07-16_ttft_component_regression/phase1/input8000_rate2p5_reuse00_seed1,178,0.9652276722509812,25.297507448046773,26.262735120297755,1051.8528190706604,0.6219117535212935,1078.7374659444795,644.667416,1293.923957,0.625374,1939.216747
2026-07-16_ttft_component_regression/phase1/input8000_rate2p5_reuse00_seed1,208,0.020437616022553038,18.22298108283267,18.243418698855223,1051.8528190706604,0.0,1070.0962377695157,20.590483,1040.379515,0.0,1060.969998
2026-07-16_ttft_component_regression/phase1/input8000_rate2p5_reuse00_seed1,242,0.0,18.425166879965225,18.425166879965225,1051.8528190706604,0.0,1070.2779859506256,593.834777,1300.095488,0.0,1893.930265
2026-07-16_ttft_component_regression/phase1/input8000_rate2p5_reuse00_seed1,240,0.0,16.930950854962106,16.930950854962106,1051.8528190706604,0.0,1068.7837699256224,6.761356,1046.516511,0.0,1053.277867
2026-07-16_ttft_component_regression/phase1/input8000_rate2p5_reuse00_seed1,228,0.0,16.930513552341946,16.930513552341946,1051.8528190706604,0.0,1068.7833326230023,16.317359,1036.583395,0.0,1052.900754
2026-07-16_ttft_component_regression/phase1/input8000_rate2p5_reuse00_seed1,225,1.0286372759406521,26.91775342572346,27.946390701664114,1051.8528190706604,0.6219117535212935,1080.4211215258458,17.456116,1008.122591,0.625374,1026.204081
2026-07-16_ttft_component_regression/phase1/input8000_rate2p5_reuse00_seed1,266,0.9961233947537461,26.836378006054787,27.832501400808532,1051.8528190706604,0.6219117535212935,1080.3072322249902,448.171427,1305.195635,0.625374,1753.992436
2026-07-16_ttft_component_regression/phase1/input8000_rate2p5_reuse00_seed1,252,1.0305680413709581,26.922411873479625,27.952979914850584,1051.8528190706604,0.6219117535212935,1080.4277107390324,15.085631,1026.027604,0.625374,1041.738609
2026-07-16_ttft_component_regression/phase1/input8000_rate2p5_reuse00_seed1,263,0.0,18.435137854819356,18.435137854819356,1051.8528190706604,0.0,1070.2879569254799,1.762695,1050.078833,0.0,1051.841528
2026-07-16_ttft_component_regression/phase1/input8000_rate2p5_reuse00_seed1,284,0.23947574880057493,22.541139092783737,22.780614841584313,1051.8528190706604,0.0,1074.6334339122448,21.401858,1050.34917,0.0,1071.751028
2026-07-16_ttft_component_regression/phase1/input8000_rate2p5_reuse00_seed2,14,0.0,7.749832661982597,7.749832661982597,1047.7904394460284,0.0,1055.5402721080109,17.323724,966.276124,0.0,983.599848
2026-07-16_ttft_component_regression/phase1/input8000_rate2p5_reuse00_seed2,22,0.0,12.571602415368242,12.571602415368242,1047.7904394460284,0.0,1060.3620418613966,5.912064,976.961265,0.0,982.873329
2026-07-16_ttft_component_regression/phase1/input8000_rate2p5_reuse00_seed2,8,0.016769757832158384,0.6523771679468272,0.6691469257789856,1047.7904394460284,0.0,1048.4595863718073,0.014322,936.703457,0.0,936.717779
2026-07-16_ttft_component_regression/phase1/input8000_rate2p5_reuse00_seed2,57,0.016422342040479092,0.4027633234389172,0.4191856654793963,1047.7904394460284,0.0,1048.2096251115076,0.015516,936.703457,0.0,936.718973
2026-07-16_ttft_component_regression/phase1/input8000_rate2p5_reuse00_seed2,83,0.0,10.736064641144086,10.736064641144086,1047.7904394460284,0.0,1058.5265040871725,9.714814,977.049265,0.0,986.764079
2026-07-16_ttft_component_regression/phase1/input8000_rate2p5_reuse00_seed2,76,0.024375264381546042,6.5724315779456965,6.596806842327243,1047.7904394460284,0.0,1054.3872462883555,13.007217,967.7223,0.0,980.729517
2026-07-16_ttft_component_regression/phase1/input8000_rate2p5_reuse00_seed2,111,0.02480064375371633,6.5760646141745385,6.6008652579282545,1047.7904394460284,0.0,1054.3913047039566,664.842543,1211.748136,0.0,1876.590679
2026-07-16_ttft_component_regression/phase1/input8000_rate2p5_reuse00_seed2,110,0.04349035203655795,0.40474545808448753,0.44823581012104546,1047.7904394460284,0.0,1048.2386752561495,0.000334,954.519522,0.0,954.519856
2026-07-16_ttft_component_regression/phase1/input8000_rate2p5_reuse00_seed2,133,0.0,10.640185241277901,10.640185241277901,1047.7904394460284,0.0,1058.4306246873064,16.769989,987.663224,0.0,1004.433213
2026-07-16_ttft_component_regression/phase1/input8000_rate2p5_reuse00_seed2,142,0.05037300372122687,13.158855904569714,13.20922890829094,1047.7904394460284,0.0,1060.9996683543193,17.227231,1013.834858,0.0,1031.062089
2026-07-16_ttft_component_regression/phase1/input8000_rate2p5_reuse00_seed2,145,0.05793643681327942,14.7226261723888,14.780562609202079,1047.7904394460284,0.0,1062.5710020552303,192.505927,1290.088337,0.0,1482.594264
2026-07-16_ttft_component_regression/phase1/input8000_rate2p5_reuse00_seed2,170,0.056370978452182766,14.773059448365709,14.829430426817892,1047.7904394460284,0.0,1062.6198698728463,6.306309,1009.760953,0.0,1016.067262
2026-07-16_ttft_component_regression/phase1/input8000_rate2p5_reuse00_seed2,167,0.052880563818271546,13.311509326430752,13.364389890249024,1047.7904394460284,0.0,1061.1548293362773,9.396348,1012.872428,0.0,1022.268776
2026-07-16_ttft_component_regression/phase1/input8000_rate2p5_reuse00_seed2,201,0.0,6.50022969175542,6.50022969175542,1047.7904394460284,0.0,1054.2906691377839,14.785281,985.982005,0.0,1000.767286
2026-07-16_ttft_component_regression/phase1/input8000_rate2p5_reuse00_seed2,211,0.0,7.100411032202538,7.100411032202538,1047.7904394460284,0.0,1054.890850478231,4.96488,978.496755,0.0,983.461635
2026-07-16_ttft_component_regression/phase1/input8000_rate2p5_reuse00_seed2,225,0.021897972008284854,14.226207928951455,14.24810590095974,1047.7904394460284,0.0,1062.038545346988,4.85975,995.117929,0.0,999.977679
2026-07-16_ttft_component_regression/phase1/input8000_rate2p5_reuse00_seed2,228,0.028120244341315787,15.825151798197327,15.853272042538643,1047.7904394460284,0.0,1063.643711488567,19.053654,1034.484838,0.0,1053.538492
2026-07-16_ttft_component_regression/phase1/input8000_rate2p5_reuse00_seed2,215,0.0,10.662349303628643,10.662349303628643,1047.7904394460284,0.0,1058.452788749657,0.066571,989.51207,0.0,989.578641
2026-07-16_ttft_component_regression/phase1/input8000_rate2p5_reuse00_seed2,246,0.17989954000857142,19.757941854595003,19.937841394603574,1047.7904394460284,0.0,1067.728280840632,5.694113,1029.639321,0.0,1035.333434
2026-07-16_ttft_component_regression/phase1/input8000_rate2p5_reuse00_seed2,229,0.0,16.62659690406268,16.62659690406268,1047.7904394460284,0.0,1064.417036350091,668.594007,1287.050551,0.0,1955.644558
2026-07-16_ttft_component_regression/phase1/input8000_rate2p5_reuse00_seed2,238,0.0,17.91013860224573,17.91013860224573,1047.7904394460284,0.0,1065.700578048274,9.391068,1019.315325,0.0,1028.706393
2026-07-16_ttft_component_regression/phase1/input8000_rate2p5_reuse00_seed2,249,6119.086076188945,23.229392914709887,6142.315469103655,1047.7904394460284,0.0,7190.105908549684,6256.890569,1036.65988,0.0,7293.550449
2026-07-16_ttft_component_regression/phase1/input8000_rate2p5_reuse00_seed2,275,6303.11556419634,24.90443041088841,6328.019994607228,1047.7904394460284,0.0,7375.810434053256,6037.734651,1056.387928,0.0,7094.122579
2026-07-16_ttft_component_regression/phase1/input8000_rate2p5_reuse00_seed2,259,6961.527106167237,24.952396556476593,6986.479502723714,1047.7904394460284,0.0,8034.2699421697425,7839.906165,1047.88662,0.0,8887.792785
2026-07-16_ttft_component_regression/phase1/input8000_rate2p5_reuse00_seed2,5,0.0,7.753168965240765,7.753168965240765,1047.7904394460284,0.0,1055.5436084112691,2.645015,966.267228,0.0,968.912243
2026-07-16_ttft_component_regression/phase1/input8000_rate2p5_reuse00_seed2,1,0.01667739087897127,0.6498351439594919,0.6665125348384632,1047.7904394460284,0.0,1048.4569519808667,1.156769,936.703457,0.0,937.860226
2026-07-16_ttft_component_regression/phase1/input8000_rate2p5_reuse00_seed2,13,0.0,12.573887760083133,12.573887760083133,1047.7904394460284,0.0,1060.3643272061115,15.43374,976.961105,0.0,992.394845
2026-07-16_ttft_component_regression/phase1/input8000_rate2p5_reuse00_seed2,40,0.0,12.575054161746563,12.575054161746563,1047.7904394460284,0.0,1060.3654936077749,11.963385,980.202513,0.0,992.165898
2026-07-16_ttft_component_regression/phase1/input8000_rate2p5_reuse00_seed2,52,0.023348583331375204,13.087283994979506,13.11063257831088,1047.7904394460284,0.0,1060.9010720243393,65.48858,985.559159,0.0,1051.047739
2026-07-16_ttft_component_regression/phase1/input8000_rate2p5_reuse00_seed2,48,0.0,10.66006437560479,10.66006437560479,1047.7904394460284,0.0,1058.4505038216332,224.52776,976.551377,0.0,1201.079137
2026-07-16_ttft_component_regression/phase1/input8000_rate2p5_reuse00_seed2,46,0.0,10.652489997729115,10.652489997729115,1047.7904394460284,0.0,1058.4429294437575,8.233953,973.5685,0.0,981.802453
2026-07-16_ttft_component_regression/phase1/input8000_rate2p5_reuse00_seed2,87,0.0,16.652860181482588,16.652860181482588,1047.7904394460284,0.0,1064.443299627511,4.301206,1033.488003,0.0,1037.789209
2026-07-16_ttft_component_regression/phase1/input8000_rate2p5_reuse00_seed2,78,0.0,15.47330768083817,15.47330768083817,1047.7904394460284,0.0,1063.2637471268665,111.273728,1009.483245,0.0,1120.756973
2026-07-16_ttft_component_regression/phase1/input8000_rate2p5_reuse00_seed2,73,0.029342122278641886,14.626601880657,14.655944002935643,1047.7904394460284,0.0,1062.446383448964,3.764771,994.346246,0.0,998.111017
2026-07-16_ttft_component_regression/phase1/input8000_rate2p5_reuse00_seed2,99,0.0,15.474464688753804,15.474464688753804,1047.7904394460284,0.0,1063.2649041347822,5.966027,1034.298867,0.0,1040.264894
2026-07-16_ttft_component_regression/phase1/input8000_rate2p5_reuse00_seed2,104,0.0,16.661833384639333,16.661833384639333,1047.7904394460284,0.0,1064.4522728306677,10.929142,1039.617391,0.0,1050.546533
2026-07-16_ttft_component_regression/phase1/input8000_rate2p5_reuse00_seed2,126,0.03046274075854396,14.588669674762548,14.619132415521092,1047.7904394460284,0.0,1062.4095718615495,12.41917,1004.696442,0.0,1017.115612
2026-07-16_ttft_component_regression/phase1/input8000_rate2p5_reuse00_seed2,147,0.0,15.47330768083817,15.47330768083817,1047.7904394460284,0.0,1063.2637471268665,444.160459,1282.889077,0.0,1727.049536
2026-07-16_ttft_component_regression/phase1/input8000_rate2p5_reuse00_seed2,158,0.0,16.511496772351926,16.511496772351926,1047.7904394460284,0.0,1064.3019362183802,23.170988,1035.493921,0.0,1058.664909
2026-07-16_ttft_component_regression/phase1/input8000_rate2p5_reuse00_seed2,138,0.0,10.65458677997063,10.65458677997063,1047.7904394460284,0.0,1058.445026225999,2.325255,1003.869555,0.0,1006.19481
2026-07-16_ttft_component_regression/phase1/input8000_rate2p5_reuse00_seed2,139,0.024266449762948433,13.144023419461162,13.16828986922411,1047.7904394460284,0.0,1060.9587293152524,86.21433,1254.832483,0.0,1341.046813
2026-07-16_ttft_component_regression/phase1/input8000_rate2p5_reuse00_seed2,144,0.055966927779517735,14.785445222454383,14.8414121502339,1047.7904394460284,0.0,1062.6318515962623,5.380333,1029.047819,0.0,1034.428152
2026-07-16_ttft_component_regression/phase1/input8000_rate2p5_reuse00_seed2,160,0.17560593571133695,19.732176185153588,19.907782120864926,1047.7904394460284,0.0,1067.6982215668934,493.703028,1318.277747,0.0,1811.980775
2026-07-16_ttft_component_regression/phase1/input8000_rate2p5_reuse00_seed2,164,1562.0421498022997,23.23284123442968,1585.2749910367295,1047.7904394460284,0.0,2633.0654304827576,1326.7538459999998,1046.982921,0.0,2373.736767
2026-07-16_ttft_component_regression/phase1/input8000_rate2p5_reuse00_seed2,175,4729.562366742667,23.02879597213856,4752.591162714805,1047.7904394460284,0.0,5800.381602160834,3749.4623939999997,1039.199689,0.0,4788.662083
2026-07-16_ttft_component_regression/phase1/input8000_rate2p5_reuse00_seed2,195,1787.0137875511418,23.02184492417694,1810.0356324753188,1047.7904394460284,0.0,2857.826071921347,1240.548591,1051.211518,0.0,2291.760109
2026-07-16_ttft_component_regression/phase1/input8000_rate2p5_reuse00_seed2,180,5886.883958346881,23.032256903355766,5909.916215250237,1047.7904394460284,0.0,6957.706654696265,7948.122014,1056.34793,0.0,9004.469944
2026-07-16_ttft_component_regression/phase1/input8000_rate2p5_reuse00_seed2,207,598.9539585215869,23.032256903355766,621.9862154249427,1047.7904394460284,0.0,1669.776654870971,387.544717,1032.598375,0.0,1420.143092
2026-07-16_ttft_component_regression/phase1/input8000_rate2p5_reuse00_seed2,214,0.15905321123089494,21.264350354716203,21.423403565947098,1047.7904394460284,0.0,1069.2138430119755,521.060409,1318.912406,0.0,1839.972815
2026-07-16_ttft_component_regression/phase1/input8000_rate2p5_reuse00_seed2,231,0.0,17.835354119140064,17.835354119140064,1047.7904394460284,0.0,1065.6257935651684,9.621725,1024.186357,0.0,1033.808082
2026-07-16_ttft_component_regression/phase1/input8000_rate2p5_reuse00_seed2,230,0.0,16.60927721993054,16.60927721993054,1047.7904394460284,0.0,1064.399716665959,10.038546,1024.081707,0.0,1034.120253
2026-07-16_ttft_component_regression/phase1/input8000_rate2p5_reuse00_seed2,212,0.0,17.875771760056686,17.875771760056686,1047.7904394460284,0.0,1065.666211206085,10.992398,1060.167515,0.0,1071.159913
2026-07-16_ttft_component_regression/phase1/input8000_rate2p5_reuse00_seed2,273,0.110798089132485,14.144022553940232,14.254820643072717,1047.7904394460284,0.0,1062.045260089101,10.460188,1001.94389,0.0,1012.404078
2026-07-16_ttft_component_regression/phase1/input8000_rate2p5_reuse00_seed2,292,0.16677687348922068,7.107344362689301,7.274121236178522,1047.7904394460284,0.0,1055.0645606822068,12.316416,979.481059,0.0,991.797475
2026-07-16_ttft_component_regression/phase1/input8000_rate2p5_reuse00_seed2,2,0.016204841134037168,0.6370614659351995,0.6532663070692367,1047.7904394460284,0.0,1048.4437057530977,0.150884,936.703457,0.0,936.854341
2026-07-16_ttft_component_regression/phase1/input8000_rate2p5_reuse00_seed2,10,0.0,7.745230726035164,7.745230726035164,1047.7904394460284,0.0,1055.5356701720634,16.49685,966.552828,0.0,983.049678
2026-07-16_ttft_component_regression/phase1/input8000_rate2p5_reuse00_seed2,26,0.0,12.597282500200183,12.597282500200183,1047.7904394460284,0.0,1060.3877219462286,4.080937,978.426001,0.0,982.506938
2026-07-16_ttft_component_regression/phase1/input8000_rate2p5_reuse00_seed2,45,0.023553627463723095,13.099857141535871,13.123410768999594,1047.7904394460284,0.0,1060.9138502150279,20.173781,987.406327,0.0,1007.580108
2026-07-16_ttft_component_regression/phase1/input8000_rate2p5_reuse00_seed2,38,0.0,12.590276900395246,12.590276900395246,1047.7904394460284,0.0,1060.3807163464237,14.361743,978.616721,0.0,992.978464
2026-07-16_ttft_component_regression/phase1/input8000_rate2p5_reuse00_seed2,84,0.044574640210933186,0.4291297434847408,0.473704383695674,1047.7904394460284,0.0,1048.264143829724,0.034981,936.703457,0.0,936.738438
2026-07-16_ttft_component_regression/phase1/input8000_rate2p5_reuse00_seed2,95,0.0,10.75895829234712,10.75895829234712,1047.7904394460284,0.0,1058.5493977383755,0.404137,976.757073,0.0,977.16121
2026-07-16_ttft_component_regression/phase1/input8000_rate2p5_reuse00_seed2,92,0.022885135966792723,6.5585067994596535,6.5813919354264465,1047.7904394460284,0.0,1054.3718313814547,11.018849,966.663772,0.0,977.682621
2026-07-16_ttft_component_regression/phase1/input8000_rate2p5_reuse00_seed2,114,0.05163830051644258,13.234817106063621,13.286455406580064,1047.7904394460284,0.0,1061.0768948526083,2.122477,997.769618,0.0,999.892095
2026-07-16_ttft_component_regression/phase1/input8000_rate2p5_reuse00_seed2,132,0.0,15.33613374366202,15.33613374366202,1047.7904394460284,0.0,1063.1265731896904,885.387793,1350.384742,0.0,2235.772535
2026-07-16_ttft_component_regression/phase1/input8000_rate2p5_reuse00_seed2,136,0.0,16.48943611106962,16.48943611106962,1047.7904394460284,0.0,1064.279875557098,943.301995,1275.485189,0.0,2218.787184
2026-07-16_ttft_component_regression/phase1/input8000_rate2p5_reuse00_seed2,131,0.029970316767721956,14.605627141158278,14.635597457926,1047.7904394460284,0.0,1062.4260369039544,250.028243,1308.057545,0.0,1558.085788
2026-07-16_ttft_component_regression/phase1/input8000_rate2p5_reuse00_seed2,130,0.023961886936447907,13.125064744697823,13.149026631634271,1047.7904394460284,0.0,1060.9394660776627,1.346385,1017.928217,0.0,1019.274602
2026-07-16_ttft_component_regression/phase1/input8000_rate2p5_reuse00_seed2,154,0.0,15.334888489956002,15.334888489956002,1047.7904394460284,0.0,1063.1253279359844,16.057259,1020.193392,0.0,1036.250651
2026-07-16_ttft_component_regression/phase1/input8000_rate2p5_reuse00_seed2,177,0.0,16.504584790629316,16.504584790629316,1047.7904394460284,0.0,1064.2950242366576,11.397091,1037.29722,0.0,1048.694311
2026-07-16_ttft_component_regression/phase1/input8000_rate2p5_reuse00_seed2,174,0.0,15.343383423427301,15.343383423427301,1047.7904394460284,0.0,1063.1338228694556,6.490176,1014.609231,0.0,1021.099407
2026-07-16_ttft_component_regression/phase1/input8000_rate2p5_reuse00_seed2,221,0.01689861989772881,0.41374404449806484,0.4306426643957937,1047.7904394460284,0.0,1048.221082110424,0.001079,950.812969,0.0,950.814048
2026-07-16_ttft_component_regression/phase1/input8000_rate2p5_reuse00_seed2,257,0.022672236488721725,6.556369956679124,6.5790421931678456,1047.7904394460284,0.0,1054.3694816391962,13.294211,984.75397,0.0,998.048181
2026-07-16_ttft_component_regression/phase1/input8000_rate2p5_reuse00_seed2,278,0.05520144637216409,11.577578082643306,11.63277952901547,1047.7904394460284,0.0,1059.423218975044,108.8724,996.853004,0.0,1105.725404
2026-07-16_ttft_component_regression/phase1/input8000_rate2p5_reuse00_seed2,289,0.20369202266277198,15.833007094833246,16.036699117496017,1047.7904394460284,0.0,1063.8271385635244,19.985007,1013.921557,0.0,1033.906564
2026-07-16_ttft_component_regression/phase1/input8000_rate2p5_reuse00_seed2,282,0.19778834546030016,14.275548457691139,14.473336803151438,1047.7904394460284,0.0,1062.2637762491797,221.270736,994.349169,0.0,1215.619905
2026-07-16_ttft_component_regression/phase1/input8000_rate2p5_reuse00_seed2,276,0.08138822056923788,7.0834095355885776,7.1647977561578156,1047.7904394460284,0.0,1054.9552372021863,9.592215,988.842102,0.0,998.434317
2026-07-16_ttft_component_regression/phase1/input8000_rate2p5_reuse00_seed2,6,0.016584311075361312,0.647288855333182,0.6638731664085433,1047.7904394460284,0.0,1048.454312612437,0.079106,936.703457,0.0,936.782563
2026-07-16_ttft_component_regression/phase1/input8000_rate2p5_reuse00_seed2,15,0.0,7.746397466208315,7.746397466208315,1047.7904394460284,0.0,1055.5368369122366,5.944487,966.529404,0.0,972.473891
2026-07-16_ttft_component_regression/phase1/input8000_rate2p5_reuse00_seed2,23,0.0,12.57623635541002,12.57623635541002,1047.7904394460284,0.0,1060.3666758014383,0.703094,977.264209,0.0,977.967303
2026-07-16_ttft_component_regression/phase1/input8000_rate2p5_reuse00_seed2,34,0.030144239460377212,17.163854995282232,17.19399923474261,1047.7904394460284,0.0,1064.984438680771,3.564471,1009.420071,0.0,1012.984542
2026-07-16_ttft_component_regression/phase1/input8000_rate2p5_reuse00_seed2,35,0.0,18.033346147299454,18.033346147299454,1047.7904394460284,0.0,1065.8237855933278,696.155926,1265.407871,0.0,1961.563797
2026-07-16_ttft_component_regression/phase1/input8000_rate2p5_reuse00_seed2,42,0.0,17.852459340476372,17.852459340476372,1047.7904394460284,0.0,1065.6428987865047,22.789953,1029.523507,0.0,1052.31346
2026-07-16_ttft_component_regression/phase1/input8000_rate2p5_reuse00_seed2,29,0.023747041553688744,15.46582612436659,15.489573165920278,1047.7904394460284,0.0,1063.2800126119487,2.777039,986.506839,0.0,989.283878
2026-07-16_ttft_component_regression/phase1/input8000_rate2p5_reuse00_seed2,44,0.15905321123089494,21.264350354716203,21.423403565947098,1047.7904394460284,0.0,1069.2138430119755,179.013409,1288.075418,0.0,1467.088827
2026-07-16_ttft_component_regression/phase1/input8000_rate2p5_reuse00_seed2,54,7510.770033609629,22.935467523726327,7533.705501133355,1047.7904394460284,0.0,8581.495940579383,8113.39957,1029.064892,0.0,9142.464462
2026-07-16_ttft_component_regression/phase1/input8000_rate2p5_reuse00_seed2,51,7697.677153606554,22.95756598392552,7720.63471959048,1047.7904394460284,0.0,8768.42515903651,6519.20283,1033.106538,0.0,7552.309368
2026-07-16_ttft_component_regression/phase1/input8000_rate2p5_reuse00_seed2,47,9037.207877755021,22.990088616815594,9060.197966371838,1047.7904394460284,0.0,10107.988405817865,5215.264528000001,1026.67295,0.0,6241.937478
2026-07-16_ttft_component_regression/phase1/input8000_rate2p5_reuse00_seed2,56,5990.247724742343,22.939173458127094,6013.18689820047,1047.7904394460284,0.0,7060.977337646498,12296.876245,1043.528438,0.0,13340.404683
2026-07-16_ttft_component_regression/phase1/input8000_rate2p5_reuse00_seed2,63,5767.726049602447,22.99365527322144,5790.719704875669,1047.7904394460284,0.0,6838.510144321697,11836.177957,1039.914999,0.0,12876.092956
2026-07-16_ttft_component_regression/phase1/input8000_rate2p5_reuse00_seed2,98,4547.775619433994,23.215500751648268,4570.991120185642,1047.7904394460284,0.0,5618.7815596316705,3448.854701,1034.111465,0.0,4482.966166
2026-07-16_ttft_component_regression/phase1/input8000_rate2p5_reuse00_seed2,94,3481.1547281629128,23.194368636995996,3504.3490967999087,1047.7904394460284,0.0,4552.139536245937,2387.441929,1038.035522,0.0,3425.477451
2026-07-16_ttft_component_regression/phase1/input8000_rate2p5_reuse00_seed2,117,5033.341458403611,23.032256903355766,5056.373715306967,1047.7904394460284,0.0,6104.164154752995,4280.447007,1037.54258,0.0,5317.989587
2026-07-16_ttft_component_regression/phase1/input8000_rate2p5_reuse00_seed2,125,5354.4409544456,23.073019465213495,5377.513973910814,1047.7904394460284,0.0,6425.304413356842,4859.043652,1037.62564,0.0,5896.669292
2026-07-16_ttft_component_regression/phase1/input8000_rate2p5_reuse00_seed2,105,6539.2557209686165,23.26677361267633,6562.522494581292,1047.7904394460284,0.0,7610.312934027321,5222.258175,1044.191671,0.0,6266.449846
2026-07-16_ttft_component_regression/phase1/input8000_rate2p5_reuse00_seed2,135,4229.811272134744,23.059590813521034,4252.870862948265,1047.7904394460284,0.0,5300.661302394294,3476.265955,1031.640663,0.0,4507.906618
2026-07-16_ttft_component_regression/phase1/input8000_rate2p5_reuse00_seed2,113,5787.176676844037,23.26342582124227,5810.440102665279,1047.7904394460284,0.0,6858.230542111307,4436.250712,1042.177362,0.0,5478.428074
2026-07-16_ttft_component_regression/phase1/input8000_rate2p5_reuse00_seed2,182,0.0,15.339199997742353,15.339199997742353,1047.7904394460284,0.0,1063.1296394437707,224.357257,1282.328137,0.0,1506.685394
2026-07-16_ttft_component_regression/phase1/input8000_rate2p5_reuse00_seed2,178,0.029845797570449358,14.609841806755782,14.63968760432623,1047.7904394460284,0.0,1062.4301270503545,9.92765,1025.604519,0.0,1035.532169
2026-07-16_ttft_component_regression/phase1/input8000_rate2p5_reuse00_seed2,198,0.031184219334886857,14.562936287676418,14.594120507011306,1047.7904394460284,0.0,1062.3845599530396,12.266338,1011.915795,0.0,1024.182133
2026-07-16_ttft_component_regression/phase1/input8000_rate2p5_reuse00_seed2,193,0.023348583331375204,13.087283994979506,13.11063257831088,1047.7904394460284,0.0,1060.9010720243393,20.126043,1012.812578,0.0,1032.938621
2026-07-16_ttft_component_regression/phase1/input8000_rate2p5_reuse00_seed2,188,0.02446869955685222,13.1566874382957,13.181156137852552,1047.7904394460284,0.0,1060.9715955838808,13.226704,995.130628,0.0,1008.357332
2026-07-16_ttft_component_regression/phase1/input8000_rate2p5_reuse00_seed2,226,0.0,17.890740577893645,17.890740577893645,1047.7904394460284,0.0,1065.681180023922,495.030463,1313.318257,0.0,1808.34872
2026-07-16_ttft_component_regression/phase1/input8000_rate2p5_reuse00_seed2,217,0.030217662941960505,14.597168183004564,14.627385845946526,1047.7904394460284,0.0,1062.4178252919749,17.788689,1007.595145,0.0,1025.383834
2026-07-16_ttft_component_regression/phase1/input8000_rate2p5_reuse00_seed2,247,0.05163830051644258,13.234817106063621,13.286455406580064,1047.7904394460284,0.0,1061.0768948526083,16.500234,1013.1271,0.0,1029.627334
2026-07-16_ttft_component_regression/phase1/input8000_rate2p5_reuse00_seed2,224,0.0,16.62596599856008,16.62596599856008,1047.7904394460284,0.0,1064.4164054445885,4.39558,1046.633548,0.0,1051.029128
2026-07-16_ttft_component_regression/phase1/input8000_rate2p5_reuse00_seed2,267,0.2901263206351228,21.434888702003853,21.725015022638978,1047.7904394460284,0.0,1069.5154544686673,3.340257,1029.301282,0.0,1032.641539
2026-07-16_ttft_component_regression/phase1/input8000_rate2p5_reuse00_seed2,254,0.056370978452182766,14.773059448365709,14.829430426817892,1047.7904394460284,0.0,1062.6198698728463,17.684189,1016.188247,0.0,1033.872436
2026-07-16_ttft_component_regression/phase1/input8000_rate2p5_reuse00_seed2,261,0.0023501621554425723,16.632842217320494,16.635192379475935,1047.7904394460284,0.0,1064.4256318255043,0.957552,1017.450859,0.0,1018.408411
2026-07-16_ttft_component_regression/phase1/input8000_rate2p5_reuse00_seed2,263,0.0,17.93324636676771,17.93324636676771,1047.7904394460284,0.0,1065.723685812796,12.432929,1019.067627,0.0,1031.500556
2026-07-16_ttft_component_regression/phase1/input8000_rate2p5_reuse00_seed2,286,4588.243422072,24.91954201066886,4613.162964082669,1047.7904394460284,0.0,5660.953403528697,2798.111438,1054.858782,0.0,3852.97022
2026-07-16_ttft_component_regression/phase1/input8000_rate2p5_reuse00_seed2,295,252.25048263245247,24.908411903719557,277.15889453617206,1047.7904394460284,0.0,1324.9493339822004,224.794489,1047.279486,0.0,1272.073975
2026-07-16_ttft_component_regression/phase1/input8000_rate2p5_reuse00_seed2,3,0.01686141304952436,0.6549149068677966,0.671776319917321,1047.7904394460284,0.0,1048.4622157659458,0.003022,936.703457,0.0,936.706479
2026-07-16_ttft_component_regression/phase1/input8000_rate2p5_reuse00_seed2,7,0.0,7.731702622003288,7.731702622003288,1047.7904394460284,0.0,1055.5221420680316,5.416768,966.373628,0.0,971.790396
2026-07-16_ttft_component_regression/phase1/input8000_rate2p5_reuse00_seed2,25,0.025647409187425363,15.60670390767889,15.632351316866314,1047.7904394460284,0.0,1063.4227907628947,10.024622,1006.111551,0.0,1016.136173
2026-07-16_ttft_component_regression/phase1/input8000_rate2p5_reuse00_seed2,39,0.0,19.471283913684434,19.471283913684434,1047.7904394460284,0.0,1067.2617233597127,8.335461,1029.790739,0.0,1038.1262
2026-07-16_ttft_component_regression/phase1/input8000_rate2p5_reuse00_seed2,41,0.1899852121436694,23.259365385748612,23.44935059789228,1047.7904394460284,0.0,1071.2397900439207,45.491448,1288.393434,0.0,1333.884882
2026-07-16_ttft_component_regression/phase1/input8000_rate2p5_reuse00_seed2,20,0.0,12.614050776112302,12.614050776112302,1047.7904394460284,0.0,1060.4044902221406,2.178118,977.572113,0.0,979.750231
2026-07-16_ttft_component_regression/phase1/input8000_rate2p5_reuse00_seed2,27,0.02554011038569234,17.3305455144995,17.356085624885193,1047.7904394460284,0.0,1065.1465250709136,419.985974,1204.189728,0.0,1624.175702
2026-07-16_ttft_component_regression/phase1/input8000_rate2p5_reuse00_seed2,30,0.0,18.06560605470392,18.06560605470392,1047.7904394460284,0.0,1065.8560455007323,3.559085,1003.954436,0.0,1007.513521
2026-07-16_ttft_component_regression/phase1/input8000_rate2p5_reuse00_seed2,50,7882.061692174367,23.073019465213495,7905.13471163958,1047.7904394460284,0.0,8952.925151085608,4826.826876,1028.43946,0.0,5855.266336
2026-07-16_ttft_component_regression/phase1/input8000_rate2p5_reuse00_seed2,53,7920.320993852474,23.059590813521034,7943.380584665995,1047.7904394460284,0.0,8991.171024112024,7680.472556000001,1042.231974,0.0,8722.70453
2026-07-16_ttft_component_regression/phase1/input8000_rate2p5_reuse00_seed2,55,7772.051880939449,23.062962983348235,7795.114843922797,1047.7904394460284,0.0,8842.905283368826,11989.446176,1051.626408,0.0,13041.072584
2026-07-16_ttft_component_regression/phase1/input8000_rate2p5_reuse00_seed2,77,5854.857880853233,23.18008700798722,5878.03796786122,1047.7904394460284,0.0,6925.828407307248,8692.377214,1038.843071,0.0,9731.220285
2026-07-16_ttft_component_regression/phase1/input8000_rate2p5_reuse00_seed2,91,6194.697390251393,23.151066507418157,6217.848456758811,1047.7904394460284,0.0,7265.6388962048395,6906.640162,1030.953663,0.0,7937.593825
2026-07-16_ttft_component_regression/phase1/input8000_rate2p5_reuse00_seed2,60,6112.989419123044,23.289921362825613,6136.279340485869,1047.7904394460284,0.0,7184.069779931898,12375.052652999999,1050.417052,0.0,13425.469705
2026-07-16_ttft_component_regression/phase1/input8000_rate2p5_reuse00_seed2,66,5884.75750836537,23.06967733429083,5907.827185699661,1047.7904394460284,0.0,6955.617625145689,11085.169719,1041.984514,0.0,12127.154233
2026-07-16_ttft_component_regression/phase1/input8000_rate2p5_reuse00_seed2,96,5613.630566638266,23.289921362825613,5636.920488001091,1047.7904394460284,0.0,6684.7109274471195,4788.657875000001,1034.649735,0.0,5823.30761
2026-07-16_ttft_component_regression/phase1/input8000_rate2p5_reuse00_seed2,108,6263.097431603909,23.172888734715706,6286.2703203386245,1047.7904394460284,0.0,7334.060759784653,8959.967963,1032.38925,0.0,9992.357213
2026-07-16_ttft_component_regression/phase1/input8000_rate2p5_reuse00_seed2,106,6339.350309539779,23.197914955564872,6362.548224495344,1047.7904394460284,0.0,7410.338663941372,7246.03564,1038.081764,0.0,8284.117404
2026-07-16_ttft_component_regression/phase1/input8000_rate2p5_reuse00_seed2,112,6870.300516604361,23.215500751648268,6893.51601735601,1047.7904394460284,0.0,7941.306456802038,12319.11236,1046.670976,0.0,13365.783336
2026-07-16_ttft_component_regression/phase1/input8000_rate2p5_reuse00_seed2,118,6669.622664023721,23.011345764916776,6692.634009788638,1047.7904394460284,0.0,7740.424449234666,14607.67974,1045.531902,0.0,15653.211642
2026-07-16_ttft_component_regression/phase1/input8000_rate2p5_reuse00_seed2,143,6603.8553612231335,23.197914955564872,6627.053276178698,1047.7904394460284,0.0,7674.843715624726,10148.856765999999,1306.497472,0.0,11455.354238
2026-07-16_ttft_component_regression/phase1/input8000_rate2p5_reuse00_seed2,134,6630.425005428157,23.01835485763288,6653.443360285791,1047.7904394460284,0.0,7701.233799731819,12165.732668,1054.690343,0.0,13220.423011
2026-07-16_ttft_component_regression/phase1/input8000_rate2p5_reuse00_seed2,148,6903.914814219927,23.229392914709887,6927.144207134637,1047.7904394460284,0.0,7974.934646580666,13537.008558,1034.373985,0.0,14571.382543
2026-07-16_ttft_component_regression/phase1/input8000_rate2p5_reuse00_seed2,116,6707.4510648384985,23.032256903355766,6730.4833217418545,1047.7904394460284,0.0,7778.273761187883,14195.071634,1054.157425,0.0,15249.229059
2026-07-16_ttft_component_regression/phase1/input8000_rate2p5_reuse00_seed2,149,6890.958530300014,23.225934681276417,6914.18446498129,1047.7904394460284,0.0,7961.9749044273185,16010.269919,1031.317439,0.0,17041.587358
2026-07-16_ttft_component_regression/phase1/input8000_rate2p5_reuse00_seed2,152,6018.429020194981,23.23284123442968,6041.66186142941,1047.7904394460284,0.0,7089.452300875439,18487.109886000002,1030.679689,0.0,19517.789575
2026-07-16_ttft_component_regression/phase1/input8000_rate2p5_reuse00_seed2,162,9252.263639875378,23.22246655942465,9275.486106434802,1047.7904394460284,0.0,10323.276545880832,26503.545405,1054.490053,0.0,27558.035458
2026-07-16_ttft_component_regression/phase1/input8000_rate2p5_reuse00_seed2,176,10238.808313785965,23.046002757457035,10261.854316543422,1047.7904394460284,0.0,11309.644755989451,21548.185969000002,1039.412567,0.0,22587.598536
2026-07-16_ttft_component_regression/phase1/input8000_rate2p5_reuse00_seed2,189,10054.112981758197,22.982926946692682,10077.095908704889,1047.7904394460284,0.0,11124.886348150918,18753.352742,1029.445726,0.0,19782.798468
2026-07-16_ttft_component_regression/phase1/input8000_rate2p5_reuse00_seed2,155,6089.431300842092,23.07967351248706,6112.510974354579,1047.7904394460284,0.0,7160.301413800607,25521.499298000002,1034.085599,0.0,26555.584897
2026-07-16_ttft_component_regression/phase1/input8000_rate2p5_reuse00_seed2,191,10046.870384220183,22.97933198315946,10069.849716203342,1047.7904394460284,0.0,11117.64015564937,19601.513734,1047.65801,0.0,20649.171744
2026-07-16_ttft_component_regression/phase1/input8000_rate2p5_reuse00_seed2,168,10602.21979067171,23.29318691090997,10625.51297758262,1047.7904394460284,0.0,11673.303417028648,26048.442092,1043.772333,0.0,27092.214425
2026-07-16_ttft_component_regression/phase1/input8000_rate2p5_reuse00_seed2,196,9108.118690761188,22.94287028287549,9131.061561044064,1047.7904394460284,0.0,10178.852000490093,20656.678763,1052.365266,0.0,21709.044029
2026-07-16_ttft_component_regression/phase1/input8000_rate2p5_reuse00_seed2,185,10191.927914786911,23.032256903355766,10214.960171690267,1047.7904394460284,0.0,11262.750611136296,19496.902142,1030.057795,0.0,20526.959937
2026-07-16_ttft_component_regression/phase1/input8000_rate2p5_reuse00_seed2,223,6279.7730206473225,24.80490490283449,6304.577925550157,1047.7904394460284,0.0,7352.368364996185,25249.431389,1316.993783,0.0,26566.425172
2026-07-16_ttft_component_regression/phase1/input8000_rate2p5_reuse00_seed2,202,9243.975515530077,22.986512499608494,9266.962028029686,1047.7904394460284,0.0,10314.752467475715,27457.308209,1052.3666,0.0,28509.674809
2026-07-16_ttft_component_regression/phase1/input8000_rate2p5_reuse00_seed2,234,6277.519903365933,24.81292751129886,6302.332830877232,1047.7904394460284,0.0,7350.12327032326,24735.379956,1026.985742,0.0,25762.365698
2026-07-16_ttft_component_regression/phase1/input8000_rate2p5_reuse00_seed2,227,6292.179638806726,24.824887877661496,6317.004526684387,1047.7904394460284,0.0,7364.794966130416,25276.391117,1030.424759,0.0,26306.815876
2026-07-16_ttft_component_regression/phase1/input8000_rate2p5_reuse00_seed2,251,6402.913026507833,23.13262375961625,6426.045650267449,1047.7904394460284,0.0,7473.836089713477,25653.575079,1029.720277,0.0,26683.295356
2026-07-16_ttft_component_regression/phase1/input8000_rate2p5_reuse00_seed2,204,9289.281420973206,23.00076010325351,9312.28218107646,1047.7904394460284,0.0,10360.07262052249,30109.651039,1035.507873,0.0,31145.158912
2026-07-16_ttft_component_regression/phase1/input8000_rate2p5_reuse00_seed2,206,9276.614283170848,22.997212443732337,9299.61149561458,1047.7904394460284,0.0,10347.401935060607,29913.553923000003,1058.725199,0.0,30972.279122
2026-07-16_ttft_component_regression/phase1/input8000_rate2p5_reuse00_seed2,236,6308.971293076897,24.867976373868856,6333.839269450767,1047.7904394460284,0.0,7381.629708896795,26078.303043999997,1051.190392,0.0,27129.493436
2026-07-16_ttft_component_regression/phase1/input8000_rate2p5_reuse00_seed2,260,14387.362828864088,24.799235863365862,14412.162064727454,1047.7904394460284,0.0,15459.952504173481,37467.172493,1048.561228,0.0,38515.733721
2026-07-16_ttft_component_regression/phase1/input8000_rate2p5_reuse00_seed2,253,13088.500931276321,23.15472708609215,13111.655658362413,1047.7904394460284,0.0,14159.446097808443,35763.234874999995,1033.681524,0.0,36796.916399
2026-07-16_ttft_component_regression/phase1/input8000_rate2p5_reuse00_seed2,255,13457.986370698656,23.15837828215835,13481.144748980814,1047.7904394460284,0.0,14528.935188426844,36981.358987,1032.477443,0.0,38013.83643
2026-07-16_ttft_component_regression/phase1/input8000_rate2p5_reuse00_seed2,277,14788.360575225446,24.823243241613955,14813.18381846706,1047.7904394460284,0.0,15860.974257913087,35299.366488,1053.512827,0.0,36352.879315
2026-07-16_ttft_component_regression/phase1/input8000_rate2p5_reuse00_seed2,287,16104.261119993973,24.86295161501882,16129.124071608992,1047.7904394460284,0.0,17176.91451105502,34931.707985,1022.856685,0.0,35954.56467
2026-07-16_ttft_component_regression/phase1/input8000_rate2p5_reuse00_seed2,268,15933.051945053769,24.85523084621176,15957.90717589998,1047.7904394460284,0.0,17005.69761534601,36039.912091000006,1041.712932,0.0,37081.625023
2026-07-16_ttft_component_regression/phase1/input8000_rate2p5_reuse00_seed2,283,16297.177947641503,24.91213249952558,16322.090080141028,1047.7904394460284,0.0,17369.880519587055,34648.80835,1310.716192,0.0,35959.524542
2026-07-16_ttft_component_regression/phase1/input8000_rate2p5_reuse00_seed2,18,0.015614062478286152,0.6215959678845017,0.6372100303627878,1047.7904394460284,0.0,1048.4276494763913,0.016989,936.703457,0.0,936.720446
2026-07-16_ttft_component_regression/phase1/input8000_rate2p5_reuse00_seed2,49,0.016028371491045783,0.393914680983953,0.4099430524749988,1047.7904394460284,0.0,1048.2003824985034,0.030554,936.703457,0.0,936.734011
2026-07-16_ttft_component_regression/phase1/input8000_rate2p5_reuse00_seed2,72,0.0,10.653531638760159,10.653531638760159,1047.7904394460284,0.0,1058.4439710847885,7.408216,977.460273,0.0,984.868489
2026-07-16_ttft_component_regression/phase1/input8000_rate2p5_reuse00_seed2,65,0.0,6.507366725665268,6.507366725665268,1047.7904394460284,0.0,1054.2978061716935,0.236724,966.912572,0.0,967.149296
2026-07-16_ttft_component_regression/phase1/input8000_rate2p5_reuse00_seed2,89,0.058439837025918415,14.70549707412729,14.763936911153209,1047.7904394460284,0.0,1062.5543763571816,633.086937,1253.175589,0.0,1886.262526
2026-07-16_ttft_component_regression/phase1/input8000_rate2p5_reuse00_seed2,88,0.05174272676831315,13.241180719423747,13.292923446192061,1047.7904394460284,0.0,1061.0833628922205,10.362079,1003.545343,0.0,1013.907422
2026-07-16_ttft_component_regression/phase1/input8000_rate2p5_reuse00_seed2,102,0.05780913071739664,14.726883536105367,14.784692666822764,1047.7904394460284,0.0,1062.5751321128512,7.403327,994.334694,0.0,1001.738021
2026-07-16_ttft_component_regression/phase1/input8000_rate2p5_reuse00_seed2,107,0.0,15.472140922642025,15.472140922642025,1047.7904394460284,0.0,1063.2625803686703,18.221732,1005.85114,0.0,1024.072872
2026-07-16_ttft_component_regression/phase1/input8000_rate2p5_reuse00_seed2,129,0.0,15.361032295130059,15.361032295130059,1047.7904394460284,0.0,1063.1514717411585,606.985793,1274.206829,0.0,1881.192622
2026-07-16_ttft_component_regression/phase1/input8000_rate2p5_reuse00_seed2,123,0.02599776954138181,14.727805636021436,14.753803405562818,1047.7904394460284,0.0,1062.5442428515912,594.241945,1329.890949,0.0,1924.132894
2026-07-16_ttft_component_regression/phase1/input8000_rate2p5_reuse00_seed2,122,0.02586599220598731,13.24587795417199,13.271743946377978,1047.7904394460284,0.0,1061.0621833924063,19.269456,1012.911506,0.0,1032.180962
2026-07-16_ttft_component_regression/phase1/input8000_rate2p5_reuse00_seed2,137,0.0,16.593141658722704,16.593141658722704,1047.7904394460284,0.0,1064.383581104751,23.762223,1029.288377,0.0,1053.0506
2026-07-16_ttft_component_regression/phase1/input8000_rate2p5_reuse00_seed2,141,0.21465032049508448,19.960530970989982,20.175181291485067,1047.7904394460284,0.0,1067.9656207375135,1.752636,1027.30984,0.0,1029.062476
2026-07-16_ttft_component_regression/phase1/input8000_rate2p5_reuse00_seed2,203,0.0,6.493763185624478,6.493763185624478,1047.7904394460284,0.0,1054.2842026316528,0.324333,988.868348,0.0,989.192681
2026-07-16_ttft_component_regression/phase1/input8000_rate2p5_reuse00_seed2,208,0.0,10.667079351656083,10.667079351656083,1047.7904394460284,0.0,1058.4575187976845,5.935257,1009.188701,0.0,1015.123958
2026-07-16_ttft_component_regression/phase1/input8000_rate2p5_reuse00_seed2,213,0.026468558220627752,15.88355028430708,15.910018842527709,1047.7904394460284,0.0,1063.700458288556,95.571843,1318.621011,0.0,1414.192854
2026-07-16_ttft_component_regression/phase1/input8000_rate2p5_reuse00_seed2,192,0.018466390290574064,0.4525051634325097,0.47097155372308375,1047.7904394460284,0.0,1048.2614109997514,0.012002,951.19427,0.0,951.206272
2026-07-16_ttft_component_regression/phase1/input8000_rate2p5_reuse00_seed2,216,0.0,15.350273086928468,15.350273086928468,1047.7904394460284,0.0,1063.1407125329567,629.863027,1261.351115,0.0,1891.214142
2026-07-16_ttft_component_regression/phase1/input8000_rate2p5_reuse00_seed2,209,0.02340577360000554,14.328834080460421,14.352239854060427,1047.7904394460284,0.0,1062.1426793000887,209.181312,1300.11507,0.0,1509.296382
2026-07-16_ttft_component_regression/phase1/input8000_rate2p5_reuse00_seed2,232,0.0,17.908163903352918,17.908163903352918,1047.7904394460284,0.0,1065.6986033493813,15.666627,1031.939011,0.0,1047.605638
2026-07-16_ttft_component_regression/phase1/input8000_rate2p5_reuse00_seed2,239,0.17936276068545637,21.39729228383129,21.576655044516748,1047.7904394460284,0.0,1069.367094490545,17.570079,1029.983863,0.0,1047.553942
2026-07-16_ttft_component_regression/phase1/input8000_rate2p5_reuse00_seed2,256,6417.880535710273,23.208495693744634,6441.089031404017,1047.7904394460284,0.0,7488.879470850045,7373.927399,1033.901231,0.0,8407.82863
2026-07-16_ttft_component_regression/phase1/input8000_rate2p5_reuse00_seed2,272,3551.9634806551226,24.970362426236274,3576.9338430813586,1047.7904394460284,0.0,4624.724282527387,2314.297854,1049.865451,0.0,3364.163305
2026-07-16_ttft_component_regression/phase1/input8000_rate2p5_reuse00_seed2,252,4849.641811689934,23.260067863168892,4872.901879553103,1047.7904394460284,0.0,5920.692318999131,3702.5123799999997,1048.655661,0.0,4751.168041
2026-07-16_ttft_component_regression/phase1/input8000_rate2p5_reuse00_seed2,297,0.11957396241658706,15.80114225453637,15.920716216952956,1047.7904394460284,0.0,1063.7111556629814,9.333812,1013.315623,0.0,1022.649435
2026-07-16_ttft_component_regression/phase1/input8000_rate2p5_reuse00_seed2,0,0.016769757832158384,0.6523771679468272,0.6691469257789856,1047.7904394460284,0.0,1048.4595863718073,0.0,936.703457,0.0,936.703457
2026-07-16_ttft_component_regression/phase1/input8000_rate2p5_reuse00_seed2,21,0.0,7.734254970719832,7.734254970719832,1047.7904394460284,0.0,1055.5246944167482,13.599162,968.448732,0.0,982.047894
2026-07-16_ttft_component_regression/phase1/input8000_rate2p5_reuse00_seed2,43,0.0,7.082747866369653,7.082747866369653,1047.7904394460284,0.0,1054.873187312398,7.240461,968.31206,0.0,975.552521
2026-07-16_ttft_component_regression/phase1/input8000_rate2p5_reuse00_seed2,74,0.02537074979869341,13.213917044041159,13.239287793839852,1047.7904394460284,0.0,1061.0297272398682,2.231897,986.120599,0.0,988.352496
2026-07-16_ttft_component_regression/phase1/input8000_rate2p5_reuse00_seed2,79,0.055966927779517735,14.785445222454383,14.8414121502339,1047.7904394460284,0.0,1062.6318515962623,90.446137,992.588902,0.0,1083.035039
2026-07-16_ttft_component_regression/phase1/input8000_rate2p5_reuse00_seed2,69,0.0,6.4948627571698605,6.4948627571698605,1047.7904394460284,0.0,1054.2853022031982,14.00027,968.214172,0.0,982.214442
2026-07-16_ttft_component_regression/phase1/input8000_rate2p5_reuse00_seed2,71,0.0,10.68254118007971,10.68254118007971,1047.7904394460284,0.0,1058.472980626108,17.653217,977.309009,0.0,994.962226
2026-07-16_ttft_component_regression/phase1/input8000_rate2p5_reuse00_seed2,97,0.0,15.471553846168337,15.471553846168337,1047.7904394460284,0.0,1063.2619932921966,20.126605,1006.465156,0.0,1026.591761
2026-07-16_ttft_component_regression/phase1/input8000_rate2p5_reuse00_seed2,119,0.028958538068925968,14.639068622301744,14.66802716037067,1047.7904394460284,0.0,1062.458466606399,4.852249,1027.43801,0.0,1032.290259
2026-07-16_ttft_component_regression/phase1/input8000_rate2p5_reuse00_seed2,115,0.05677000490141147,14.760584858997492,14.817354863898903,1047.7904394460284,0.0,1062.6077943099272,14.176948,1000.374239,0.0,1014.551187
2026-07-16_ttft_component_regression/phase1/input8000_rate2p5_reuse00_seed2,121,0.0,15.349712012608602,15.349712012608602,1047.7904394460284,0.0,1063.1401514586369,228.686637,1283.69783,0.0,1512.384467
2026-07-16_ttft_component_regression/phase1/input8000_rate2p5_reuse00_seed2,150,0.052880563818271546,13.311509326430752,13.364389890249024,1047.7904394460284,0.0,1061.1548293362773,4.751288,997.574939,0.0,1002.326227
2026-07-16_ttft_component_regression/phase1/input8000_rate2p5_reuse00_seed2,156,0.026967481543763588,14.700081427978802,14.727048909522566,1047.7904394460284,0.0,1062.517488355551,9.560639,1022.838506,0.0,1032.399145
2026-07-16_ttft_component_regression/phase1/input8000_rate2p5_reuse00_seed2,172,0.024971493122477442,13.188433380319678,13.213404873442155,1047.7904394460284,0.0,1061.0038443194705,16.324616,1002.835409,0.0,1019.160025
2026-07-16_ttft_component_regression/phase1/input8000_rate2p5_reuse00_seed2,187,0.0,15.341008253101947,15.341008253101947,1047.7904394460284,0.0,1063.1314476991304,21.331477,1020.143457,0.0,1041.474934
2026-07-16_ttft_component_regression/phase1/input8000_rate2p5_reuse00_seed2,183,0.02921481288097385,14.630767288373836,14.65998210125481,1047.7904394460284,0.0,1062.4504215472832,6.04978,997.297423,0.0,1003.347203
2026-07-16_ttft_component_regression/phase1/input8000_rate2p5_reuse00_seed2,181,0.02804437817731068,14.66781451922543,14.695858897402742,1047.7904394460284,0.0,1062.4862983434311,6.011075,1004.780754,0.0,1010.791829
2026-07-16_ttft_component_regression/phase1/input8000_rate2p5_reuse00_seed2,199,0.0,16.52207530447835,16.52207530447835,1047.7904394460284,0.0,1064.3125147505068,0.712785,1042.378557,0.0,1043.091342
2026-07-16_ttft_component_regression/phase1/input8000_rate2p5_reuse00_seed2,218,0.030946033424611025,14.571553782705651,14.602499816130262,1047.7904394460284,0.0,1062.3929392621585,11.696745,1009.742135,0.0,1021.43888
2026-07-16_ttft_component_regression/phase1/input8000_rate2p5_reuse00_seed2,233,0.0,11.575886135626067,11.575886135626067,1047.7904394460284,0.0,1059.3663255816543,3.098142,992.124482,0.0,995.222624
2026-07-16_ttft_component_regression/phase1/input8000_rate2p5_reuse00_seed2,237,0.023007282042032007,14.301351518705033,14.324358800747065,1047.7904394460284,0.0,1062.1147982467755,215.01665,1012.560444,0.0,1227.577094
2026-07-16_ttft_component_regression/phase1/input8000_rate2p5_reuse00_seed2,245,0.027375281260189493,14.688054297969309,14.715429579229498,1047.7904394460284,0.0,1062.5058690252579,5.289736,1011.292193,0.0,1016.581929
2026-07-16_ttft_component_regression/phase1/input8000_rate2p5_reuse00_seed2,280,0.0,17.920947015897653,17.920947015897653,1047.7904394460284,0.0,1065.711386461926,15.166147,1024.135649,0.0,1039.301796
2026-07-16_ttft_component_regression/phase1/input8000_rate2p5_reuse00_seed2,274,0.0008256094524960859,16.63755623039305,16.638381839845543,1047.7904394460284,0.0,1064.428821285874,3.71499,1025.826003,0.0,1029.540993
2026-07-16_ttft_component_regression/phase1/input8000_rate2p5_reuse00_seed2,269,0.1994161853843881,14.371845447654929,14.571261633039317,1047.7904394460284,0.0,1062.3617010790676,11.080949,1034.40158,0.0,1045.482529
2026-07-16_ttft_component_regression/phase1/input8000_rate2p5_reuse00_seed2,270,0.19966696114995452,15.947159599164763,16.146826560314718,1047.7904394460284,0.0,1063.9372660063432,718.912913,1288.563895,0.0,2007.476808
2026-07-16_ttft_component_regression/phase1/input8000_rate2p5_reuse00_seed2,285,0.39352390690422007,21.456543770172914,21.850067677077135,1047.7904394460284,0.0,1069.6405071231054,23.680683,1030.792582,0.0,1054.473265
2026-07-16_ttft_component_regression/phase1/input8000_rate2p5_reuse00_seed2,294,7196.489914884026,24.94151515205752,7221.431430036084,1047.7904394460284,0.0,8269.221869482113,6324.664301,1033.190582,0.0,7357.854883
2026-07-16_ttft_component_regression/phase1/input8000_rate2p5_reuse00_seed2,299,7250.23920051563,24.970362426236274,7275.209562941866,1047.7904394460284,0.0,8323.000002387895,8204.520845,1040.654808,0.0,9245.175653
2026-07-16_ttft_component_regression/phase1/input8000_rate2p5_reuse00_seed2,298,6744.426695988673,25.00200994153928,6769.428705930212,1047.7904394460284,0.0,7817.219145376241,5738.213056,1046.167554,0.0,6784.38061
2026-07-16_ttft_component_regression/phase1/input8000_rate2p5_reuse00_seed2,9,0.015513068327885215,0.619004140335819,0.6345172086637042,1047.7904394460284,0.0,1048.424956654692,0.005222,936.703457,0.0,936.708679
2026-07-16_ttft_component_regression/phase1/input8000_rate2p5_reuse00_seed2,24,0.0,7.7486984987343375,7.7486984987343375,1047.7904394460284,0.0,1055.5391379447626,6.145839,967.179388,0.0,973.325227
2026-07-16_ttft_component_regression/phase1/input8000_rate2p5_reuse00_seed2,36,0.0,12.572737171060995,12.572737171060995,1047.7904394460284,0.0,1060.3631766170893,15.270064,978.464017,0.0,993.734081
2026-07-16_ttft_component_regression/phase1/input8000_rate2p5_reuse00_seed2,68,0.0,6.510286771142887,6.510286771142887,1047.7904394460284,0.0,1054.3007262171714,467.233498,1254.627475,0.0,1721.860973
2026-07-16_ttft_component_regression/phase1/input8000_rate2p5_reuse00_seed2,70,0.0,10.649446251866568,10.649446251866568,1047.7904394460284,0.0,1058.4398856978949,199.20979,1210.954922,0.0,1410.164712
2026-07-16_ttft_component_regression/phase1/input8000_rate2p5_reuse00_seed2,67,0.01708412399118857,0.41811096025227257,0.43519508424346115,1047.7904394460284,0.0,1048.225634530272,0.053587,954.519522,0.0,954.573109
2026-07-16_ttft_component_regression/phase1/input8000_rate2p5_reuse00_seed2,81,0.051533714313533326,13.228458569723887,13.279992284037421,1047.7904394460284,0.0,1061.0704317300658,11.475702,985.798903,0.0,997.274605
2026-07-16_ttft_component_regression/phase1/input8000_rate2p5_reuse00_seed2,93,0.05806316235044278,14.718358851482513,14.776422013832956,1047.7904394460284,0.0,1062.5668614598612,8.196931,993.760102,0.0,1001.957033
2026-07-16_ttft_component_regression/phase1/input8000_rate2p5_reuse00_seed2,100,0.0,15.46676633298876,15.46676633298876,1047.7904394460284,0.0,1063.257205779017,10.547359,1010.622232,0.0,1021.169591
2026-07-16_ttft_component_regression/phase1/input8000_rate2p5_reuse00_seed2,120,0.023348583331375204,13.087283994979506,13.11063257831088,1047.7904394460284,0.0,1060.9010720243393,12.204082,1005.631289,0.0,1017.835371
2026-07-16_ttft_component_regression/phase1/input8000_rate2p5_reuse00_seed2,161,0.05037300372122687,13.158855904569714,13.20922890829094,1047.7904394460284,0.0,1060.9996683543193,20.669306,949.660977,0.0,970.330283
2026-07-16_ttft_component_regression/phase1/input8000_rate2p5_reuse00_seed2,151,0.02480064375371633,6.5760646141745385,6.6008652579282545,1047.7904394460284,0.0,1054.3913047039566,8.845465,977.731846,0.0,986.577311
2026-07-16_ttft_component_regression/phase1/input8000_rate2p5_reuse00_seed2,157,0.0,10.65458677997063,10.65458677997063,1047.7904394460284,0.0,1058.445026225999,12.599902,988.756367,0.0,1001.356269
2026-07-16_ttft_component_regression/phase1/input8000_rate2p5_reuse00_seed2,165,0.0583148643149536,14.709794309465465,14.768109173780418,1047.7904394460284,0.0,1062.5585486198088,4.654791,1013.740348,0.0,1018.395139
2026-07-16_ttft_component_regression/phase1/input8000_rate2p5_reuse00_seed2,190,0.02436765453838555,13.150352953040409,13.174720607578795,1047.7904394460284,0.0,1060.9651600536072,13.663493,998.878991,0.0,1012.542484
2026-07-16_ttft_component_regression/phase1/input8000_rate2p5_reuse00_seed2,210,0.0,7.110128438353241,7.110128438353241,1047.7904394460284,0.0,1054.9005678843816,0.929046,981.025203,0.0,981.954249
2026-07-16_ttft_component_regression/phase1/input8000_rate2p5_reuse00_seed2,222,0.0,6.524382092949735,6.524382092949735,1047.7904394460284,0.0,1054.314821538978,4.349353,981.499306,0.0,985.848659
2026-07-16_ttft_component_regression/phase1/input8000_rate2p5_reuse00_seed2,235,0.0,11.545501492509407,11.545501492509407,1047.7904394460284,0.0,1059.3359409385378,9.402159,1007.182525,0.0,1016.584684
2026-07-16_ttft_component_regression/phase1/input8000_rate2p5_reuse00_seed2,250,0.0,265.41450780497667,265.41450780497667,1047.7904394460284,0.0,1313.204947251005,1622.295918,1343.578303,0.0,2965.874221
2026-07-16_ttft_component_regression/phase1/input8000_rate2p5_reuse00_seed2,241,0.03222706003484403,14.52366459857863,14.555891658613474,1047.7904394460284,0.0,1062.3463311046419,560.368824,1305.497951,0.0,1865.866775
2026-07-16_ttft_component_regression/phase1/input8000_rate2p5_reuse00_seed2,248,0.0,15.459268302822144,15.459268302822144,1047.7904394460284,0.0,1063.2497077488506,725.463138,1335.551204,0.0,2061.014342
2026-07-16_ttft_component_regression/phase1/input8000_rate2p5_reuse00_seed2,240,0.02179221463785835,12.993655688437507,13.015447903075366,1047.7904394460284,0.0,1060.8058873491036,7.408214,1033.632073,0.0,1041.040287
2026-07-16_ttft_component_regression/phase1/input8000_rate2p5_reuse00_seed2,258,0.19096354655608347,19.795111057922853,19.986074604478937,1047.7904394460284,0.0,1067.7765140505073,1.811754,1248.952891,0.0,1250.764645
2026-07-16_ttft_component_regression/phase1/input8000_rate2p5_reuse00_seed2,279,0.0,17.901082817049637,17.901082817049637,1047.7904394460284,0.0,1065.691522263078,12.67948,1045.089355,0.0,1057.768835
2026-07-16_ttft_component_regression/phase1/input8000_rate2p5_reuse00_seed2,284,6421.29894849909,24.91954201066886,6446.218490509759,1047.7904394460284,0.0,7494.008929955788,5034.2037310000005,1042.053406,0.0,6076.257137
2026-07-16_ttft_component_regression/phase1/input8000_rate2p5_reuse00_seed2,281,0.28539115830625883,21.40700454337889,21.692395701685147,1047.7904394460284,0.0,1069.4828351477136,421.449522,1300.824505,0.0,1722.274027
2026-07-16_ttft_component_regression/phase1/input8000_rate2p5_reuse00_seed2,293,7501.4490227934775,24.900939166938997,7526.349961960416,1047.7904394460284,0.0,8574.140401406445,7755.892559000001,1053.916666,0.0,8809.809225
2026-07-16_ttft_component_regression/phase1/input8000_rate2p5_reuse00_seed2,296,6159.216292783676,24.934160744712106,6184.150453528388,1047.7904394460284,0.0,7231.940892974417,9807.409306,1051.22805,0.0,10858.637356
2026-07-16_ttft_component_regression/phase1/input8000_rate2p5_reuse00_seed2,290,7237.304282642716,24.959530242100822,7262.2638128848175,1047.7904394460284,0.0,8310.054252330847,6455.481242,1047.589798,0.0,7503.07104
2026-07-16_ttft_component_regression/phase1/input8000_rate2p5_reuse00_seed2,16,0.02251722711281493,15.377926780588624,15.400444007701438,1047.7904394460284,0.0,1063.1908834537298,233.891206,1291.180367,0.0,1525.071573
2026-07-16_ttft_component_regression/phase1/input8000_rate2p5_reuse00_seed2,17,0.03133472861357356,321.1493775801751,321.18071230878866,1047.7904394460284,0.0,1368.9711517548171,1202.36018,1217.800762,0.0,2420.160942
2026-07-16_ttft_component_regression/phase1/input8000_rate2p5_reuse00_seed2,12,0.0,12.579877482684832,12.579877482684832,1047.7904394460284,0.0,1060.3703169287132,393.281946,1270.549596,0.0,1663.831542
2026-07-16_ttft_component_regression/phase1/input8000_rate2p5_reuse00_seed2,11,0.0,7.745230726035164,7.745230726035164,1047.7904394460284,0.0,1055.5356701720634,16.349396,983.454401,0.0,999.803797
2026-07-16_ttft_component_regression/phase1/input8000_rate2p5_reuse00_seed2,4,0.01686141304952436,0.6549149068677966,0.671776319917321,1047.7904394460284,0.0,1048.4622157659458,0.062966,936.703457,0.0,936.766423
2026-07-16_ttft_component_regression/phase1/input8000_rate2p5_reuse00_seed2,31,0.0,19.3844324983972,19.3844324983972,1047.7904394460284,0.0,1067.1748719444256,8.622472,1013.294018,0.0,1021.91649
2026-07-16_ttft_component_regression/phase1/input8000_rate2p5_reuse00_seed2,28,0.0,18.035517874266,18.035517874266,1047.7904394460284,0.0,1065.8259573202943,18.479918,1003.875972,0.0,1022.35589
2026-07-16_ttft_component_regression/phase1/input8000_rate2p5_reuse00_seed2,58,0.15714392878849612,19.61947825893743,19.776622187725927,1047.7904394460284,0.0,1067.5670616337543,21.443377,1025.552561,0.0,1046.995938
2026-07-16_ttft_component_regression/phase1/input8000_rate2p5_reuse00_seed2,80,0.0,10.743030346828906,10.743030346828906,1047.7904394460284,0.0,1058.5334697928572,13.459212,983.19189,0.0,996.651102
2026-07-16_ttft_component_regression/phase1/input8000_rate2p5_reuse00_seed2,85,0.05174272676831315,13.241180719423747,13.292923446192061,1047.7904394460284,0.0,1061.0833628922205,15.932617,1001.169488,0.0,1017.102105
2026-07-16_ttft_component_regression/phase1/input8000_rate2p5_reuse00_seed2,101,0.0,10.751808177930409,10.751808177930409,1047.7904394460284,0.0,1058.5422476239587,7.173763,992.352472,0.0,999.526235
2026-07-16_ttft_component_regression/phase1/input8000_rate2p5_reuse00_seed2,109,0.05236586757665757,13.279467801427339,13.331833669003997,1047.7904394460284,0.0,1061.1222731150324,19.441031,1001.972892,0.0,1021.413923
2026-07-16_ttft_component_regression/phase1/input8000_rate2p5_reuse00_seed2,128,0.027778335668026958,14.675939661964808,14.703717997632834,1047.7904394460284,0.0,1062.4941574436612,601.739569,1263.27861,0.0,1865.018179
2026-07-16_ttft_component_regression/phase1/input8000_rate2p5_reuse00_seed2,127,0.02586599220598731,13.24587795417199,13.271743946377978,1047.7904394460284,0.0,1061.0621833924063,5.402212,1015.074023,0.0,1020.476235
2026-07-16_ttft_component_regression/phase1/input8000_rate2p5_reuse00_seed2,153,0.0,16.6746996649812,16.6746996649812,1047.7904394460284,0.0,1064.4651391110096,4.930769,1028.014265,0.0,1032.945034
2026-07-16_ttft_component_regression/phase1/input8000_rate2p5_reuse00_seed2,140,0.02830827544026471,14.659650329293346,14.68795860473361,1047.7904394460284,0.0,1062.478398050762,5.433152,1025.337865,0.0,1030.771017
2026-07-16_ttft_component_regression/phase1/input8000_rate2p5_reuse00_seed2,146,0.0,15.47899784468589,15.47899784468589,1047.7904394460284,0.0,1063.2694372907142,13.194197,1025.129178,0.0,1038.323375
2026-07-16_ttft_component_regression/phase1/input8000_rate2p5_reuse00_seed2,171,0.0,16.661833384639333,16.661833384639333,1047.7904394460284,0.0,1064.4522728306677,5.702711,1039.887954,0.0,1045.590665
2026-07-16_ttft_component_regression/phase1/input8000_rate2p5_reuse00_seed2,173,0.0,16.53108648713552,16.53108648713552,1047.7904394460284,0.0,1064.321525933164,22.06043,1035.305934,0.0,1057.366364
2026-07-16_ttft_component_regression/phase1/input8000_rate2p5_reuse00_seed2,194,0.0,16.52565826517203,16.52565826517203,1047.7904394460284,0.0,1064.3160977112004,21.426966,1025.666098,0.0,1047.093064
2026-07-16_ttft_component_regression/phase1/input8000_rate2p5_reuse00_seed2,184,0.0,16.553454929775917,16.553454929775917,1047.7904394460284,0.0,1064.3438943758042,16.508347,1043.593079,0.0,1060.101426
2026-07-16_ttft_component_regression/phase1/input8000_rate2p5_reuse00_seed2,200,0.0,15.342793421736847,15.342793421736847,1047.7904394460284,0.0,1063.1332328677652,16.258944,1014.89436,0.0,1031.153304
2026-07-16_ttft_component_regression/phase1/input8000_rate2p5_reuse00_seed2,205,0.0,15.343383423427301,15.343383423427301,1047.7904394460284,0.0,1063.1338228694556,12.470571,1031.604709,0.0,1044.07528
2026-07-16_ttft_component_regression/phase1/input8000_rate2p5_reuse00_seed2,219,0.0,15.349712012608602,15.349712012608602,1047.7904394460284,0.0,1063.1401514586369,3.860279,1036.38484,0.0,1040.245119
2026-07-16_ttft_component_regression/phase1/input8000_rate2p5_reuse00_seed2,242,0.02406356495811997,13.131379293739954,13.155442858698073,1047.7904394460284,0.0,1060.9458823047264,5.410616,1020.444658,0.0,1025.855274
2026-07-16_ttft_component_regression/phase1/input8000_rate2p5_reuse00_seed2,244,0.0,263.9938904677354,263.9938904677354,1047.7904394460284,0.0,1311.7843299137637,1114.97184,1268.590372,0.0,2383.562212
2026-07-16_ttft_component_regression/phase1/input8000_rate2p5_reuse00_seed2,264,0.003702306825318845,16.628589131902753,16.63229143872807,1047.7904394460284,0.0,1064.4227308847564,6.544589,1044.474647,0.0,1051.019236
2026-07-16_ttft_component_regression/phase1/input8000_rate2p5_reuse00_seed2,243,0.0284394150768578,14.655553572462576,14.683992987539433,1047.7904394460284,0.0,1062.4744324335677,596.660659,1310.355974,0.0,1907.016633
2026-07-16_ttft_component_regression/phase1/input8000_rate2p5_reuse00_seed2,265,0.0,17.897203630950507,17.897203630950507,1047.7904394460284,0.0,1065.687643076979,578.372665,1300.610278,0.0,1878.982943
2026-07-16_ttft_component_regression/phase1/input8000_rate2p5_reuse00_seed2,291,0.057504498626501525,17.888072349610123,17.945576848236623,1047.7904394460284,0.0,1065.736016294265,11.158895,1015.438898,0.0,1026.597793
2026-07-16_ttft_component_regression/phase1/input8000_rate2p5_reuse00_seed2,19,0.015308900731901009,0.6138084676554784,0.6291173683873794,1047.7904394460284,0.0,1048.4195568144157,0.000186,936.703457,0.0,936.703643
2026-07-16_ttft_component_regression/phase1/input8000_rate2p5_reuse00_seed2,32,0.0,7.763553394839559,7.763553394839559,1047.7904394460284,0.0,1055.553992840868,4.518425,984.550497,0.0,989.068922
2026-07-16_ttft_component_regression/phase1/input8000_rate2p5_reuse00_seed2,37,0.022826701435483494,15.399820357797294,15.422647059232778,1047.7904394460284,0.0,1063.2130865052611,6.134407,986.167575,0.0,992.301982
2026-07-16_ttft_component_regression/phase1/input8000_rate2p5_reuse00_seed2,33,0.0,12.572737171060995,12.572737171060995,1047.7904394460284,0.0,1060.3631766170893,361.546315,1230.546265,0.0,1592.09258
2026-07-16_ttft_component_regression/phase1/input8000_rate2p5_reuse00_seed2,64,0.0,16.504584790629316,16.504584790629316,1047.7904394460284,0.0,1064.2950242366576,750.402489,1244.605084,0.0,1995.007573
2026-07-16_ttft_component_regression/phase1/input8000_rate2p5_reuse00_seed2,61,0.057681245921417365,14.73113094983607,14.788812195757487,1047.7904394460284,0.0,1062.579251641786,73.484883,1291.683286,0.0,1365.168169
2026-07-16_ttft_component_regression/phase1/input8000_rate2p5_reuse00_seed2,59,0.051846992038626964,13.247549388150077,13.299396380188703,1047.7904394460284,0.0,1061.089835826217,0.046089,1003.501631,0.0,1003.54772
2026-07-16_ttft_component_regression/phase1/input8000_rate2p5_reuse00_seed2,62,0.0,15.470964282906957,15.470964282906957,1047.7904394460284,0.0,1063.2614037289354,604.567777,1310.811709,0.0,1915.379486
2026-07-16_ttft_component_regression/phase1/input8000_rate2p5_reuse00_seed2,75,0.16712757146249166,19.680809254366334,19.847936825828825,1047.7904394460284,0.0,1067.6383762718572,25.400824,1021.812593,0.0,1047.213417
2026-07-16_ttft_component_regression/phase1/input8000_rate2p5_reuse00_seed2,82,5650.600717865935,23.15837828215835,5673.759096148093,1047.7904394460284,0.0,6721.549535594121,3584.599099,1036.230777,0.0,4620.829876
2026-07-16_ttft_component_regression/phase1/input8000_rate2p5_reuse00_seed2,103,6400.853882965215,23.16202007033648,6424.015903035552,1047.7904394460284,0.0,7471.80634248158,3815.120256,1043.056088,0.0,4858.176344
2026-07-16_ttft_component_regression/phase1/input8000_rate2p5_reuse00_seed2,86,6497.459192609121,23.190812657661763,6520.6500052667825,1047.7904394460284,0.0,7568.440444712811,7678.597592,1059.692923,0.0,8738.290515
2026-07-16_ttft_component_regression/phase1/input8000_rate2p5_reuse00_seed2,90,6022.206317379151,23.194368636995996,6045.400686016147,1047.7904394460284,0.0,7093.1911254621755,6292.366169,1311.613764,0.0,7603.979933
2026-07-16_ttft_component_regression/phase1/input8000_rate2p5_reuse00_seed2,124,0.0,16.504584790629316,16.504584790629316,1047.7904394460284,0.0,1064.2950242366576,23.805236,1025.383203,0.0,1049.188439
2026-07-16_ttft_component_regression/phase1/input8000_rate2p5_reuse00_seed2,163,0.050053288940887015,13.139984175051922,13.190037463992809,1047.7904394460284,0.0,1060.9804769100213,9.509024,1018.173941,0.0,1027.682965
2026-07-16_ttft_component_regression/phase1/input8000_rate2p5_reuse00_seed2,159,0.023655922434250232,13.106151410567367,13.129807333001617,1047.7904394460284,0.0,1060.9202467790299,6.146195,1004.729703,0.0,1010.875898
2026-07-16_ttft_component_regression/phase1/input8000_rate2p5_reuse00_seed2,166,0.05989311508585524,14.653149387273652,14.713042502359507,1047.7904394460284,0.0,1062.5034819483878,526.342581,1312.852343,0.0,1839.194924
2026-07-16_ttft_component_regression/phase1/input8000_rate2p5_reuse00_seed2,169,0.0,15.455369093584848,15.455369093584848,1047.7904394460284,0.0,1063.245808539613,436.416159,1273.200846,0.0,1709.617005
2026-07-16_ttft_component_regression/phase1/input8000_rate2p5_reuse00_seed2,179,0.031420079009701174,14.554279020134656,14.585699099144357,1047.7904394460284,0.0,1062.3761385451728,15.798627,1015.287609,0.0,1031.086236
2026-07-16_ttft_component_regression/phase1/input8000_rate2p5_reuse00_seed2,197,0.0,16.491092037703947,16.491092037703947,1047.7904394460284,0.0,1064.2815314837324,0.247553,1044.357027,0.0,1044.60458
2026-07-16_ttft_component_regression/phase1/input8000_rate2p5_reuse00_seed2,186,0.0,15.337981451571393,15.337981451571393,1047.7904394460284,0.0,1063.1284208975997,22.06883,1025.9751,0.0,1048.04393
2026-07-16_ttft_component_regression/phase1/input8000_rate2p5_reuse00_seed2,220,0.02416508623485556,13.137698859170735,13.16186394540559,1047.7904394460284,0.0,1060.952303391434,3.905326,997.976302,0.0,1001.881628
2026-07-16_ttft_component_regression/phase1/input8000_rate2p5_reuse00_seed2,262,0.08397686447131897,7.107753767592227,7.191730632063546,1047.7904394460284,0.0,1054.982170078092,14.753262,982.469796,0.0,997.223058
2026-07-16_ttft_component_regression/phase1/input8000_rate2p5_reuse00_seed2,266,0.08465088713181856,7.113197222885614,7.197848110017433,1047.7904394460284,0.0,1054.9882875560459,2.019614,980.162445,0.0,982.182059
2026-07-16_ttft_component_regression/phase1/input8000_rate2p5_reuse00_seed2,271,0.05437183245289425,11.559259628354251,11.613631460807145,1047.7904394460284,0.0,1059.4040709068356,7.483432,984.441372,0.0,991.924804
2026-07-16_ttft_component_regression/phase1/input8000_rate2p5_reuse00_seed2,288,0.19503457140164604,14.119617124669624,14.31465169607127,1047.7904394460284,0.0,1062.1050911420996,10.494357,998.76379,0.0,1009.258147
2026-07-16_ttft_component_regression/phase1/input8000_rate2p5_reuse00_seed2,14,0.0,7.749832661982597,7.749832661982597,1047.7904394460284,0.0,1055.5402721080109,17.323724,966.276124,0.0,983.599848
2026-07-16_ttft_component_regression/phase1/input8000_rate2p5_reuse00_seed2,22,0.0,12.571602415368242,12.571602415368242,1047.7904394460284,0.0,1060.3620418613966,5.912064,976.961265,0.0,982.873329
2026-07-16_ttft_component_regression/phase1/input8000_rate2p5_reuse00_seed2,8,0.016769757832158384,0.6523771679468272,0.6691469257789856,1047.7904394460284,0.0,1048.4595863718073,0.014322,936.703457,0.0,936.717779
2026-07-16_ttft_component_regression/phase1/input8000_rate2p5_reuse00_seed2,56,0.8373325914461511,22.939173458127094,23.776506049573246,1047.7904394460284,0.6219117535213035,1072.188857249123,6.705198,983.328545,0.625374,990.659117
2026-07-16_ttft_component_regression/phase1/input8000_rate2p5_reuse00_seed2,57,0.0,10.656737492743519,10.656737492743519,1047.7904394460284,0.0,1058.447176938772,591.183992,1229.851833,0.0,1821.035825
2026-07-16_ttft_component_regression/phase1/input8000_rate2p5_reuse00_seed2,47,0.8619139342781887,22.990088616815594,23.852002551093783,1047.7904394460284,0.6219117535213035,1072.2643537506435,5.807659999999999,979.910737,0.625374,986.343771
2026-07-16_ttft_component_regression/phase1/input8000_rate2p5_reuse00_seed2,83,0.05881121977942839,14.692545426190186,14.751356645969615,1047.7904394460284,0.0,1062.5417960919979,0.408569,993.180422,0.0,993.588991
2026-07-16_ttft_component_regression/phase1/input8000_rate2p5_reuse00_seed2,76,0.051008420079321104,13.196742798292954,13.247751218372276,1047.7904394460284,0.0,1061.0381906644006,13.657919,987.070007,0.0,1000.727926
2026-07-16_ttft_component_regression/phase1/input8000_rate2p5_reuse00_seed2,111,0.04940998467981229,13.102386995776996,13.151796980456808,1047.7904394460284,0.0,1060.9422364264851,706.470811,1255.105757,0.0,1961.576568
2026-07-16_ttft_component_regression/phase1/input8000_rate2p5_reuse00_seed2,110,0.0,10.732386301192728,10.732386301192728,1047.7904394460284,0.0,1058.522825747221,6.559652,1001.736743,0.0,1008.296395
2026-07-16_ttft_component_regression/phase1/input8000_rate2p5_reuse00_seed2,133,0.0,11.553222850289236,11.553222850289236,1047.7904394460284,0.0,1059.3436622963177,16.205541,993.859477,0.0,1010.065018
2026-07-16_ttft_component_regression/phase1/input8000_rate2p5_reuse00_seed2,142,0.020769974128406282,14.151724481088607,14.172494455217013,1047.7904394460284,0.0,1061.9629339012454,1.537878,1014.217564,0.0,1015.755442
2026-07-16_ttft_component_regression/phase1/input8000_rate2p5_reuse00_seed2,145,0.03009427249479525,14.601402602290642,14.631496874785437,1047.7904394460284,0.0,1062.4219363208138,177.27819,1289.703867,0.0,1466.982057
2026-07-16_ttft_component_regression/phase1/input8000_rate2p5_reuse00_seed2,170,0.0,15.351388337761426,15.351388337761426,1047.7904394460284,0.0,1063.1418277837897,339.099432,1260.955419,0.0,1600.054851
2026-07-16_ttft_component_regression/phase1/input8000_rate2p5_reuse00_seed2,180,0.858379228531848,22.982926946692682,23.84130617522453,1047.7904394460284,0.6219117535213035,1072.253657374774,13.375572,1029.558967,0.625374,1043.559913
2026-07-16_ttft_component_regression/phase1/input8000_rate2p5_reuse00_seed2,164,0.9415660261400185,23.23284123442968,24.1744072605697,1047.7904394460284,0.6219117535213035,1072.5867584601194,15.255806,1034.130969,0.625374,1050.012149
2026-07-16_ttft_component_regression/phase1/input8000_rate2p5_reuse00_seed2,167,0.05486527835252358,14.81804132822304,14.872906606575564,1047.7904394460284,0.0,1062.6633460526039,582.237988,1318.125759,0.0,1900.363747
2026-07-16_ttft_component_regression/phase1/input8000_rate2p5_reuse00_seed2,201,0.0,16.6315498208216,16.6315498208216,1047.7904394460284,0.0,1064.42198926685,8.264708,1011.160159,0.0,1019.424867
2026-07-16_ttft_component_regression/phase1/input8000_rate2p5_reuse00_seed2,211,0.0,11.577125426424358,11.577125426424358,1047.7904394460284,0.0,1059.3675648724527,11.972551,984.323056,0.0,996.295607
2026-07-16_ttft_component_regression/phase1/input8000_rate2p5_reuse00_seed2,225,0.023860053173236834,13.118755233531573,13.14261528670481,1047.7904394460284,0.0,1060.9330547327331,16.138604,994.460088,0.0,1010.598692
2026-07-16_ttft_component_regression/phase1/input8000_rate2p5_reuse00_seed2,228,0.03009427249479525,14.601402602290642,14.631496874785437,1047.7904394460284,0.0,1062.4219363208138,7.776408,1032.956051,0.0,1040.732459
2026-07-16_ttft_component_regression/phase1/input8000_rate2p5_reuse00_seed2,215,0.0,11.577125426424358,11.577125426424358,1047.7904394460284,0.0,1059.3675648724527,12.867679,988.862136,0.0,1001.729815
2026-07-16_ttft_component_regression/phase1/input8000_rate2p5_reuse00_seed2,246,0.17989954000857142,19.757941854595003,19.937841394603574,1047.7904394460284,0.0,1067.728280840632,21.03173,1029.39443,0.0,1050.42616
2026-07-16_ttft_component_regression/phase1/input8000_rate2p5_reuse00_seed2,229,0.0,15.344555942611798,15.344555942611798,1047.7904394460284,0.0,1063.1349953886402,656.181563,1290.596583,0.0,1946.778146
2026-07-16_ttft_component_regression/phase1/input8000_rate2p5_reuse00_seed2,238,0.0,16.534741388209213,16.534741388209213,1047.7904394460284,0.0,1064.3251808342375,0.376278,1018.300315,0.0,1018.676593
2026-07-16_ttft_component_regression/phase1/input8000_rate2p5_reuse00_seed2,267,1254.4914057854494,21.357332367568933,1275.8487381530183,1047.7904394460284,0.6219117535213035,2324.261089352568,4853.416467999999,1047.16728,0.625374,5901.209122
2026-07-16_ttft_component_regression/phase1/input8000_rate2p5_reuse00_seed2,263,4448.858285588876,21.393843960520375,4470.252129549397,1047.7904394460284,0.6219117535213035,5518.6644807489465,2437.121325,1045.598956,0.625374,3483.345655
2026-07-16_ttft_component_regression/phase1/input8000_rate2p5_reuse00_seed2,286,4467.5499727091865,21.34486077755628,4488.894833486743,1047.7904394460284,0.6219117535213035,5537.307184686292,2582.896258,1055.542192,0.625374,3639.063824
2026-07-16_ttft_component_regression/phase1/input8000_rate2p5_reuse00_seed2,5,0.0,7.753168965240765,7.753168965240765,1047.7904394460284,0.0,1055.5436084112691,2.645015,966.267228,0.0,968.912243
2026-07-16_ttft_component_regression/phase1/input8000_rate2p5_reuse00_seed2,1,0.01667739087897127,0.6498351439594919,0.6665125348384632,1047.7904394460284,0.0,1048.4569519808667,1.156769,936.703457,0.0,937.860226
2026-07-16_ttft_component_regression/phase1/input8000_rate2p5_reuse00_seed2,13,0.0,12.573887760083133,12.573887760083133,1047.7904394460284,0.0,1060.3643272061115,15.43374,976.961105,0.0,992.394845
2026-07-16_ttft_component_regression/phase1/input8000_rate2p5_reuse00_seed2,40,0.0,12.575054161746563,12.575054161746563,1047.7904394460284,0.0,1060.3654936077749,11.963385,980.202513,0.0,992.165898
2026-07-16_ttft_component_regression/phase1/input8000_rate2p5_reuse00_seed2,52,0.023348583331375204,13.087283994979506,13.11063257831088,1047.7904394460284,0.0,1060.9010720243393,65.48858,985.559159,0.0,1051.047739
2026-07-16_ttft_component_regression/phase1/input8000_rate2p5_reuse00_seed2,48,0.0,10.66006437560479,10.66006437560479,1047.7904394460284,0.0,1058.4505038216332,224.52776,976.551377,0.0,1201.079137
2026-07-16_ttft_component_regression/phase1/input8000_rate2p5_reuse00_seed2,46,0.0,10.652489997729115,10.652489997729115,1047.7904394460284,0.0,1058.4429294437575,8.233953,973.5685,0.0,981.802453
2026-07-16_ttft_component_regression/phase1/input8000_rate2p5_reuse00_seed2,87,0.0,16.652860181482588,16.652860181482588,1047.7904394460284,0.0,1064.443299627511,4.301206,1033.488003,0.0,1037.789209
2026-07-16_ttft_component_regression/phase1/input8000_rate2p5_reuse00_seed2,78,0.0,15.47330768083817,15.47330768083817,1047.7904394460284,0.0,1063.2637471268665,111.273728,1009.483245,0.0,1120.756973
2026-07-16_ttft_component_regression/phase1/input8000_rate2p5_reuse00_seed2,73,0.029342122278641886,14.626601880657,14.655944002935643,1047.7904394460284,0.0,1062.446383448964,3.764771,994.346246,0.0,998.111017
2026-07-16_ttft_component_regression/phase1/input8000_rate2p5_reuse00_seed2,99,0.0,15.347444342208012,15.347444342208012,1047.7904394460284,0.0,1063.1378837882364,5.966027,1034.298867,0.0,1040.264894
2026-07-16_ttft_component_regression/phase1/input8000_rate2p5_reuse00_seed2,104,0.0,16.52565826517203,16.52565826517203,1047.7904394460284,0.0,1064.3160977112004,10.929142,1039.617391,0.0,1050.546533
2026-07-16_ttft_component_regression/phase1/input8000_rate2p5_reuse00_seed2,126,0.028488006488405344,15.811420120093961,15.839908126582367,1047.7904394460284,0.0,1063.6303475726106,12.41917,1004.696442,0.0,1017.115612
2026-07-16_ttft_component_regression/phase1/input8000_rate2p5_reuse00_seed2,147,0.0,15.47330768083817,15.47330768083817,1047.7904394460284,0.0,1063.2637471268665,444.160459,1282.889077,0.0,1727.049536
2026-07-16_ttft_component_regression/phase1/input8000_rate2p5_reuse00_seed2,158,0.0,16.511496772351926,16.511496772351926,1047.7904394460284,0.0,1064.3019362183802,23.170988,1035.493921,0.0,1058.664909
2026-07-16_ttft_component_regression/phase1/input8000_rate2p5_reuse00_seed2,138,0.0,11.568754022761972,11.568754022761972,1047.7904394460284,0.0,1059.3591934687904,2.325255,1003.869555,0.0,1006.19481
2026-07-16_ttft_component_regression/phase1/input8000_rate2p5_reuse00_seed2,139,0.022303589797132307,14.25345811117982,14.275761700976952,1047.7904394460284,0.0,1062.0662011470054,86.21433,1254.832483,0.0,1341.046813
2026-07-16_ttft_component_regression/phase1/input8000_rate2p5_reuse00_seed2,144,0.028176595870086335,14.66373730900063,14.691913904870717,1047.7904394460284,0.0,1062.482353350899,5.380333,1029.047819,0.0,1034.428152
2026-07-16_ttft_component_regression/phase1/input8000_rate2p5_reuse00_seed2,160,0.17560593571133695,19.732176185153588,19.907782120864926,1047.7904394460284,0.0,1067.6982215668934,493.703028,1318.277747,0.0,1811.980775
2026-07-16_ttft_component_regression/phase1/input8000_rate2p5_reuse00_seed2,175,0.16910393219659223,21.330646752471367,21.49975068466796,1047.7904394460284,0.0,1069.2901901306964,24.848652,1033.13873,0.0,1057.987382
2026-07-16_ttft_component_regression/phase1/input8000_rate2p5_reuse00_seed2,195,0.0,15.349712012608602,15.349712012608602,1047.7904394460284,0.0,1063.1401514586369,1.91944,1021.435985,0.0,1023.355425
2026-07-16_ttft_component_regression/phase1/input8000_rate2p5_reuse00_seed2,207,0.0,6.521098306762556,6.521098306762556,1047.7904394460284,0.0,1054.3115377527909,8.377979,980.021958,0.0,988.399937
2026-07-16_ttft_component_regression/phase1/input8000_rate2p5_reuse00_seed2,214,0.020666548199552853,14.144987049575583,14.165653597775137,1047.7904394460284,0.0,1061.9560930438035,476.755402,1253.805101,0.0,1730.560503
2026-07-16_ttft_component_regression/phase1/input8000_rate2p5_reuse00_seed2,231,0.0,15.32784110021649,15.32784110021649,1047.7904394460284,0.0,1063.118280546245,22.983328,1025.962031,0.0,1048.945359
2026-07-16_ttft_component_regression/phase1/input8000_rate2p5_reuse00_seed2,230,0.031653597988681594,14.545581925922892,14.577235523911574,1047.7904394460284,0.0,1062.36767496994,3.926641,1023.775879,0.0,1027.70252
2026-07-16_ttft_component_regression/phase1/input8000_rate2p5_reuse00_seed2,212,0.0,11.564289834147367,11.564289834147367,1047.7904394460284,0.0,1059.3547292801757,9.189755,1002.345349,0.0,1011.535104
2026-07-16_ttft_component_regression/phase1/input8000_rate2p5_reuse00_seed2,273,0.2255901022217189,9.822015583274142,10.047605685495862,1047.7904394460284,0.0,1057.8380451315243,16.112206,1013.792582,0.0,1029.904788
2026-07-16_ttft_component_regression/phase1/input8000_rate2p5_reuse00_seed2,275,1.3862482210750897,21.33224114394151,22.718489365016598,1047.7904394460284,0.6219117535213035,1071.1308405645664,111.704964,1266.569893,0.625374,1378.900231
2026-07-16_ttft_component_regression/phase1/input8000_rate2p5_reuse00_seed2,292,0.2248544802749832,9.810587788348826,10.03544226862381,1047.7904394460284,0.0,1057.8258817146523,2.254275,984.847618,0.0,987.101893
2026-07-16_ttft_component_regression/phase1/input8000_rate2p5_reuse00_seed2,2,0.016204841134037168,0.6370614659351995,0.6532663070692367,1047.7904394460284,0.0,1048.4437057530977,0.150884,936.703457,0.0,936.854341
2026-07-16_ttft_component_regression/phase1/input8000_rate2p5_reuse00_seed2,10,0.0,7.745230726035164,7.745230726035164,1047.7904394460284,0.0,1055.5356701720634,16.49685,966.552828,0.0,983.049678
2026-07-16_ttft_component_regression/phase1/input8000_rate2p5_reuse00_seed2,26,0.0,12.597282500200183,12.597282500200183,1047.7904394460284,0.0,1060.3877219462286,4.080937,978.426001,0.0,982.506938
2026-07-16_ttft_component_regression/phase1/input8000_rate2p5_reuse00_seed2,45,0.023553627463723095,13.099857141535871,13.123410768999594,1047.7904394460284,0.0,1060.9138502150279,20.173781,987.406327,0.0,1007.580108
2026-07-16_ttft_component_regression/phase1/input8000_rate2p5_reuse00_seed2,38,0.0,12.590276900395246,12.590276900395246,1047.7904394460284,0.0,1060.3807163464237,14.361743,978.616721,0.0,992.978464
2026-07-16_ttft_component_regression/phase1/input8000_rate2p5_reuse00_seed2,84,0.044574640210933186,0.4291297434847408,0.473704383695674,1047.7904394460284,0.0,1048.264143829724,0.044871,936.703457,0.0,936.748328
2026-07-16_ttft_component_regression/phase1/input8000_rate2p5_reuse00_seed2,95,0.0,10.75895829234712,10.75895829234712,1047.7904394460284,0.0,1058.5493977383755,0.414027,976.757073,0.0,977.1711
2026-07-16_ttft_component_regression/phase1/input8000_rate2p5_reuse00_seed2,92,0.022885135966792723,6.5585067994596535,6.5813919354264465,1047.7904394460284,0.0,1054.3718313814547,11.028739,966.663772,0.0,977.692511
2026-07-16_ttft_component_regression/phase1/input8000_rate2p5_reuse00_seed2,114,0.021999610621672338,14.233012348134189,14.25501195875586,1047.7904394460284,0.0,1062.0454514047842,2.132367,997.769618,0.0,999.901985
2026-07-16_ttft_component_regression/phase1/input8000_rate2p5_reuse00_seed2,132,0.0,16.617514081228286,16.617514081228286,1047.7904394460284,0.0,1064.4079535272567,885.397683,1350.384742,0.0,2235.782425
2026-07-16_ttft_component_regression/phase1/input8000_rate2p5_reuse00_seed2,136,0.0,17.861279651254932,17.861279651254932,1047.7904394460284,0.0,1065.6517190972834,943.311885,1275.485189,0.0,2218.797074
2026-07-16_ttft_component_regression/phase1/input8000_rate2p5_reuse00_seed2,131,0.02799652615764173,15.82970770317185,15.857704229329492,1047.7904394460284,0.0,1063.648143675358,250.038133,1308.057545,0.0,1558.095678
2026-07-16_ttft_component_regression/phase1/input8000_rate2p5_reuse00_seed2,130,0.023961886936447907,13.125064744697823,13.149026631634271,1047.7904394460284,0.0,1060.9394660776627,1.356275,1017.928217,0.0,1019.284492
2026-07-16_ttft_component_regression/phase1/input8000_rate2p5_reuse00_seed2,154,0.0,15.461811276989074,15.461811276989074,1047.7904394460284,0.0,1063.2522507230174,16.067149,1020.193392,0.0,1036.260541
2026-07-16_ttft_component_regression/phase1/input8000_rate2p5_reuse00_seed2,177,0.0,16.504584790629316,16.504584790629316,1047.7904394460284,0.0,1064.2950242366576,11.406981,1037.29722,0.0,1048.704201
2026-07-16_ttft_component_regression/phase1/input8000_rate2p5_reuse00_seed2,174,0.0,16.625332414339017,16.625332414339017,1047.7904394460284,0.0,1064.4157718603674,6.500066,1014.609231,0.0,1021.109297
2026-07-16_ttft_component_regression/phase1/input8000_rate2p5_reuse00_seed2,221,0.01689861989772881,0.41374404449806484,0.4306426643957937,1047.7904394460284,0.0,1048.221082110424,0.024151,950.812969,0.0,950.83712
2026-07-16_ttft_component_regression/phase1/input8000_rate2p5_reuse00_seed2,257,0.16399146326625047,7.083473210812212,7.247464674078462,1047.7904394460284,0.0,1055.0379041201068,13.317283,984.75397,0.0,998.071253
2026-07-16_ttft_component_regression/phase1/input8000_rate2p5_reuse00_seed2,278,0.22620548095713172,9.832251876575564,10.058457357532696,1047.7904394460284,0.0,1057.848896803561,108.895472,996.853004,0.0,1105.748476
2026-07-16_ttft_component_regression/phase1/input8000_rate2p5_reuse00_seed2,289,0.3817735389028673,11.208730969397248,11.590504508300116,1047.7904394460284,0.0,1059.3809439543286,20.008079,1013.921557,0.0,1033.929636
2026-07-16_ttft_component_regression/phase1/input8000_rate2p5_reuse00_seed2,282,0.19778834546030016,14.275548457691139,14.473336803151438,1047.7904394460284,0.0,1062.2637762491797,221.293808,994.349169,0.0,1215.642977
2026-07-16_ttft_component_regression/phase1/input8000_rate2p5_reuse00_seed2,276,0.16374917325359245,7.081149273217899,7.244898446471491,1047.7904394460284,0.0,1055.0353378925,9.615287,988.842102,0.0,998.457389
2026-07-16_ttft_component_regression/phase1/input8000_rate2p5_reuse00_seed2,6,0.016584311075361312,0.647288855333182,0.6638731664085433,1047.7904394460284,0.0,1048.454312612437,0.079106,936.703457,0.0,936.782563
2026-07-16_ttft_component_regression/phase1/input8000_rate2p5_reuse00_seed2,15,0.0,7.746397466208315,7.746397466208315,1047.7904394460284,0.0,1055.5368369122366,5.944487,966.529404,0.0,972.473891
2026-07-16_ttft_component_regression/phase1/input8000_rate2p5_reuse00_seed2,23,0.0,12.57623635541002,12.57623635541002,1047.7904394460284,0.0,1060.3666758014383,0.703094,977.264209,0.0,977.967303
2026-07-16_ttft_component_regression/phase1/input8000_rate2p5_reuse00_seed2,34,0.030144239460377212,17.163854995282232,17.19399923474261,1047.7904394460284,0.0,1064.984438680771,3.564471,1009.420071,0.0,1012.984542
2026-07-16_ttft_component_regression/phase1/input8000_rate2p5_reuse00_seed2,35,0.0,18.033346147299454,18.033346147299454,1047.7904394460284,0.0,1065.8237855933278,696.155926,1265.407871,0.0,1961.563797
2026-07-16_ttft_component_regression/phase1/input8000_rate2p5_reuse00_seed2,42,0.0,17.852459340476372,17.852459340476372,1047.7904394460284,0.0,1065.6428987865047,22.789953,1029.523507,0.0,1052.31346
2026-07-16_ttft_component_regression/phase1/input8000_rate2p5_reuse00_seed2,29,0.023747041553688744,15.46582612436659,15.489573165920278,1047.7904394460284,0.0,1063.2800126119487,2.777039,986.506839,0.0,989.283878
2026-07-16_ttft_component_regression/phase1/input8000_rate2p5_reuse00_seed2,44,0.15905321123089494,21.264350354716203,21.423403565947098,1047.7904394460284,0.0,1069.2138430119755,179.013409,1288.075418,0.0,1467.088827
2026-07-16_ttft_component_regression/phase1/input8000_rate2p5_reuse00_seed2,51,5088.684807860979,22.95756598392552,5111.642373844905,1047.7904394460284,0.0,6159.432813290933,4312.777137,1026.67295,0.0,5339.450087
2026-07-16_ttft_component_regression/phase1/input8000_rate2p5_reuse00_seed2,98,0.052982990188062885,13.317932162910708,13.370915153098771,1047.7904394460284,0.0,1061.1613545991272,6.186031,996.17359,0.0,1002.359621
2026-07-16_ttft_component_regression/phase1/input8000_rate2p5_reuse00_seed2,94,0.0,10.762714187100357,10.762714187100357,1047.7904394460284,0.0,1058.5531536331287,17.563989,987.045719,0.0,1004.609708
2026-07-16_ttft_component_regression/phase1/input8000_rate2p5_reuse00_seed2,117,0.025675180930514924,15.909900888799891,15.935576069730406,1047.7904394460284,0.0,1063.7260155157587,13.481155,1021.654362,0.0,1035.135517
2026-07-16_ttft_component_regression/phase1/input8000_rate2p5_reuse00_seed2,105,0.025271187836595894,13.207538973237385,13.232810161073981,1047.7904394460284,0.0,1061.0232496071023,18.525647,994.670984,0.0,1013.196631
2026-07-16_ttft_component_regression/phase1/input8000_rate2p5_reuse00_seed2,125,0.0,16.62909408991473,16.62909408991473,1047.7904394460284,0.0,1064.4195335359432,4.985142,1027.446443,0.0,1032.431585
2026-07-16_ttft_component_regression/phase1/input8000_rate2p5_reuse00_seed2,113,0.02409656967554237,14.377124165186357,14.4012207348619,1047.7904394460284,0.0,1062.1916601808903,17.510502,1015.890311,0.0,1033.400813
2026-07-16_ttft_component_regression/phase1/input8000_rate2p5_reuse00_seed2,135,0.0,17.88884303333244,17.88884303333244,1047.7904394460284,0.0,1065.6792824793608,19.203911,1036.788645,0.0,1055.992556
2026-07-16_ttft_component_regression/phase1/input8000_rate2p5_reuse00_seed2,182,0.0,6.512186132402077,6.512186132402077,1047.7904394460284,0.0,1054.3026255784305,174.56087,1224.205346,0.0,1398.766216
2026-07-16_ttft_component_regression/phase1/input8000_rate2p5_reuse00_seed2,178,0.01661500460662184,0.40716639712539315,0.423781401732015,1047.7904394460284,0.0,1048.2142208477603,0.044847,974.15789,0.0,974.202737
2026-07-16_ttft_component_regression/phase1/input8000_rate2p5_reuse00_seed2,198,0.031184219334886857,14.562936287676418,14.594120507011306,1047.7904394460284,0.0,1062.3845599530396,4.505769,1013.062898,0.0,1017.568667
2026-07-16_ttft_component_regression/phase1/input8000_rate2p5_reuse00_seed2,193,0.023348583331375204,13.087283994979506,13.11063257831088,1047.7904394460284,0.0,1060.9010720243393,11.293468,1013.764648,0.0,1025.058116
2026-07-16_ttft_component_regression/phase1/input8000_rate2p5_reuse00_seed2,188,0.0,11.571073434022654,11.571073434022654,1047.7904394460284,0.0,1059.3615128800511,11.948064,986.992309,0.0,998.940373
2026-07-16_ttft_component_regression/phase1/input8000_rate2p5_reuse00_seed2,226,0.0,15.342200903626244,15.342200903626244,1047.7904394460284,0.0,1063.1326403496546,477.502326,1296.752553,0.0,1774.254879
2026-07-16_ttft_component_regression/phase1/input8000_rate2p5_reuse00_seed2,217,0.030217662941960505,14.597168183004564,14.627385845946526,1047.7904394460284,0.0,1062.4178252919749,13.240176,1005.273522,0.0,1018.513698
2026-07-16_ttft_component_regression/phase1/input8000_rate2p5_reuse00_seed2,247,0.05163830051644258,13.234817106063621,13.286455406580064,1047.7904394460284,0.0,1061.0768948526083,19.271485,1030.172205,0.0,1049.44369
2026-07-16_ttft_component_regression/phase1/input8000_rate2p5_reuse00_seed2,224,0.029595076004888955,14.618241546911822,14.64783662291671,1047.7904394460284,0.0,1062.438276068945,3.65245,1026.502914,0.0,1030.155364
2026-07-16_ttft_component_regression/phase1/input8000_rate2p5_reuse00_seed2,249,1.0515127923572132,24.926791594050048,25.97830438640726,1047.7904394460284,0.6219117535213035,1074.390655585957,694.065548,1282.386964,0.625374,1977.077886
2026-07-16_ttft_component_regression/phase1/input8000_rate2p5_reuse00_seed2,254,0.0035081247900365727,16.629204294565138,16.632712419355176,1047.7904394460284,0.0,1064.4231518653835,97.060315,1011.573934,0.0,1108.634249
2026-07-16_ttft_component_regression/phase1/input8000_rate2p5_reuse00_seed2,261,0.39352390690422007,21.456543770172914,21.850067677077135,1047.7904394460284,0.0,1069.6405071231054,627.26802,1316.465664,0.0,1943.733684
2026-07-16_ttft_component_regression/phase1/input8000_rate2p5_reuse00_seed2,259,1.2225298011761974,24.945139813501076,26.167669614677273,1047.7904394460284,0.6219117535213035,1074.580020814227,19.655088,1031.572687,0.625374,1051.853149
2026-07-16_ttft_component_regression/phase1/input8000_rate2p5_reuse00_seed2,295,0.06042573357933645,17.915656388920333,17.97608212249967,1047.7904394460284,0.0,1065.766521568528,8.701677,1028.429288,0.0,1037.130965
2026-07-16_ttft_component_regression/phase1/input8000_rate2p5_reuse00_seed2,3,0.01686141304952436,0.6549149068677966,0.671776319917321,1047.7904394460284,0.0,1048.4622157659458,0.003022,936.703457,0.0,936.706479
2026-07-16_ttft_component_regression/phase1/input8000_rate2p5_reuse00_seed2,7,0.0,7.731702622003288,7.731702622003288,1047.7904394460284,0.0,1055.5221420680316,5.416768,966.373628,0.0,971.790396
2026-07-16_ttft_component_regression/phase1/input8000_rate2p5_reuse00_seed2,25,0.025647409187425363,15.60670390767889,15.632351316866314,1047.7904394460284,0.0,1063.4227907628947,10.024622,1006.111551,0.0,1016.136173
2026-07-16_ttft_component_regression/phase1/input8000_rate2p5_reuse00_seed2,39,0.0,19.471283913684434,19.471283913684434,1047.7904394460284,0.0,1067.2617233597127,8.335461,1029.790739,0.0,1038.1262
2026-07-16_ttft_component_regression/phase1/input8000_rate2p5_reuse00_seed2,41,0.1899852121436694,23.259365385748612,23.44935059789228,1047.7904394460284,0.0,1071.2397900439207,45.491448,1288.393434,0.0,1333.884882
2026-07-16_ttft_component_regression/phase1/input8000_rate2p5_reuse00_seed2,20,0.0,12.614050776112302,12.614050776112302,1047.7904394460284,0.0,1060.4044902221406,2.178118,977.572113,0.0,979.750231
2026-07-16_ttft_component_regression/phase1/input8000_rate2p5_reuse00_seed2,27,0.02554011038569234,17.3305455144995,17.356085624885193,1047.7904394460284,0.0,1065.1465250709136,419.985974,1204.189728,0.0,1624.175702
2026-07-16_ttft_component_regression/phase1/input8000_rate2p5_reuse00_seed2,30,0.0,18.06560605470392,18.06560605470392,1047.7904394460284,0.0,1065.8560455007323,3.559085,1003.954436,0.0,1007.513521
2026-07-16_ttft_component_regression/phase1/input8000_rate2p5_reuse00_seed2,54,4928.752729443669,22.935467523726327,4951.688196967395,1047.7904394460284,0.6219117535213035,6000.1005481669445,4135.937481,1028.43946,0.625374,5165.002315
2026-07-16_ttft_component_regression/phase1/input8000_rate2p5_reuse00_seed2,63,404.5778647666144,22.961216884327833,427.53908165094225,1047.7904394460284,0.6219117535213035,1475.951432850492,3817.1114399999997,1042.231974,0.625374,4859.968788
2026-07-16_ttft_component_regression/phase1/input8000_rate2p5_reuse00_seed2,91,2359.804790922428,23.190812657661763,2382.9956035800897,1047.7904394460284,0.0,3430.786043026118,1442.897579,1050.417052,0.0,2493.314631
2026-07-16_ttft_component_regression/phase1/input8000_rate2p5_reuse00_seed2,77,5779.695148650037,23.20497850923324,5802.90012715927,1047.7904394460284,0.0,6850.690566605298,4041.562299,1051.626408,0.0,5093.188707
2026-07-16_ttft_component_regression/phase1/input8000_rate2p5_reuse00_seed2,108,0.0,16.642327070211575,16.642327070211575,1047.7904394460284,0.0,1064.43276651624,535.807039,1302.41795,0.0,1838.224989
2026-07-16_ttft_component_regression/phase1/input8000_rate2p5_reuse00_seed2,96,0.19035313327582612,19.81998747600812,20.010340609283947,1047.7904394460284,0.0,1067.8007800553123,21.934889,1042.654794,0.0,1064.589683
2026-07-16_ttft_component_regression/phase1/input8000_rate2p5_reuse00_seed2,106,0.0,15.342793421736847,15.342793421736847,1047.7904394460284,0.0,1063.1332328677652,8.370587,1050.705831,0.0,1059.076418
2026-07-16_ttft_component_regression/phase1/input8000_rate2p5_reuse00_seed2,112,0.17079923898621344,21.34173094328258,21.512530182268794,1047.7904394460284,0.0,1069.3029696282972,9.825933,1036.485218,0.0,1046.311151
2026-07-16_ttft_component_regression/phase1/input8000_rate2p5_reuse00_seed2,116,0.18560527840895258,23.229202148505077,23.41480742691403,1047.7904394460284,0.0,1071.2052468729423,21.596797,1044.752083,0.0,1066.34888
2026-07-16_ttft_component_regression/phase1/input8000_rate2p5_reuse00_seed2,149,1894.7453354335335,23.194368636995996,1917.9397040705294,1047.7904394460284,0.0,2965.7301435165577,1625.4647349999998,1035.245681,0.0,2660.710416
2026-07-16_ttft_component_regression/phase1/input8000_rate2p5_reuse00_seed2,148,673.8865241409993,23.197914955564872,697.0844390965642,1047.7904394460284,0.0,1744.8748785425926,695.3714739999999,1044.748625,0.0,1740.120099
2026-07-16_ttft_component_regression/phase1/input8000_rate2p5_reuse00_seed2,143,0.1759199227134665,21.375040254520133,21.5509601772336,1047.7904394460284,0.0,1069.3413996232619,24.42626,1054.504706,0.0,1078.930966
2026-07-16_ttft_component_regression/phase1/input8000_rate2p5_reuse00_seed2,176,0.0,15.338592039744354,15.338592039744354,1047.7904394460284,0.0,1063.1290314857727,18.169031,1020.956999,0.0,1039.12603
2026-07-16_ttft_component_regression/phase1/input8000_rate2p5_reuse00_seed2,191,0.0,17.847253406345704,17.847253406345704,1047.7904394460284,0.0,1065.6376928523741,18.159393,1036.318571,0.0,1054.477964
2026-07-16_ttft_component_regression/phase1/input8000_rate2p5_reuse00_seed2,189,0.0,16.61276204648227,16.61276204648227,1047.7904394460284,0.0,1064.4032014925106,16.136698,1037.270277,0.0,1053.406975
2026-07-16_ttft_component_regression/phase1/input8000_rate2p5_reuse00_seed2,196,0.031420079009701174,14.554279020134656,14.585699099144357,1047.7904394460284,0.0,1062.3761385451728,9.909443,1008.775568,0.0,1018.685011
2026-07-16_ttft_component_regression/phase1/input8000_rate2p5_reuse00_seed2,185,0.02932609742047495,15.779005447344916,15.808331544765391,1047.7904394460284,0.0,1063.5987709907938,6.618108,1010.281062,0.0,1016.89917
2026-07-16_ttft_component_regression/phase1/input8000_rate2p5_reuse00_seed2,202,0.0,16.617514081228286,16.617514081228286,1047.7904394460284,0.0,1064.4079535272567,8.206129,1011.785934,0.0,1019.992063
2026-07-16_ttft_component_regression/phase1/input8000_rate2p5_reuse00_seed2,204,0.0,19.40229972982894,19.40229972982894,1047.7904394460284,0.0,1067.1927391758572,16.874555,1015.416599,0.0,1032.291154
2026-07-16_ttft_component_regression/phase1/input8000_rate2p5_reuse00_seed2,206,0.17250033438947943,21.352824687730394,21.525325022119873,1047.7904394460284,0.0,1069.3157644681482,24.765732,1049.630399,0.0,1074.396131
2026-07-16_ttft_component_regression/phase1/input8000_rate2p5_reuse00_seed2,223,3649.9438566629215,22.99365527322144,3672.937511936143,1047.7904394460284,0.0,4720.727951382171,2390.496923,1041.856256,0.0,3432.353179
2026-07-16_ttft_component_regression/phase1/input8000_rate2p5_reuse00_seed2,251,0.0031207737164268717,16.630426970548378,16.633547744264803,1047.7904394460284,0.0,1064.4239871902932,14.34711,1047.098894,0.0,1061.446004
2026-07-16_ttft_component_regression/phase1/input8000_rate2p5_reuse00_seed2,260,3809.421880144854,24.900939166938997,3834.322819311793,1047.7904394460284,0.0,4882.113258757821,2489.414908,1039.490037,0.0,3528.904945
2026-07-16_ttft_component_regression/phase1/input8000_rate2p5_reuse00_seed2,253,0.0,17.91091673239901,17.91091673239901,1047.7904394460284,0.0,1065.7013561784274,580.783787,1352.957722,0.0,1933.741509
2026-07-16_ttft_component_regression/phase1/input8000_rate2p5_reuse00_seed2,255,0.28539115830625883,21.40700454337889,21.692395701685147,1047.7904394460284,0.0,1069.4828351477136,745.179581,1301.456526,0.0,2046.636107
2026-07-16_ttft_component_regression/phase1/input8000_rate2p5_reuse00_seed2,277,0.36137347468175135,21.278757865959363,21.640131340641116,1047.7904394460284,0.0,1069.4305707866695,11.763274,1047.45597,0.0,1059.219244
2026-07-16_ttft_component_regression/phase1/input8000_rate2p5_reuse00_seed2,287,0.4595688173144178,18.145193731221266,18.604762548535682,1047.7904394460284,0.0,1066.395201994564,5.444159,1042.387882,0.0,1047.832041
2026-07-16_ttft_component_regression/phase1/input8000_rate2p5_reuse00_seed2,18,0.015614062478286152,0.6215959678845017,0.6372100303627878,1047.7904394460284,0.0,1048.4276494763913,0.016989,936.703457,0.0,936.720446
2026-07-16_ttft_component_regression/phase1/input8000_rate2p5_reuse00_seed2,53,0.8976849050138651,23.059590813521034,23.9572757185349,1047.7904394460284,0.6219117535213035,1072.3696269180846,969.6742099999999,1278.46326,0.625374,2248.762844
2026-07-16_ttft_component_regression/phase1/input8000_rate2p5_reuse00_seed2,49,0.016028371491045783,0.393914680983953,0.4099430524749988,1047.7904394460284,0.0,1048.2003824985034,0.030554,954.519522,0.0,954.550076
2026-07-16_ttft_component_regression/phase1/input8000_rate2p5_reuse00_seed2,55,0.8994937044083772,23.062962983348235,23.962456687756614,1047.7904394460284,0.6219117535213035,1072.3748078873064,1293.5782009999998,1298.791919,0.625374,2592.995494
2026-07-16_ttft_component_regression/phase1/input8000_rate2p5_reuse00_seed2,50,0.9049316840810482,23.073019465213495,23.977951149294544,1047.7904394460284,0.6219117535213035,1072.3903023488442,561.481623,1254.627475,0.625374,1816.734472
2026-07-16_ttft_component_regression/phase1/input8000_rate2p5_reuse00_seed2,72,0.16573065288187305,21.30850761299363,21.474238265875503,1047.7904394460284,0.0,1069.264677711904,3.149473,1020.368977,0.0,1023.51845
2026-07-16_ttft_component_regression/phase1/input8000_rate2p5_reuse00_seed2,60,0.9732815863221485,23.289921362825613,24.26320294914776,1047.7904394460284,0.6219117535213035,1072.6755541486975,944.808555,1196.706372,0.625374,2142.140301
2026-07-16_ttft_component_regression/phase1/input8000_rate2p5_reuse00_seed2,66,0.8940730959082274,23.05281661064262,23.946889706550845,1047.7904394460284,0.6219117535213035,1072.3592409061005,429.689357,1275.917824,0.625374,1706.232555
2026-07-16_ttft_component_regression/phase1/input8000_rate2p5_reuse00_seed2,65,0.0,15.338592039744354,15.338592039744354,1047.7904394460284,0.0,1063.1290314857727,20.773144,1018.767427,0.0,1039.540571
2026-07-16_ttft_component_regression/phase1/input8000_rate2p5_reuse00_seed2,103,2634.976425964024,22.961216884327833,2657.937642848352,1047.7904394460284,0.6219117535213035,3706.3499940479014,1914.61109,1037.639563,0.625374,2952.876027
2026-07-16_ttft_component_regression/phase1/input8000_rate2p5_reuse00_seed2,118,0.8994700424065684,24.95766452585571,25.85713456826228,1047.7904394460284,0.6219117535213035,1074.269485767812,10.384390000000002,1010.465821,0.625374,1021.475585
2026-07-16_ttft_component_regression/phase1/input8000_rate2p5_reuse00_seed2,134,0.8940482636607805,24.946786834445927,25.84083509810671,1047.7904394460284,0.6219117535213035,1074.2531862976564,9.184533,1014.928001,0.625374,1024.737908
2026-07-16_ttft_component_regression/phase1/input8000_rate2p5_reuse00_seed2,129,0.20281664565189422,19.892712943776573,20.095529589428466,1047.7904394460284,0.0,1067.8859690354568,624.17136,1281.387911,0.0,1905.559271
2026-07-16_ttft_component_regression/phase1/input8000_rate2p5_reuse00_seed2,123,0.0,17.949170937617403,17.949170937617403,1047.7904394460284,0.0,1065.7396103836459,610.047198,1334.862545,0.0,1944.909743
2026-07-16_ttft_component_regression/phase1/input8000_rate2p5_reuse00_seed2,122,0.0,16.63809851355849,16.63809851355849,1047.7904394460284,0.0,1064.428537959587,17.931403,1034.655202,0.0,1052.586605
2026-07-16_ttft_component_regression/phase1/input8000_rate2p5_reuse00_seed2,137,0.0,17.93238206185903,17.93238206185903,1047.7904394460284,0.0,1065.7228215078874,76.772742,1029.301182,0.0,1106.073924
2026-07-16_ttft_component_regression/phase1/input8000_rate2p5_reuse00_seed2,141,0.19514496175446855,21.497846054445883,21.692991016200352,1047.7904394460284,0.0,1069.4834304622286,0.428006,1047.149211,0.0,1047.577217
2026-07-16_ttft_component_regression/phase1/input8000_rate2p5_reuse00_seed2,152,5885.583208230932,23.194368636995996,5908.777576867928,1047.7904394460284,0.6219117535213035,6957.189928067477,6178.912316,1034.393867,0.625374,7213.931557
2026-07-16_ttft_component_regression/phase1/input8000_rate2p5_reuse00_seed2,162,4025.353137980789,23.16202007033648,4048.5151580511256,1047.7904394460284,0.6219117535213035,5096.927509250675,14337.827399000002,1036.525829,0.625374,15374.978602
2026-07-16_ttft_component_regression/phase1/input8000_rate2p5_reuse00_seed2,155,5294.254573152245,23.208495693744634,5317.463068845989,1047.7904394460284,0.6219117535213035,6365.875420045539,14217.131170999999,1035.111016,0.625374,15252.867561
2026-07-16_ttft_component_regression/phase1/input8000_rate2p5_reuse00_seed2,203,0.03110128181197036,17.123783143296993,17.154884425108964,1047.7904394460284,0.0,1064.9453238711374,17.071543,1006.940421,0.0,1024.011964
2026-07-16_ttft_component_regression/phase1/input8000_rate2p5_reuse00_seed2,168,1833.5954499432821,23.20497850923324,1856.8004284525155,1047.7904394460284,0.6219117535213035,2905.212779652065,15383.930929,1034.719857,0.625374,16419.27616
2026-07-16_ttft_component_regression/phase1/input8000_rate2p5_reuse00_seed2,208,0.029443510137904586,15.774331917237847,15.80377542737575,1047.7904394460284,0.0,1063.594214873404,0.176208,1040.710035,0.0,1040.886243
2026-07-16_ttft_component_regression/phase1/input8000_rate2p5_reuse00_seed2,213,0.0,17.86485858119148,17.86485858119148,1047.7904394460284,0.0,1065.65529802722,142.725165,1337.6288,0.0,1480.353965
2026-07-16_ttft_component_regression/phase1/input8000_rate2p5_reuse00_seed2,216,0.16154647436144903,21.280890011209607,21.442436485571054,1047.7904394460284,0.0,1069.2328759315994,695.964711,1266.817339,0.0,1962.78205
2026-07-16_ttft_component_regression/phase1/input8000_rate2p5_reuse00_seed2,209,0.0,16.619506720406086,16.619506720406086,1047.7904394460284,0.0,1064.4099461664343,226.636053,1330.661434,0.0,1557.297487
2026-07-16_ttft_component_regression/phase1/input8000_rate2p5_reuse00_seed2,227,5201.9208864861075,23.014855129513066,5224.935741615621,1047.7904394460284,0.6219117535213035,6273.34809281517,4590.442859,1037.007688,0.625374,5628.075921
2026-07-16_ttft_component_regression/phase1/input8000_rate2p5_reuse00_seed2,234,2243.1153333565067,22.97933198315946,2266.0946653396663,1047.7904394460284,0.6219117535213035,3314.507016539216,7134.356548,1050.790408,0.625374,8185.77233
2026-07-16_ttft_component_regression/phase1/input8000_rate2p5_reuse00_seed2,264,4279.23942753115,21.37271139630366,4300.612138927454,1047.7904394460284,0.6219117535213035,5349.024490127003,2427.165066,1041.121806,0.625374,3468.912246
2026-07-16_ttft_component_regression/phase1/input8000_rate2p5_reuse00_seed2,236,1860.0503380434052,23.02879597213856,1883.0791340155438,1047.7904394460284,0.6219117535213035,2931.4914852150932,8641.756525,1042.947302,0.625374,9685.329201
2026-07-16_ttft_component_regression/phase1/input8000_rate2p5_reuse00_seed2,294,795.8791196140693,21.347992612419606,817.2271122264889,1047.7904394460284,0.6219117535213035,1865.6394634260384,2732.288119,1040.197928,0.625374,3773.111421
2026-07-16_ttft_component_regression/phase1/input8000_rate2p5_reuse00_seed2,268,2623.444400810267,21.313037375211785,2644.757438185479,1047.7904394460284,0.6219117535213035,3693.1697893850283,4154.842536,1037.299454,0.625374,5192.767364
2026-07-16_ttft_component_regression/phase1/input8000_rate2p5_reuse00_seed2,283,1.1910168185452723,24.88965160474368,26.08066842328895,1047.7904394460284,0.6219117535213035,1074.4930196228386,2.69846,1031.830354,0.625374,1035.154188
2026-07-16_ttft_component_regression/phase1/input8000_rate2p5_reuse00_seed2,291,2292.8525306272286,21.39682458247359,2314.249355209702,1047.7904394460284,0.6219117535213035,3362.6617064092516,1269.34575,1044.085419,0.625374,2314.056543
2026-07-16_ttft_component_regression/phase1/input8000_rate2p5_reuse00_seed2,299,6130.944877251721,24.970362426236274,6155.915239677957,1047.7904394460284,0.6219117535213035,7204.327590877507,4719.069566,1037.683972,0.625374,5757.378912
2026-07-16_ttft_component_regression/phase1/input8000_rate2p5_reuse00_seed2,0,0.016769757832158384,0.6523771679468272,0.6691469257789856,1047.7904394460284,0.0,1048.4595863718073,0.0,936.703457,0.0,936.703457
2026-07-16_ttft_component_regression/phase1/input8000_rate2p5_reuse00_seed2,21,0.0,7.734254970719832,7.734254970719832,1047.7904394460284,0.0,1055.5246944167482,13.599162,968.448732,0.0,982.047894
2026-07-16_ttft_component_regression/phase1/input8000_rate2p5_reuse00_seed2,43,0.0,7.082747866369653,7.082747866369653,1047.7904394460284,0.0,1054.873187312398,7.240461,968.31206,0.0,975.552521
2026-07-16_ttft_component_regression/phase1/input8000_rate2p5_reuse00_seed2,74,0.02537074979869341,13.213917044041159,13.239287793839852,1047.7904394460284,0.0,1061.0297272398682,2.231897,986.120599,0.0,988.352496
2026-07-16_ttft_component_regression/phase1/input8000_rate2p5_reuse00_seed2,79,0.055966927779517735,14.785445222454383,14.8414121502339,1047.7904394460284,0.0,1062.6318515962623,90.446137,992.588902,0.0,1083.035039
2026-07-16_ttft_component_regression/phase1/input8000_rate2p5_reuse00_seed2,69,0.0,6.4948627571698605,6.4948627571698605,1047.7904394460284,0.0,1054.2853022031982,14.00027,968.214172,0.0,982.214442
2026-07-16_ttft_component_regression/phase1/input8000_rate2p5_reuse00_seed2,71,0.0,11.598901121535885,11.598901121535885,1047.7904394460284,0.0,1059.3893405675642,17.653217,977.309009,0.0,994.962226
2026-07-16_ttft_component_regression/phase1/input8000_rate2p5_reuse00_seed2,97,0.0,15.471553846168337,15.471553846168337,1047.7904394460284,0.0,1063.2619932921966,20.126605,1006.465156,0.0,1026.591761
2026-07-16_ttft_component_regression/phase1/input8000_rate2p5_reuse00_seed2,119,0.026986686387825202,15.86577228088571,15.892758967273535,1047.7904394460284,0.0,1063.6831984133019,4.852249,1027.43801,0.0,1032.290259
2026-07-16_ttft_component_regression/phase1/input8000_rate2p5_reuse00_seed2,115,0.026986686387825202,15.86577228088571,15.892758967273535,1047.7904394460284,0.0,1063.6831984133019,14.176948,1000.374239,0.0,1014.551187
2026-07-16_ttft_component_regression/phase1/input8000_rate2p5_reuse00_seed2,121,0.0,16.63215740798594,16.63215740798594,1047.7904394460284,0.0,1064.4225968540143,228.686637,1283.69783,0.0,1512.384467
2026-07-16_ttft_component_regression/phase1/input8000_rate2p5_reuse00_seed2,150,0.052880563818271546,13.311509326430752,13.364389890249024,1047.7904394460284,0.0,1061.1548293362773,4.751288,997.574939,0.0,1002.326227
2026-07-16_ttft_component_regression/phase1/input8000_rate2p5_reuse00_seed2,156,0.054725132599944756,14.822071736802185,14.87679686940213,1047.7904394460284,0.0,1062.6672363154305,9.560639,1022.838506,0.0,1032.399145
2026-07-16_ttft_component_regression/phase1/input8000_rate2p5_reuse00_seed2,172,0.023007282042032007,14.301351518705033,14.324358800747065,1047.7904394460284,0.0,1062.1147982467755,16.324616,1002.835409,0.0,1019.160025
2026-07-16_ttft_component_regression/phase1/input8000_rate2p5_reuse00_seed2,187,0.0,16.6227709394326,16.6227709394326,1047.7904394460284,0.0,1064.4132103854608,21.331477,1020.143457,0.0,1041.474934
2026-07-16_ttft_component_regression/phase1/input8000_rate2p5_reuse00_seed2,183,0.0272424700858969,15.85681980353318,15.884062273619076,1047.7904394460284,0.0,1063.6745017196474,6.04978,997.297423,0.0,1003.347203
2026-07-16_ttft_component_regression/phase1/input8000_rate2p5_reuse00_seed2,181,0.02804437817731068,14.66781451922543,14.695858897402742,1047.7904394460284,0.0,1062.4862983434311,6.011075,1004.780754,0.0,1010.791829
2026-07-16_ttft_component_regression/phase1/input8000_rate2p5_reuse00_seed2,199,0.0,16.52207530447835,16.52207530447835,1047.7904394460284,0.0,1064.3125147505068,0.712785,1042.378557,0.0,1043.091342
2026-07-16_ttft_component_regression/phase1/input8000_rate2p5_reuse00_seed2,218,0.030946033424611025,14.571553782705651,14.602499816130262,1047.7904394460284,0.0,1062.3929392621585,11.696745,1009.742135,0.0,1021.43888
2026-07-16_ttft_component_regression/phase1/input8000_rate2p5_reuse00_seed2,233,0.0,10.661200150567954,10.661200150567954,1047.7904394460284,0.0,1058.4516395965964,3.098142,992.124482,0.0,995.222624
2026-07-16_ttft_component_regression/phase1/input8000_rate2p5_reuse00_seed2,237,0.024971493122477442,13.188433380319678,13.213404873442155,1047.7904394460284,0.0,1061.0038443194705,215.01665,1012.560444,0.0,1227.577094
2026-07-16_ttft_component_regression/phase1/input8000_rate2p5_reuse00_seed2,245,0.027375281260189493,14.688054297969309,14.715429579229498,1047.7904394460284,0.0,1062.5058690252579,5.289736,1011.292193,0.0,1016.581929
2026-07-16_ttft_component_regression/phase1/input8000_rate2p5_reuse00_seed2,280,0.14506563897063918,15.29538393423914,15.44044957320978,1047.7904394460284,0.0,1063.2308890192382,15.166147,1024.135649,0.0,1039.301796
2026-07-16_ttft_component_regression/phase1/input8000_rate2p5_reuse00_seed2,274,0.16301759442441008,14.190082726541105,14.353100320965515,1047.7904394460284,0.0,1062.1435397669939,3.71499,1025.826003,0.0,1029.540993
2026-07-16_ttft_component_regression/phase1/input8000_rate2p5_reuse00_seed2,269,0.29514987916515734,12.242475872740288,12.537625751905445,1047.7904394460284,0.0,1060.3280651979337,11.080949,1034.40158,0.0,1045.482529
2026-07-16_ttft_component_regression/phase1/input8000_rate2p5_reuse00_seed2,270,0.2954206710774466,13.599571200974792,13.894991872052238,1047.7904394460284,0.0,1061.6854313180806,718.912913,1288.563895,0.0,2007.476808
2026-07-16_ttft_component_regression/phase1/input8000_rate2p5_reuse00_seed2,285,0.5047506792334558,18.34577341896306,18.850524098196516,1047.7904394460284,0.0,1066.6409635442249,23.680683,1030.792582,0.0,1054.473265
2026-07-16_ttft_component_regression/phase1/input8000_rate2p5_reuse00_seed2,298,6015.4571879428495,25.00200994153928,6040.459197884389,1047.7904394460284,0.0,7088.2496373304175,4490.0178670000005,1033.190582,0.0,5523.208449
2026-07-16_ttft_component_regression/phase1/input8000_rate2p5_reuse00_seed2,9,0.015513068327885215,0.619004140335819,0.6345172086637042,1047.7904394460284,0.0,1048.424956654692,0.005222,936.703457,0.0,936.708679
2026-07-16_ttft_component_regression/phase1/input8000_rate2p5_reuse00_seed2,24,0.0,7.7486984987343375,7.7486984987343375,1047.7904394460284,0.0,1055.5391379447626,6.145839,967.179388,0.0,973.325227
2026-07-16_ttft_component_regression/phase1/input8000_rate2p5_reuse00_seed2,36,0.0,12.572737171060995,12.572737171060995,1047.7904394460284,0.0,1060.3631766170893,15.270064,978.464017,0.0,993.734081
2026-07-16_ttft_component_regression/phase1/input8000_rate2p5_reuse00_seed2,68,0.0,6.510286771142887,6.510286771142887,1047.7904394460284,0.0,1054.3007262171714,467.233498,1254.627475,0.0,1721.860973
2026-07-16_ttft_component_regression/phase1/input8000_rate2p5_reuse00_seed2,70,0.0,11.563210279812793,11.563210279812793,1047.7904394460284,0.0,1059.3536497258413,199.20979,1210.954922,0.0,1410.164712
2026-07-16_ttft_component_regression/phase1/input8000_rate2p5_reuse00_seed2,67,0.01708412399118857,0.41811096025227257,0.43519508424346115,1047.7904394460284,0.0,1048.225634530272,0.053587,954.519522,0.0,954.573109
2026-07-16_ttft_component_regression/phase1/input8000_rate2p5_reuse00_seed2,81,0.051533714313533326,13.228458569723887,13.279992284037421,1047.7904394460284,0.0,1061.0704317300658,11.475702,985.798903,0.0,997.274605
2026-07-16_ttft_component_regression/phase1/input8000_rate2p5_reuse00_seed2,93,0.05806316235044278,14.718358851482513,14.776422013832956,1047.7904394460284,0.0,1062.5668614598612,8.196931,993.760102,0.0,1001.957033
2026-07-16_ttft_component_regression/phase1/input8000_rate2p5_reuse00_seed2,100,0.0,15.339805341805066,15.339805341805066,1047.7904394460284,0.0,1063.1302447878334,10.547359,1010.622232,0.0,1021.169591
2026-07-16_ttft_component_regression/phase1/input8000_rate2p5_reuse00_seed2,109,0.9397182458181544,23.229392914709887,24.169111160528043,1047.7904394460284,0.6219117535213035,1072.5814623600777,20.313092,1041.448496,0.625374,1062.386962
2026-07-16_ttft_component_regression/phase1/input8000_rate2p5_reuse00_seed2,120,0.0,16.62847372376349,16.62847372376349,1047.7904394460284,0.0,1064.418913169792,16.638892,1030.970402,0.0,1047.609294
2026-07-16_ttft_component_regression/phase1/input8000_rate2p5_reuse00_seed2,128,0.8940730959082274,23.05281661064262,23.946889706550845,1047.7904394460284,0.6219117535213035,1072.3592409061005,17.143928,1040.486966,0.625374,1058.256268
2026-07-16_ttft_component_regression/phase1/input8000_rate2p5_reuse00_seed2,161,0.0,15.46244010787149,15.46244010787149,1047.7904394460284,0.0,1063.2528795539,12.248368,980.224691,0.0,992.473059
2026-07-16_ttft_component_regression/phase1/input8000_rate2p5_reuse00_seed2,151,0.058933829379186925,14.688208206281091,14.747142035660278,1047.7904394460284,0.0,1062.5375814816887,5.915818,1008.267273,0.0,1014.183091
2026-07-16_ttft_component_regression/phase1/input8000_rate2p5_reuse00_seed2,157,0.05793643681327942,14.7226261723888,14.780562609202079,1047.7904394460284,0.0,1062.5710020552303,14.113976,1005.110441,0.0,1019.224417
2026-07-16_ttft_component_regression/phase1/input8000_rate2p5_reuse00_seed2,165,0.0,16.63887224663862,16.63887224663862,1047.7904394460284,0.0,1064.429311692667,1.616185,1024.129284,0.0,1025.745469
2026-07-16_ttft_component_regression/phase1/input8000_rate2p5_reuse00_seed2,190,0.028120244341315787,15.825151798197327,15.853272042538643,1047.7904394460284,0.0,1063.643711488567,16.664222,1011.020502,0.0,1027.684724
2026-07-16_ttft_component_regression/phase1/input8000_rate2p5_reuse00_seed2,210,0.0,7.110128438353241,7.110128438353241,1047.7904394460284,0.0,1054.9005678843816,14.789098,978.110679,0.0,992.899777
2026-07-16_ttft_component_regression/phase1/input8000_rate2p5_reuse00_seed2,222,0.0,6.524382092949735,6.524382092949735,1047.7904394460284,0.0,1054.314821538978,1.471819,979.523397,0.0,980.995216
2026-07-16_ttft_component_regression/phase1/input8000_rate2p5_reuse00_seed2,235,0.0,10.633025483505474,10.633025483505474,1047.7904394460284,0.0,1058.4234649295338,4.511865,988.237151,0.0,992.749016
2026-07-16_ttft_component_regression/phase1/input8000_rate2p5_reuse00_seed2,244,0.9085666567704931,23.07967351248706,23.98824016925755,1047.7904394460284,0.6219117535213035,1072.4005913688072,1925.3439839999999,1343.6415,0.625374,3269.610858
2026-07-16_ttft_component_regression/phase1/input8000_rate2p5_reuse00_seed2,241,0.03024894469948048,15.741316149167192,15.771565093866672,1047.7904394460284,0.0,1063.562004539895,557.41201,1305.438401,0.0,1862.850411
2026-07-16_ttft_component_regression/phase1/input8000_rate2p5_reuse00_seed2,248,0.1918143110701372,103.25655707996808,103.44837139103821,1047.7904394460284,0.0,1151.2388108370665,2826.011245,1249.085784,0.0,4075.097029
2026-07-16_ttft_component_regression/phase1/input8000_rate2p5_reuse00_seed2,265,2489.486901269247,21.37271139630366,2510.8596126655507,1047.7904394460284,0.6219117535213035,3559.2719638651,1398.684305,1050.870398,0.625374,2450.180077
2026-07-16_ttft_component_regression/phase1/input8000_rate2p5_reuse00_seed2,240,0.02179221463785835,12.993655688437507,13.015447903075366,1047.7904394460284,0.0,1060.8058873491036,4.45156,1033.568331,0.0,1038.019891
2026-07-16_ttft_component_regression/phase1/input8000_rate2p5_reuse00_seed2,243,0.9305387300305539,23.118741250598276,24.04927998062883,1047.7904394460284,0.6219117535213035,1072.4616311801785,1382.1904769999999,1335.55162,0.625374,2718.367471
2026-07-16_ttft_component_regression/phase1/input8000_rate2p5_reuse00_seed2,279,580.5685711110249,21.283624471431764,601.8521955824566,1047.7904394460284,0.0,1649.642635028485,609.5839599999999,1028.26997,0.0,1637.85393
2026-07-16_ttft_component_regression/phase1/input8000_rate2p5_reuse00_seed2,290,4850.205647242968,21.335409849849306,4871.541057092817,1047.7904394460284,0.0,5919.331496538845,2851.434413,1045.199527,0.0,3896.63394
2026-07-16_ttft_component_regression/phase1/input8000_rate2p5_reuse00_seed2,16,0.02251722711281493,15.377926780588624,15.400444007701438,1047.7904394460284,0.0,1063.1908834537298,233.891206,1291.180367,0.0,1525.071573
2026-07-16_ttft_component_regression/phase1/input8000_rate2p5_reuse00_seed2,17,0.03133472861357356,321.1493775801751,321.18071230878866,1047.7904394460284,0.0,1368.9711517548171,1202.36018,1217.800762,0.0,2420.160942
2026-07-16_ttft_component_regression/phase1/input8000_rate2p5_reuse00_seed2,12,0.0,12.579877482684832,12.579877482684832,1047.7904394460284,0.0,1060.3703169287132,393.281946,1270.549596,0.0,1663.831542
2026-07-16_ttft_component_regression/phase1/input8000_rate2p5_reuse00_seed2,11,0.0,7.745230726035164,7.745230726035164,1047.7904394460284,0.0,1055.5356701720634,16.349396,983.454401,0.0,999.803797
2026-07-16_ttft_component_regression/phase1/input8000_rate2p5_reuse00_seed2,4,0.01686141304952436,0.6549149068677966,0.671776319917321,1047.7904394460284,0.0,1048.4622157659458,0.062966,936.703457,0.0,936.766423
2026-07-16_ttft_component_regression/phase1/input8000_rate2p5_reuse00_seed2,31,0.0,19.3844324983972,19.3844324983972,1047.7904394460284,0.0,1067.1748719444256,8.622472,1013.294018,0.0,1021.91649
2026-07-16_ttft_component_regression/phase1/input8000_rate2p5_reuse00_seed2,28,0.0,18.035517874266,18.035517874266,1047.7904394460284,0.0,1065.8259573202943,18.479918,1003.875972,0.0,1022.35589
2026-07-16_ttft_component_regression/phase1/input8000_rate2p5_reuse00_seed2,58,0.15714392878849612,19.61947825893743,19.776622187725927,1047.7904394460284,0.0,1067.5670616337543,21.443377,1025.552561,0.0,1046.995938
2026-07-16_ttft_component_regression/phase1/input8000_rate2p5_reuse00_seed2,80,0.0,10.743030346828906,10.743030346828906,1047.7904394460284,0.0,1058.5334697928572,13.459212,1000.738523,0.0,1014.197735
2026-07-16_ttft_component_regression/phase1/input8000_rate2p5_reuse00_seed2,82,0.9031783615370392,23.15837828215835,24.06155664369539,1047.7904394460284,0.6219117535213035,1072.4739078432451,197.640165,1303.366322,0.625374,1501.631861
2026-07-16_ttft_component_regression/phase1/input8000_rate2p5_reuse00_seed2,86,0.9195233671244372,23.190812657661763,24.1103360247862,1047.7904394460284,0.6219117535213035,1072.5226872243359,1109.552222,1264.335018,0.625374,2374.512614
2026-07-16_ttft_component_regression/phase1/input8000_rate2p5_reuse00_seed2,85,0.05780913071739664,14.726883536105367,14.784692666822764,1047.7904394460284,0.0,1062.5751321128512,354.238386,1321.216457,0.0,1675.454843
2026-07-16_ttft_component_regression/phase1/input8000_rate2p5_reuse00_seed2,102,0.8636841750394069,22.99365527322144,23.857339448260845,1047.7904394460284,0.6219117535213035,1072.2696906478104,468.11175699999995,1300.079562,0.625374,1768.816693
2026-07-16_ttft_component_regression/phase1/input8000_rate2p5_reuse00_seed2,101,0.0,15.341605852833935,15.341605852833935,1047.7904394460284,0.0,1063.1320452988623,4.283899,1046.741285,0.0,1051.025184
2026-07-16_ttft_component_regression/phase1/input8000_rate2p5_reuse00_seed2,107,0.874346067137142,23.014855129513066,23.88920119665021,1047.7904394460284,0.6219117535213035,1072.3015523962,17.680979,1028.307174,0.625374,1046.613527
2026-07-16_ttft_component_regression/phase1/input8000_rate2p5_reuse00_seed2,127,0.18544386356698783,21.43631753982785,21.62176140339484,1047.7904394460284,0.0,1069.4122008494232,19.484463,1050.620692,0.0,1070.105155
2026-07-16_ttft_component_regression/phase1/input8000_rate2p5_reuse00_seed2,153,0.19565919791467945,19.851113326424123,20.046772524338802,1047.7904394460284,0.0,1067.8372119703672,7.87304,1046.01792,0.0,1053.89096
2026-07-16_ttft_component_regression/phase1/input8000_rate2p5_reuse00_seed2,140,0.0,17.949170937617403,17.949170937617403,1047.7904394460284,0.0,1065.7396103836459,0.14558,1025.88495,0.0,1026.03053
2026-07-16_ttft_component_regression/phase1/input8000_rate2p5_reuse00_seed2,146,0.20281664565189422,19.892712943776573,20.095529589428466,1047.7904394460284,0.0,1067.8859690354568,2.921829,1049.954117,0.0,1052.875946
2026-07-16_ttft_component_regression/phase1/input8000_rate2p5_reuse00_seed2,171,0.0,15.350273086928468,15.350273086928468,1047.7904394460284,0.0,1063.1407125329567,14.66459,1016.420027,0.0,1031.084617
2026-07-16_ttft_component_regression/phase1/input8000_rate2p5_reuse00_seed2,173,0.0,17.930320004236822,17.930320004236822,1047.7904394460284,0.0,1065.7207594502652,5.983235,1045.413583,0.0,1051.396818
2026-07-16_ttft_component_regression/phase1/input8000_rate2p5_reuse00_seed2,194,0.1942556879238153,21.492242821231436,21.68649850915525,1047.7904394460284,0.0,1069.4769379551835,8.677495,1045.00013,0.0,1053.677625
2026-07-16_ttft_component_regression/phase1/input8000_rate2p5_reuse00_seed2,200,0.19351560379945548,23.283535396896095,23.47705100069555,1047.7904394460284,0.0,1071.267490446724,22.275364,1039.781721,0.0,1062.057085
2026-07-16_ttft_component_regression/phase1/input8000_rate2p5_reuse00_seed2,184,0.0,17.930320004236822,17.930320004236822,1047.7904394460284,0.0,1065.7207594502652,5.632962,1024.124811,0.0,1029.757773
2026-07-16_ttft_component_regression/phase1/input8000_rate2p5_reuse00_seed2,205,0.1970695719389881,23.307739055946783,23.504808627885772,1047.7904394460284,0.0,1071.295248073914,8.012296,1039.075399,0.0,1047.087695
2026-07-16_ttft_component_regression/phase1/input8000_rate2p5_reuse00_seed2,192,0.9565111114156619,25.0642292807999,26.02074039221556,1047.7904394460284,0.6219117535213035,1074.4330915917653,11.961407000000001,1048.644751,0.625374,1061.231532
2026-07-16_ttft_component_regression/phase1/input8000_rate2p5_reuse00_seed2,219,0.0,16.580912482729943,16.580912482729943,1047.7904394460284,0.0,1064.3713519287583,23.366906,1036.558419,0.0,1059.925325
2026-07-16_ttft_component_regression/phase1/input8000_rate2p5_reuse00_seed2,250,363.33778691682807,1.17092778132986,364.5087146981579,1047.7904394460284,0.6219117535213035,1412.9210658977076,414.58049900000003,1037.54313,0.625374,1452.749003
2026-07-16_ttft_component_regression/phase1/input8000_rate2p5_reuse00_seed2,242,0.19159670757128158,21.475444538861755,21.667041246433037,1047.7904394460284,0.0,1069.4574806924613,0.604284,1048.866201,0.0,1049.470485
2026-07-16_ttft_component_regression/phase1/input8000_rate2p5_reuse00_seed2,256,1465.3137494155171,24.843573670963814,1490.157323086481,1047.7904394460284,0.6219117535213035,2538.5696742860305,1136.23575,1038.404928,0.625374,2175.266052
2026-07-16_ttft_component_regression/phase1/input8000_rate2p5_reuse00_seed2,239,0.8566147629802802,22.97933198315946,23.83594674613974,1047.7904394460284,0.6219117535213035,1072.2482979456895,5.933819,1025.193691,0.625374,1031.752884
2026-07-16_ttft_component_regression/phase1/input8000_rate2p5_reuse00_seed2,258,545.9880748697777,24.85909631678404,570.8471711865618,1047.7904394460284,0.6219117535213035,1619.2595223861115,2123.010046,1031.002398,0.625374,3154.637818
2026-07-16_ttft_component_regression/phase1/input8000_rate2p5_reuse00_seed2,293,4986.5317683554795,21.283624471431764,5007.815392826911,1047.7904394460284,0.6219117535213035,6056.227744026461,3149.388607,1047.551261,0.625374,4197.565242
2026-07-16_ttft_component_regression/phase1/input8000_rate2p5_reuse00_seed2,284,388.56087395392706,21.300054159579105,409.86092811350613,1047.7904394460284,0.6219117535213035,1458.2732793130558,4069.317277,1032.539161,0.625374,5102.481812
2026-07-16_ttft_component_regression/phase1/input8000_rate2p5_reuse00_seed2,296,2344.6554968312075,24.881693178254487,2369.537190009462,1047.7904394460284,0.6219117535213035,3417.9495412090114,3521.5065290000002,1039.911957,0.625374,4562.04386
2026-07-16_ttft_component_regression/phase1/input8000_rate2p5_reuse00_seed2,281,1624.0388144651008,21.29022293934193,1645.3290374044427,1047.7904394460284,0.6219117535213035,2693.741388603992,1264.453846,1056.027612,0.625374,2321.106832
2026-07-16_ttft_component_regression/phase1/input8000_rate2p5_reuse00_seed2,19,0.015308900731901009,0.6138084676554784,0.6291173683873794,1047.7904394460284,0.0,1048.4195568144157,0.000186,936.703457,0.0,936.703643
2026-07-16_ttft_component_regression/phase1/input8000_rate2p5_reuse00_seed2,32,0.0,7.763553394839559,7.763553394839559,1047.7904394460284,0.0,1055.553992840868,4.518425,984.550497,0.0,989.068922
2026-07-16_ttft_component_regression/phase1/input8000_rate2p5_reuse00_seed2,37,0.022826701435483494,15.399820357797294,15.422647059232778,1047.7904394460284,0.0,1063.2130865052611,6.134407,986.167575,0.0,992.301982
2026-07-16_ttft_component_regression/phase1/input8000_rate2p5_reuse00_seed2,33,0.0,12.572737171060995,12.572737171060995,1047.7904394460284,0.0,1060.3631766170893,361.546315,1230.546265,0.0,1592.09258
2026-07-16_ttft_component_regression/phase1/input8000_rate2p5_reuse00_seed2,64,0.0,16.504584790629316,16.504584790629316,1047.7904394460284,0.0,1064.2950242366576,750.402489,1244.605084,0.0,1995.007573
2026-07-16_ttft_component_regression/phase1/input8000_rate2p5_reuse00_seed2,61,0.057681245921417365,14.73113094983607,14.788812195757487,1047.7904394460284,0.0,1062.579251641786,73.484883,1291.683286,0.0,1365.168169
2026-07-16_ttft_component_regression/phase1/input8000_rate2p5_reuse00_seed2,59,0.051846992038626964,13.247549388150077,13.299396380188703,1047.7904394460284,0.0,1061.089835826217,0.046089,1003.501631,0.0,1003.54772
2026-07-16_ttft_component_regression/phase1/input8000_rate2p5_reuse00_seed2,62,0.0,15.470964282906957,15.470964282906957,1047.7904394460284,0.0,1063.2614037289354,604.567777,1310.811709,0.0,1915.379486
2026-07-16_ttft_component_regression/phase1/input8000_rate2p5_reuse00_seed2,75,0.16712757146249166,19.680809254366334,19.847936825828825,1047.7904394460284,0.0,1067.6383762718572,25.400824,1021.812593,0.0,1047.213417
2026-07-16_ttft_component_regression/phase1/input8000_rate2p5_reuse00_seed2,89,2050.3336233032483,23.143717303359274,2073.4773406066074,1047.7904394460284,0.6219117535213035,3121.889691806157,7383.968602,1311.613764,0.625374,8696.20774
2026-07-16_ttft_component_regression/phase1/input8000_rate2p5_reuse00_seed2,90,304.5266890357649,23.194368636995996,327.7210576727609,1047.7904394460284,0.0,1375.5114971187893,288.024069,1036.230777,0.0,1324.254846
2026-07-16_ttft_component_regression/phase1/input8000_rate2p5_reuse00_seed2,88,2246.0890795591413,23.197914955564872,2269.2869945147063,1047.7904394460284,0.6219117535213035,3317.6993457142557,6718.088348,1059.692923,0.625374,7778.406645
2026-07-16_ttft_component_regression/phase1/input8000_rate2p5_reuse00_seed2,124,0.028609457049764375,15.806821547560045,15.83543100460981,1047.7904394460284,0.0,1063.625870450638,9.621338,1008.205207,0.0,1017.826545
2026-07-16_ttft_component_regression/phase1/input8000_rate2p5_reuse00_seed2,163,0.0,10.728929090774674,10.728929090774674,1047.7904394460284,0.0,1058.519368536803,19.003174,1011.803544,0.0,1030.806718
2026-07-16_ttft_component_regression/phase1/input8000_rate2p5_reuse00_seed2,159,0.0,6.5193952975821965,6.5193952975821965,1047.7904394460284,0.0,1054.3098347436105,6.151935,990.081661,0.0,996.233596
2026-07-16_ttft_component_regression/phase1/input8000_rate2p5_reuse00_seed2,166,0.04887008278576154,13.07120768024859,13.12007776303435,1047.7904394460284,0.0,1060.9105172090626,531.325435,1301.530555,0.0,1832.85599
2026-07-16_ttft_component_regression/phase1/input8000_rate2p5_reuse00_seed2,169,0.06092557888885625,14.612937900329632,14.673863479218488,1047.7904394460284,0.0,1062.4643029252468,431.273782,1267.334483,0.0,1698.608265
2026-07-16_ttft_component_regression/phase1/input8000_rate2p5_reuse00_seed2,179,0.031420079009701174,14.554279020134656,14.585699099144357,1047.7904394460284,0.0,1062.3761385451728,20.102699,1015.085217,0.0,1035.187916
2026-07-16_ttft_component_regression/phase1/input8000_rate2p5_reuse00_seed2,197,0.0,16.491092037703947,16.491092037703947,1047.7904394460284,0.0,1064.2815314837324,9.936478,1044.728826,0.0,1054.665304
2026-07-16_ttft_component_regression/phase1/input8000_rate2p5_reuse00_seed2,186,0.0,16.619506720406086,16.619506720406086,1047.7904394460284,0.0,1064.4099461664343,3.041867,1029.062656,0.0,1032.104523
2026-07-16_ttft_component_regression/phase1/input8000_rate2p5_reuse00_seed2,220,0.02416508623485556,13.137698859170735,13.16186394540559,1047.7904394460284,0.0,1060.952303391434,6.971955,996.332543,0.0,1003.304498
2026-07-16_ttft_component_regression/phase1/input8000_rate2p5_reuse00_seed2,232,0.8478212966881142,22.961216884327833,23.809038181015946,1047.7904394460284,0.6219117535213035,1072.2213893805656,4.845877,973.051662,0.625374,978.522913
2026-07-16_ttft_component_regression/phase1/input8000_rate2p5_reuse00_seed2,262,0.29146418932947415,12.071623643009465,12.36308783233894,1047.7904394460284,0.0,1060.1535272783674,9.404438,994.768385,0.0,1004.172823
2026-07-16_ttft_component_regression/phase1/input8000_rate2p5_reuse00_seed2,266,0.3019120239655503,13.44572361575045,13.747635639716002,1047.7904394460284,0.0,1061.5380750857444,20.06304,1024.835627,0.0,1044.898667
2026-07-16_ttft_component_regression/phase1/input8000_rate2p5_reuse00_seed2,252,1.0417728369857007,24.908183547185548,25.949956384171248,1047.7904394460284,0.6219117535213035,1074.3623075837208,11.778641,989.836088,0.625374,1002.240103
2026-07-16_ttft_component_regression/phase1/input8000_rate2p5_reuse00_seed2,272,1.3390685243061886,21.263618377410516,22.602686901716705,1047.7904394460284,0.6219117535213035,1071.0150381012663,685.341452,1297.469459,0.625374,1983.436285
2026-07-16_ttft_component_regression/phase1/input8000_rate2p5_reuse00_seed2,288,0.21005350739838857,12.675110986335,12.885164493733388,1047.7904394460284,0.0,1060.6756039397617,23.940614,1031.922028,0.0,1055.862642
2026-07-16_ttft_component_regression/phase1/input8000_rate2p5_reuse00_seed2,271,0.17002287715103895,14.173571477221353,14.343594354372392,1047.7904394460284,0.0,1062.1340338004009,8.510702,1049.258579,0.0,1057.769281
2026-07-16_ttft_component_regression/phase1/input8000_rate2p5_reuse00_seed2,297,1.0711498766666112,24.963208687871212,26.034358564537822,1047.7904394460284,0.6219117535213035,1074.4467097640875,12.830691,1031.009196,0.625374,1044.465261
2026-07-16_ttft_component_regression/phase1/input8000_rate2p5_reuse00_seed2,14,0.0,7.749832661982597,7.749832661982597,1047.7904394460284,0.0,1055.5402721080109,17.323724,966.276124,0.0,983.599848
2026-07-16_ttft_component_regression/phase1/input8000_rate2p5_reuse00_seed2,22,0.0,12.571602415368242,12.571602415368242,1047.7904394460284,0.0,1060.3620418613966,5.912064,976.961265,0.0,982.873329
2026-07-16_ttft_component_regression/phase1/input8000_rate2p5_reuse00_seed2,8,0.016769757832158384,0.6523771679468272,0.6691469257789856,1047.7904394460284,0.0,1048.4595863718073,0.014322,936.703457,0.0,936.717779
2026-07-16_ttft_component_regression/phase1/input8000_rate2p5_reuse00_seed2,56,0.8373325914461511,22.939173458127094,23.776506049573246,1047.7904394460284,0.6219117535213035,1072.188857249123,6.705198,983.328545,0.625374,990.659117
2026-07-16_ttft_component_regression/phase1/input8000_rate2p5_reuse00_seed2,57,0.0,10.656737492743519,10.656737492743519,1047.7904394460284,0.0,1058.447176938772,591.183992,1229.851833,0.0,1821.035825
2026-07-16_ttft_component_regression/phase1/input8000_rate2p5_reuse00_seed2,47,0.8619139342781887,22.990088616815594,23.852002551093783,1047.7904394460284,0.6219117535213035,1072.2643537506435,5.807659999999999,979.910737,0.625374,986.343771
2026-07-16_ttft_component_regression/phase1/input8000_rate2p5_reuse00_seed2,83,0.05881121977942839,14.692545426190186,14.751356645969615,1047.7904394460284,0.0,1062.5417960919979,0.408569,993.180422,0.0,993.588991
2026-07-16_ttft_component_regression/phase1/input8000_rate2p5_reuse00_seed2,76,0.051008420079321104,13.196742798292954,13.247751218372276,1047.7904394460284,0.0,1061.0381906644006,13.657919,987.070007,0.0,1000.727926
2026-07-16_ttft_component_regression/phase1/input8000_rate2p5_reuse00_seed2,111,0.04940998467981229,13.102386995776996,13.151796980456808,1047.7904394460284,0.0,1060.9422364264851,706.470811,1255.105757,0.0,1961.576568
2026-07-16_ttft_component_regression/phase1/input8000_rate2p5_reuse00_seed2,110,0.0,10.732386301192728,10.732386301192728,1047.7904394460284,0.0,1058.522825747221,6.559652,1001.736743,0.0,1008.296395
2026-07-16_ttft_component_regression/phase1/input8000_rate2p5_reuse00_seed2,133,0.0,11.553222850289236,11.553222850289236,1047.7904394460284,0.0,1059.3436622963177,16.205541,993.859477,0.0,1010.065018
2026-07-16_ttft_component_regression/phase1/input8000_rate2p5_reuse00_seed2,142,0.020769974128406282,14.151724481088607,14.172494455217013,1047.7904394460284,0.0,1061.9629339012454,1.537878,1014.217564,0.0,1015.755442
2026-07-16_ttft_component_regression/phase1/input8000_rate2p5_reuse00_seed2,145,0.03009427249479525,14.601402602290642,14.631496874785437,1047.7904394460284,0.0,1062.4219363208138,177.27819,1289.703867,0.0,1466.982057
2026-07-16_ttft_component_regression/phase1/input8000_rate2p5_reuse00_seed2,170,0.0,15.351388337761426,15.351388337761426,1047.7904394460284,0.0,1063.1418277837897,339.099432,1260.955419,0.0,1600.054851
2026-07-16_ttft_component_regression/phase1/input8000_rate2p5_reuse00_seed2,180,0.858379228531848,22.982926946692682,23.84130617522453,1047.7904394460284,0.6219117535213035,1072.253657374774,13.375572,1029.558967,0.625374,1043.559913
2026-07-16_ttft_component_regression/phase1/input8000_rate2p5_reuse00_seed2,164,0.9415660261400185,23.23284123442968,24.1744072605697,1047.7904394460284,0.6219117535213035,1072.5867584601194,15.255806,1034.130969,0.625374,1050.012149
2026-07-16_ttft_component_regression/phase1/input8000_rate2p5_reuse00_seed2,167,0.05486527835252358,14.81804132822304,14.872906606575564,1047.7904394460284,0.0,1062.6633460526039,582.237988,1318.125759,0.0,1900.363747
2026-07-16_ttft_component_regression/phase1/input8000_rate2p5_reuse00_seed2,201,0.0,16.6315498208216,16.6315498208216,1047.7904394460284,0.0,1064.42198926685,8.264708,1011.160159,0.0,1019.424867
2026-07-16_ttft_component_regression/phase1/input8000_rate2p5_reuse00_seed2,211,0.0,11.577125426424358,11.577125426424358,1047.7904394460284,0.0,1059.3675648724527,11.972551,984.323056,0.0,996.295607
2026-07-16_ttft_component_regression/phase1/input8000_rate2p5_reuse00_seed2,225,0.023860053173236834,13.118755233531573,13.14261528670481,1047.7904394460284,0.0,1060.9330547327331,16.138604,994.460088,0.0,1010.598692
2026-07-16_ttft_component_regression/phase1/input8000_rate2p5_reuse00_seed2,228,0.03009427249479525,14.601402602290642,14.631496874785437,1047.7904394460284,0.0,1062.4219363208138,7.776408,1032.956051,0.0,1040.732459
2026-07-16_ttft_component_regression/phase1/input8000_rate2p5_reuse00_seed2,215,0.0,11.577125426424358,11.577125426424358,1047.7904394460284,0.0,1059.3675648724527,12.867679,988.862136,0.0,1001.729815
2026-07-16_ttft_component_regression/phase1/input8000_rate2p5_reuse00_seed2,246,0.17989954000857142,19.757941854595003,19.937841394603574,1047.7904394460284,0.0,1067.728280840632,21.03173,1029.39443,0.0,1050.42616
2026-07-16_ttft_component_regression/phase1/input8000_rate2p5_reuse00_seed2,229,0.0,15.344555942611798,15.344555942611798,1047.7904394460284,0.0,1063.1349953886402,656.181563,1290.596583,0.0,1946.778146
2026-07-16_ttft_component_regression/phase1/input8000_rate2p5_reuse00_seed2,238,0.0,16.534741388209213,16.534741388209213,1047.7904394460284,0.0,1064.3251808342375,0.376278,1018.300315,0.0,1018.676593
2026-07-16_ttft_component_regression/phase1/input8000_rate2p5_reuse00_seed2,267,1254.4914057854494,21.357332367568933,1275.8487381530183,1047.7904394460284,0.6219117535213035,2324.261089352568,4853.416467999999,1047.16728,0.625374,5901.209122
2026-07-16_ttft_component_regression/phase1/input8000_rate2p5_reuse00_seed2,263,4448.858285588876,21.393843960520375,4470.252129549397,1047.7904394460284,0.6219117535213035,5518.6644807489465,2437.121325,1045.598956,0.625374,3483.345655
2026-07-16_ttft_component_regression/phase1/input8000_rate2p5_reuse00_seed2,286,4467.5499727091865,21.34486077755628,4488.894833486743,1047.7904394460284,0.6219117535213035,5537.307184686292,2582.896258,1055.542192,0.625374,3639.063824
2026-07-16_ttft_component_regression/phase1/input8000_rate2p5_reuse00_seed2,5,0.0,7.753168965240765,7.753168965240765,1047.7904394460284,0.0,1055.5436084112691,2.645015,966.267228,0.0,968.912243
2026-07-16_ttft_component_regression/phase1/input8000_rate2p5_reuse00_seed2,1,0.01667739087897127,0.6498351439594919,0.6665125348384632,1047.7904394460284,0.0,1048.4569519808667,1.156769,936.703457,0.0,937.860226
2026-07-16_ttft_component_regression/phase1/input8000_rate2p5_reuse00_seed2,13,0.0,12.573887760083133,12.573887760083133,1047.7904394460284,0.0,1060.3643272061115,15.43374,976.961105,0.0,992.394845
2026-07-16_ttft_component_regression/phase1/input8000_rate2p5_reuse00_seed2,40,0.0,12.575054161746563,12.575054161746563,1047.7904394460284,0.0,1060.3654936077749,11.963385,980.202513,0.0,992.165898
2026-07-16_ttft_component_regression/phase1/input8000_rate2p5_reuse00_seed2,52,0.023348583331375204,13.087283994979506,13.11063257831088,1047.7904394460284,0.0,1060.9010720243393,65.48858,985.559159,0.0,1051.047739
2026-07-16_ttft_component_regression/phase1/input8000_rate2p5_reuse00_seed2,48,0.0,10.66006437560479,10.66006437560479,1047.7904394460284,0.0,1058.4505038216332,224.52776,976.551377,0.0,1201.079137
2026-07-16_ttft_component_regression/phase1/input8000_rate2p5_reuse00_seed2,46,0.0,10.652489997729115,10.652489997729115,1047.7904394460284,0.0,1058.4429294437575,8.233953,973.5685,0.0,981.802453
2026-07-16_ttft_component_regression/phase1/input8000_rate2p5_reuse00_seed2,87,0.0,16.652860181482588,16.652860181482588,1047.7904394460284,0.0,1064.443299627511,4.301206,1033.488003,0.0,1037.789209
2026-07-16_ttft_component_regression/phase1/input8000_rate2p5_reuse00_seed2,78,0.0,15.47330768083817,15.47330768083817,1047.7904394460284,0.0,1063.2637471268665,111.273728,1009.483245,0.0,1120.756973
2026-07-16_ttft_component_regression/phase1/input8000_rate2p5_reuse00_seed2,73,0.029342122278641886,14.626601880657,14.655944002935643,1047.7904394460284,0.0,1062.446383448964,3.764771,994.346246,0.0,998.111017
2026-07-16_ttft_component_regression/phase1/input8000_rate2p5_reuse00_seed2,99,0.0,15.347444342208012,15.347444342208012,1047.7904394460284,0.0,1063.1378837882364,5.966027,1034.298867,0.0,1040.264894
2026-07-16_ttft_component_regression/phase1/input8000_rate2p5_reuse00_seed2,104,0.0,16.52565826517203,16.52565826517203,1047.7904394460284,0.0,1064.3160977112004,10.929142,1039.617391,0.0,1050.546533
2026-07-16_ttft_component_regression/phase1/input8000_rate2p5_reuse00_seed2,126,0.028488006488405344,15.811420120093961,15.839908126582367,1047.7904394460284,0.0,1063.6303475726106,12.41917,1004.696442,0.0,1017.115612
2026-07-16_ttft_component_regression/phase1/input8000_rate2p5_reuse00_seed2,147,0.0,15.47330768083817,15.47330768083817,1047.7904394460284,0.0,1063.2637471268665,444.160459,1282.889077,0.0,1727.049536
2026-07-16_ttft_component_regression/phase1/input8000_rate2p5_reuse00_seed2,158,0.0,16.511496772351926,16.511496772351926,1047.7904394460284,0.0,1064.3019362183802,23.170988,1035.493921,0.0,1058.664909
2026-07-16_ttft_component_regression/phase1/input8000_rate2p5_reuse00_seed2,138,0.0,11.568754022761972,11.568754022761972,1047.7904394460284,0.0,1059.3591934687904,2.325255,1003.869555,0.0,1006.19481
2026-07-16_ttft_component_regression/phase1/input8000_rate2p5_reuse00_seed2,139,0.022303589797132307,14.25345811117982,14.275761700976952,1047.7904394460284,0.0,1062.0662011470054,86.21433,1254.832483,0.0,1341.046813
2026-07-16_ttft_component_regression/phase1/input8000_rate2p5_reuse00_seed2,144,0.028176595870086335,14.66373730900063,14.691913904870717,1047.7904394460284,0.0,1062.482353350899,5.380333,1029.047819,0.0,1034.428152
2026-07-16_ttft_component_regression/phase1/input8000_rate2p5_reuse00_seed2,160,0.17560593571133695,19.732176185153588,19.907782120864926,1047.7904394460284,0.0,1067.6982215668934,493.703028,1318.277747,0.0,1811.980775
2026-07-16_ttft_component_regression/phase1/input8000_rate2p5_reuse00_seed2,175,0.16910393219659223,21.330646752471367,21.49975068466796,1047.7904394460284,0.0,1069.2901901306964,24.848652,1033.13873,0.0,1057.987382
2026-07-16_ttft_component_regression/phase1/input8000_rate2p5_reuse00_seed2,195,0.0,15.349712012608602,15.349712012608602,1047.7904394460284,0.0,1063.1401514586369,1.91944,1021.435985,0.0,1023.355425
2026-07-16_ttft_component_regression/phase1/input8000_rate2p5_reuse00_seed2,207,0.0,6.521098306762556,6.521098306762556,1047.7904394460284,0.0,1054.3115377527909,8.377979,980.021958,0.0,988.399937
2026-07-16_ttft_component_regression/phase1/input8000_rate2p5_reuse00_seed2,214,0.020666548199552853,14.144987049575583,14.165653597775137,1047.7904394460284,0.0,1061.9560930438035,476.755402,1253.805101,0.0,1730.560503
2026-07-16_ttft_component_regression/phase1/input8000_rate2p5_reuse00_seed2,231,0.0,15.32784110021649,15.32784110021649,1047.7904394460284,0.0,1063.118280546245,22.983328,1025.962031,0.0,1048.945359
2026-07-16_ttft_component_regression/phase1/input8000_rate2p5_reuse00_seed2,230,0.031653597988681594,14.545581925922892,14.577235523911574,1047.7904394460284,0.0,1062.36767496994,3.926641,1023.775879,0.0,1027.70252
2026-07-16_ttft_component_regression/phase1/input8000_rate2p5_reuse00_seed2,212,0.0,11.564289834147367,11.564289834147367,1047.7904394460284,0.0,1059.3547292801757,9.189755,1002.345349,0.0,1011.535104
2026-07-16_ttft_component_regression/phase1/input8000_rate2p5_reuse00_seed2,273,0.2255901022217189,9.822015583274142,10.047605685495862,1047.7904394460284,0.0,1057.8380451315243,16.112206,1013.792582,0.0,1029.904788
2026-07-16_ttft_component_regression/phase1/input8000_rate2p5_reuse00_seed2,275,1.3862482210750897,21.33224114394151,22.718489365016598,1047.7904394460284,0.6219117535213035,1071.1308405645664,111.704964,1266.569893,0.625374,1378.900231
2026-07-16_ttft_component_regression/phase1/input8000_rate2p5_reuse00_seed2,292,0.2248544802749832,9.810587788348826,10.03544226862381,1047.7904394460284,0.0,1057.8258817146523,2.254275,984.847618,0.0,987.101893
2026-07-16_ttft_component_regression/phase1/input8000_rate2p5_reuse00_seed2,2,0.016204841134037168,0.6370614659351995,0.6532663070692367,1047.7904394460284,0.0,1048.4437057530977,0.150884,936.703457,0.0,936.854341
2026-07-16_ttft_component_regression/phase1/input8000_rate2p5_reuse00_seed2,10,0.0,7.745230726035164,7.745230726035164,1047.7904394460284,0.0,1055.5356701720634,16.49685,966.552828,0.0,983.049678
2026-07-16_ttft_component_regression/phase1/input8000_rate2p5_reuse00_seed2,26,0.0,12.597282500200183,12.597282500200183,1047.7904394460284,0.0,1060.3877219462286,4.080937,978.426001,0.0,982.506938
2026-07-16_ttft_component_regression/phase1/input8000_rate2p5_reuse00_seed2,45,0.023553627463723095,13.099857141535871,13.123410768999594,1047.7904394460284,0.0,1060.9138502150279,20.173781,987.406327,0.0,1007.580108
2026-07-16_ttft_component_regression/phase1/input8000_rate2p5_reuse00_seed2,38,0.0,12.590276900395246,12.590276900395246,1047.7904394460284,0.0,1060.3807163464237,14.361743,978.616721,0.0,992.978464
2026-07-16_ttft_component_regression/phase1/input8000_rate2p5_reuse00_seed2,84,0.044574640210933186,0.4291297434847408,0.473704383695674,1047.7904394460284,0.0,1048.264143829724,0.044871,936.703457,0.0,936.748328
2026-07-16_ttft_component_regression/phase1/input8000_rate2p5_reuse00_seed2,95,0.0,10.75895829234712,10.75895829234712,1047.7904394460284,0.0,1058.5493977383755,0.414027,976.757073,0.0,977.1711
2026-07-16_ttft_component_regression/phase1/input8000_rate2p5_reuse00_seed2,92,0.022885135966792723,6.5585067994596535,6.5813919354264465,1047.7904394460284,0.0,1054.3718313814547,11.028739,966.663772,0.0,977.692511
2026-07-16_ttft_component_regression/phase1/input8000_rate2p5_reuse00_seed2,114,0.021999610621672338,14.233012348134189,14.25501195875586,1047.7904394460284,0.0,1062.0454514047842,2.132367,997.769618,0.0,999.901985
2026-07-16_ttft_component_regression/phase1/input8000_rate2p5_reuse00_seed2,132,0.0,16.617514081228286,16.617514081228286,1047.7904394460284,0.0,1064.4079535272567,885.397683,1350.384742,0.0,2235.782425
2026-07-16_ttft_component_regression/phase1/input8000_rate2p5_reuse00_seed2,136,0.0,17.861279651254932,17.861279651254932,1047.7904394460284,0.0,1065.6517190972834,943.311885,1275.485189,0.0,2218.797074
2026-07-16_ttft_component_regression/phase1/input8000_rate2p5_reuse00_seed2,131,0.02799652615764173,15.82970770317185,15.857704229329492,1047.7904394460284,0.0,1063.648143675358,250.038133,1308.057545,0.0,1558.095678
2026-07-16_ttft_component_regression/phase1/input8000_rate2p5_reuse00_seed2,130,0.023961886936447907,13.125064744697823,13.149026631634271,1047.7904394460284,0.0,1060.9394660776627,1.356275,1017.928217,0.0,1019.284492
2026-07-16_ttft_component_regression/phase1/input8000_rate2p5_reuse00_seed2,154,0.0,15.461811276989074,15.461811276989074,1047.7904394460284,0.0,1063.2522507230174,16.067149,1020.193392,0.0,1036.260541
2026-07-16_ttft_component_regression/phase1/input8000_rate2p5_reuse00_seed2,177,0.0,16.504584790629316,16.504584790629316,1047.7904394460284,0.0,1064.2950242366576,11.406981,1037.29722,0.0,1048.704201
2026-07-16_ttft_component_regression/phase1/input8000_rate2p5_reuse00_seed2,174,0.0,16.625332414339017,16.625332414339017,1047.7904394460284,0.0,1064.4157718603674,6.500066,1014.609231,0.0,1021.109297
2026-07-16_ttft_component_regression/phase1/input8000_rate2p5_reuse00_seed2,221,0.01689861989772881,0.41374404449806484,0.4306426643957937,1047.7904394460284,0.0,1048.221082110424,0.024151,950.812969,0.0,950.83712
2026-07-16_ttft_component_regression/phase1/input8000_rate2p5_reuse00_seed2,257,0.16399146326625047,7.083473210812212,7.247464674078462,1047.7904394460284,0.0,1055.0379041201068,13.317283,984.75397,0.0,998.071253
2026-07-16_ttft_component_regression/phase1/input8000_rate2p5_reuse00_seed2,278,0.22620548095713172,9.832251876575564,10.058457357532696,1047.7904394460284,0.0,1057.848896803561,108.895472,996.853004,0.0,1105.748476
2026-07-16_ttft_component_regression/phase1/input8000_rate2p5_reuse00_seed2,289,0.3817735389028673,11.208730969397248,11.590504508300116,1047.7904394460284,0.0,1059.3809439543286,20.008079,1013.921557,0.0,1033.929636
2026-07-16_ttft_component_regression/phase1/input8000_rate2p5_reuse00_seed2,282,0.19778834546030016,14.275548457691139,14.473336803151438,1047.7904394460284,0.0,1062.2637762491797,221.293808,994.349169,0.0,1215.642977
2026-07-16_ttft_component_regression/phase1/input8000_rate2p5_reuse00_seed2,276,0.16374917325359245,7.081149273217899,7.244898446471491,1047.7904394460284,0.0,1055.0353378925,9.615287,988.842102,0.0,998.457389
2026-07-16_ttft_component_regression/phase1/input8000_rate2p5_reuse00_seed2,6,0.016584311075361312,0.647288855333182,0.6638731664085433,1047.7904394460284,0.0,1048.454312612437,0.079106,936.703457,0.0,936.782563
2026-07-16_ttft_component_regression/phase1/input8000_rate2p5_reuse00_seed2,15,0.0,7.746397466208315,7.746397466208315,1047.7904394460284,0.0,1055.5368369122366,5.944487,966.529404,0.0,972.473891
2026-07-16_ttft_component_regression/phase1/input8000_rate2p5_reuse00_seed2,23,0.0,12.57623635541002,12.57623635541002,1047.7904394460284,0.0,1060.3666758014383,0.703094,977.264209,0.0,977.967303
2026-07-16_ttft_component_regression/phase1/input8000_rate2p5_reuse00_seed2,34,0.030144239460377212,17.163854995282232,17.19399923474261,1047.7904394460284,0.0,1064.984438680771,3.564471,1009.420071,0.0,1012.984542
2026-07-16_ttft_component_regression/phase1/input8000_rate2p5_reuse00_seed2,35,0.0,18.033346147299454,18.033346147299454,1047.7904394460284,0.0,1065.8237855933278,696.155926,1265.407871,0.0,1961.563797
2026-07-16_ttft_component_regression/phase1/input8000_rate2p5_reuse00_seed2,42,0.0,17.852459340476372,17.852459340476372,1047.7904394460284,0.0,1065.6428987865047,22.789953,1029.523507,0.0,1052.31346
2026-07-16_ttft_component_regression/phase1/input8000_rate2p5_reuse00_seed2,29,0.023747041553688744,15.46582612436659,15.489573165920278,1047.7904394460284,0.0,1063.2800126119487,2.777039,986.506839,0.0,989.283878
2026-07-16_ttft_component_regression/phase1/input8000_rate2p5_reuse00_seed2,44,0.15905321123089494,21.264350354716203,21.423403565947098,1047.7904394460284,0.0,1069.2138430119755,179.013409,1288.075418,0.0,1467.088827
2026-07-16_ttft_component_regression/phase1/input8000_rate2p5_reuse00_seed2,51,5088.684807860979,22.95756598392552,5111.642373844905,1047.7904394460284,0.0,6159.432813290933,4312.777137,1026.67295,0.0,5339.450087
2026-07-16_ttft_component_regression/phase1/input8000_rate2p5_reuse00_seed2,98,0.052982990188062885,13.317932162910708,13.370915153098771,1047.7904394460284,0.0,1061.1613545991272,6.186031,996.17359,0.0,1002.359621
2026-07-16_ttft_component_regression/phase1/input8000_rate2p5_reuse00_seed2,94,0.0,10.762714187100357,10.762714187100357,1047.7904394460284,0.0,1058.5531536331287,17.563989,987.045719,0.0,1004.609708
2026-07-16_ttft_component_regression/phase1/input8000_rate2p5_reuse00_seed2,117,0.025675180930514924,15.909900888799891,15.935576069730406,1047.7904394460284,0.0,1063.7260155157587,13.481155,1021.654362,0.0,1035.135517
2026-07-16_ttft_component_regression/phase1/input8000_rate2p5_reuse00_seed2,105,0.025271187836595894,13.207538973237385,13.232810161073981,1047.7904394460284,0.0,1061.0232496071023,18.525647,994.670984,0.0,1013.196631
2026-07-16_ttft_component_regression/phase1/input8000_rate2p5_reuse00_seed2,125,0.0,16.62909408991473,16.62909408991473,1047.7904394460284,0.0,1064.4195335359432,4.985142,1027.446443,0.0,1032.431585
2026-07-16_ttft_component_regression/phase1/input8000_rate2p5_reuse00_seed2,113,0.02409656967554237,14.377124165186357,14.4012207348619,1047.7904394460284,0.0,1062.1916601808903,17.510502,1015.890311,0.0,1033.400813
2026-07-16_ttft_component_regression/phase1/input8000_rate2p5_reuse00_seed2,135,0.0,17.88884303333244,17.88884303333244,1047.7904394460284,0.0,1065.6792824793608,19.203911,1036.788645,0.0,1055.992556
2026-07-16_ttft_component_regression/phase1/input8000_rate2p5_reuse00_seed2,182,0.0,6.512186132402077,6.512186132402077,1047.7904394460284,0.0,1054.3026255784305,174.56087,1224.205346,0.0,1398.766216
2026-07-16_ttft_component_regression/phase1/input8000_rate2p5_reuse00_seed2,178,0.01661500460662184,0.40716639712539315,0.423781401732015,1047.7904394460284,0.0,1048.2142208477603,0.044847,974.15789,0.0,974.202737
2026-07-16_ttft_component_regression/phase1/input8000_rate2p5_reuse00_seed2,198,0.031184219334886857,14.562936287676418,14.594120507011306,1047.7904394460284,0.0,1062.3845599530396,4.505769,1013.062898,0.0,1017.568667
2026-07-16_ttft_component_regression/phase1/input8000_rate2p5_reuse00_seed2,193,0.023348583331375204,13.087283994979506,13.11063257831088,1047.7904394460284,0.0,1060.9010720243393,11.293468,1013.764648,0.0,1025.058116
2026-07-16_ttft_component_regression/phase1/input8000_rate2p5_reuse00_seed2,188,0.0,11.571073434022654,11.571073434022654,1047.7904394460284,0.0,1059.3615128800511,11.948064,986.992309,0.0,998.940373
2026-07-16_ttft_component_regression/phase1/input8000_rate2p5_reuse00_seed2,226,0.0,15.342200903626244,15.342200903626244,1047.7904394460284,0.0,1063.1326403496546,477.502326,1296.752553,0.0,1774.254879
2026-07-16_ttft_component_regression/phase1/input8000_rate2p5_reuse00_seed2,217,0.030217662941960505,14.597168183004564,14.627385845946526,1047.7904394460284,0.0,1062.4178252919749,13.240176,1005.273522,0.0,1018.513698
2026-07-16_ttft_component_regression/phase1/input8000_rate2p5_reuse00_seed2,247,0.05163830051644258,13.234817106063621,13.286455406580064,1047.7904394460284,0.0,1061.0768948526083,19.271485,1030.172205,0.0,1049.44369
2026-07-16_ttft_component_regression/phase1/input8000_rate2p5_reuse00_seed2,224,0.029595076004888955,14.618241546911822,14.64783662291671,1047.7904394460284,0.0,1062.438276068945,3.65245,1026.502914,0.0,1030.155364
2026-07-16_ttft_component_regression/phase1/input8000_rate2p5_reuse00_seed2,249,1.0515127923572132,24.926791594050048,25.97830438640726,1047.7904394460284,0.6219117535213035,1074.390655585957,694.065548,1282.386964,0.625374,1977.077886
2026-07-16_ttft_component_regression/phase1/input8000_rate2p5_reuse00_seed2,254,0.0035081247900365727,16.629204294565138,16.632712419355176,1047.7904394460284,0.0,1064.4231518653835,97.060315,1011.573934,0.0,1108.634249
2026-07-16_ttft_component_regression/phase1/input8000_rate2p5_reuse00_seed2,261,0.39352390690422007,21.456543770172914,21.850067677077135,1047.7904394460284,0.0,1069.6405071231054,627.26802,1316.465664,0.0,1943.733684
2026-07-16_ttft_component_regression/phase1/input8000_rate2p5_reuse00_seed2,259,1.2225298011761974,24.945139813501076,26.167669614677273,1047.7904394460284,0.6219117535213035,1074.580020814227,19.655088,1031.572687,0.625374,1051.853149
2026-07-16_ttft_component_regression/phase1/input8000_rate2p5_reuse00_seed2,295,0.06042573357933645,17.915656388920333,17.97608212249967,1047.7904394460284,0.0,1065.766521568528,8.701677,1028.429288,0.0,1037.130965
2026-07-16_ttft_component_regression/phase1/input8000_rate2p5_reuse00_seed2,3,0.01686141304952436,0.6549149068677966,0.671776319917321,1047.7904394460284,0.0,1048.4622157659458,0.003022,936.703457,0.0,936.706479
2026-07-16_ttft_component_regression/phase1/input8000_rate2p5_reuse00_seed2,7,0.0,7.731702622003288,7.731702622003288,1047.7904394460284,0.0,1055.5221420680316,5.416768,966.373628,0.0,971.790396
2026-07-16_ttft_component_regression/phase1/input8000_rate2p5_reuse00_seed2,25,0.025647409187425363,15.60670390767889,15.632351316866314,1047.7904394460284,0.0,1063.4227907628947,10.024622,1006.111551,0.0,1016.136173
2026-07-16_ttft_component_regression/phase1/input8000_rate2p5_reuse00_seed2,39,0.0,19.471283913684434,19.471283913684434,1047.7904394460284,0.0,1067.2617233597127,8.335461,1029.790739,0.0,1038.1262
2026-07-16_ttft_component_regression/phase1/input8000_rate2p5_reuse00_seed2,41,0.1899852121436694,23.259365385748612,23.44935059789228,1047.7904394460284,0.0,1071.2397900439207,45.491448,1288.393434,0.0,1333.884882
2026-07-16_ttft_component_regression/phase1/input8000_rate2p5_reuse00_seed2,20,0.0,12.614050776112302,12.614050776112302,1047.7904394460284,0.0,1060.4044902221406,2.178118,977.572113,0.0,979.750231
2026-07-16_ttft_component_regression/phase1/input8000_rate2p5_reuse00_seed2,27,0.02554011038569234,17.3305455144995,17.356085624885193,1047.7904394460284,0.0,1065.1465250709136,419.985974,1204.189728,0.0,1624.175702
2026-07-16_ttft_component_regression/phase1/input8000_rate2p5_reuse00_seed2,30,0.0,18.06560605470392,18.06560605470392,1047.7904394460284,0.0,1065.8560455007323,3.559085,1003.954436,0.0,1007.513521
2026-07-16_ttft_component_regression/phase1/input8000_rate2p5_reuse00_seed2,54,4928.752729443669,22.935467523726327,4951.688196967395,1047.7904394460284,0.6219117535213035,6000.1005481669445,4135.937481,1028.43946,0.625374,5165.002315
2026-07-16_ttft_component_regression/phase1/input8000_rate2p5_reuse00_seed2,63,404.5778647666144,22.961216884327833,427.53908165094225,1047.7904394460284,0.6219117535213035,1475.951432850492,3817.1114399999997,1042.231974,0.625374,4859.968788
2026-07-16_ttft_component_regression/phase1/input8000_rate2p5_reuse00_seed2,91,2359.804790922428,23.190812657661763,2382.9956035800897,1047.7904394460284,0.0,3430.786043026118,1442.897579,1050.417052,0.0,2493.314631
2026-07-16_ttft_component_regression/phase1/input8000_rate2p5_reuse00_seed2,77,5779.695148650037,23.20497850923324,5802.90012715927,1047.7904394460284,0.0,6850.690566605298,4041.562299,1051.626408,0.0,5093.188707
2026-07-16_ttft_component_regression/phase1/input8000_rate2p5_reuse00_seed2,108,0.0,16.642327070211575,16.642327070211575,1047.7904394460284,0.0,1064.43276651624,535.807039,1302.41795,0.0,1838.224989
2026-07-16_ttft_component_regression/phase1/input8000_rate2p5_reuse00_seed2,96,0.19035313327582612,19.81998747600812,20.010340609283947,1047.7904394460284,0.0,1067.8007800553123,21.934889,1042.654794,0.0,1064.589683
2026-07-16_ttft_component_regression/phase1/input8000_rate2p5_reuse00_seed2,106,0.0,15.342793421736847,15.342793421736847,1047.7904394460284,0.0,1063.1332328677652,8.370587,1050.705831,0.0,1059.076418
2026-07-16_ttft_component_regression/phase1/input8000_rate2p5_reuse00_seed2,112,0.17079923898621344,21.34173094328258,21.512530182268794,1047.7904394460284,0.0,1069.3029696282972,9.825933,1036.485218,0.0,1046.311151
2026-07-16_ttft_component_regression/phase1/input8000_rate2p5_reuse00_seed2,116,0.18560527840895258,23.229202148505077,23.41480742691403,1047.7904394460284,0.0,1071.2052468729423,21.596797,1044.752083,0.0,1066.34888
2026-07-16_ttft_component_regression/phase1/input8000_rate2p5_reuse00_seed2,149,1894.7453354335335,23.194368636995996,1917.9397040705294,1047.7904394460284,0.0,2965.7301435165577,1625.4647349999998,1035.245681,0.0,2660.710416
2026-07-16_ttft_component_regression/phase1/input8000_rate2p5_reuse00_seed2,148,673.8865241409993,23.197914955564872,697.0844390965642,1047.7904394460284,0.0,1744.8748785425926,695.3714739999999,1044.748625,0.0,1740.120099
2026-07-16_ttft_component_regression/phase1/input8000_rate2p5_reuse00_seed2,143,0.1759199227134665,21.375040254520133,21.5509601772336,1047.7904394460284,0.0,1069.3413996232619,24.42626,1054.504706,0.0,1078.930966
2026-07-16_ttft_component_regression/phase1/input8000_rate2p5_reuse00_seed2,176,0.0,15.338592039744354,15.338592039744354,1047.7904394460284,0.0,1063.1290314857727,18.169031,1020.956999,0.0,1039.12603
2026-07-16_ttft_component_regression/phase1/input8000_rate2p5_reuse00_seed2,191,0.0,17.847253406345704,17.847253406345704,1047.7904394460284,0.0,1065.6376928523741,18.159393,1036.318571,0.0,1054.477964
2026-07-16_ttft_component_regression/phase1/input8000_rate2p5_reuse00_seed2,189,0.0,16.61276204648227,16.61276204648227,1047.7904394460284,0.0,1064.4032014925106,16.136698,1037.270277,0.0,1053.406975
2026-07-16_ttft_component_regression/phase1/input8000_rate2p5_reuse00_seed2,196,0.031420079009701174,14.554279020134656,14.585699099144357,1047.7904394460284,0.0,1062.3761385451728,9.909443,1008.775568,0.0,1018.685011
2026-07-16_ttft_component_regression/phase1/input8000_rate2p5_reuse00_seed2,185,0.02932609742047495,15.779005447344916,15.808331544765391,1047.7904394460284,0.0,1063.5987709907938,6.618108,1010.281062,0.0,1016.89917
2026-07-16_ttft_component_regression/phase1/input8000_rate2p5_reuse00_seed2,202,0.0,16.617514081228286,16.617514081228286,1047.7904394460284,0.0,1064.4079535272567,8.206129,1011.785934,0.0,1019.992063
2026-07-16_ttft_component_regression/phase1/input8000_rate2p5_reuse00_seed2,204,0.0,19.40229972982894,19.40229972982894,1047.7904394460284,0.0,1067.1927391758572,16.874555,1015.416599,0.0,1032.291154
2026-07-16_ttft_component_regression/phase1/input8000_rate2p5_reuse00_seed2,206,0.17250033438947943,21.352824687730394,21.525325022119873,1047.7904394460284,0.0,1069.3157644681482,24.765732,1049.630399,0.0,1074.396131
2026-07-16_ttft_component_regression/phase1/input8000_rate2p5_reuse00_seed2,223,3649.9438566629215,22.99365527322144,3672.937511936143,1047.7904394460284,0.0,4720.727951382171,2390.496923,1041.856256,0.0,3432.353179
2026-07-16_ttft_component_regression/phase1/input8000_rate2p5_reuse00_seed2,251,0.0031207737164268717,16.630426970548378,16.633547744264803,1047.7904394460284,0.0,1064.4239871902932,14.34711,1047.098894,0.0,1061.446004
2026-07-16_ttft_component_regression/phase1/input8000_rate2p5_reuse00_seed2,260,3809.421880144854,24.900939166938997,3834.322819311793,1047.7904394460284,0.0,4882.113258757821,2489.414908,1039.490037,0.0,3528.904945
2026-07-16_ttft_component_regression/phase1/input8000_rate2p5_reuse00_seed2,253,0.0,17.91091673239901,17.91091673239901,1047.7904394460284,0.0,1065.7013561784274,580.783787,1352.957722,0.0,1933.741509
2026-07-16_ttft_component_regression/phase1/input8000_rate2p5_reuse00_seed2,255,0.28539115830625883,21.40700454337889,21.692395701685147,1047.7904394460284,0.0,1069.4828351477136,745.179581,1301.456526,0.0,2046.636107
2026-07-16_ttft_component_regression/phase1/input8000_rate2p5_reuse00_seed2,277,0.36137347468175135,21.278757865959363,21.640131340641116,1047.7904394460284,0.0,1069.4305707866695,11.763274,1047.45597,0.0,1059.219244
2026-07-16_ttft_component_regression/phase1/input8000_rate2p5_reuse00_seed2,287,0.4595688173144178,18.145193731221266,18.604762548535682,1047.7904394460284,0.0,1066.395201994564,5.444159,1042.387882,0.0,1047.832041
2026-07-16_ttft_component_regression/phase1/input8000_rate2p5_reuse00_seed2,18,0.015614062478286152,0.6215959678845017,0.6372100303627878,1047.7904394460284,0.0,1048.4276494763913,0.016989,936.703457,0.0,936.720446
2026-07-16_ttft_component_regression/phase1/input8000_rate2p5_reuse00_seed2,53,0.8976849050138651,23.059590813521034,23.9572757185349,1047.7904394460284,0.6219117535213035,1072.3696269180846,969.6742099999999,1278.46326,0.625374,2248.762844
2026-07-16_ttft_component_regression/phase1/input8000_rate2p5_reuse00_seed2,49,0.016028371491045783,0.393914680983953,0.4099430524749988,1047.7904394460284,0.0,1048.2003824985034,0.030554,954.519522,0.0,954.550076
2026-07-16_ttft_component_regression/phase1/input8000_rate2p5_reuse00_seed2,55,0.8994937044083772,23.062962983348235,23.962456687756614,1047.7904394460284,0.6219117535213035,1072.3748078873064,1293.5782009999998,1298.791919,0.625374,2592.995494
2026-07-16_ttft_component_regression/phase1/input8000_rate2p5_reuse00_seed2,50,0.9049316840810482,23.073019465213495,23.977951149294544,1047.7904394460284,0.6219117535213035,1072.3903023488442,561.481623,1254.627475,0.625374,1816.734472
2026-07-16_ttft_component_regression/phase1/input8000_rate2p5_reuse00_seed2,72,0.16573065288187305,21.30850761299363,21.474238265875503,1047.7904394460284,0.0,1069.264677711904,3.149473,1020.368977,0.0,1023.51845
2026-07-16_ttft_component_regression/phase1/input8000_rate2p5_reuse00_seed2,60,0.9732815863221485,23.289921362825613,24.26320294914776,1047.7904394460284,0.6219117535213035,1072.6755541486975,944.808555,1196.706372,0.625374,2142.140301
2026-07-16_ttft_component_regression/phase1/input8000_rate2p5_reuse00_seed2,66,0.8940730959082274,23.05281661064262,23.946889706550845,1047.7904394460284,0.6219117535213035,1072.3592409061005,429.689357,1275.917824,0.625374,1706.232555
2026-07-16_ttft_component_regression/phase1/input8000_rate2p5_reuse00_seed2,65,0.0,15.338592039744354,15.338592039744354,1047.7904394460284,0.0,1063.1290314857727,20.773144,1018.767427,0.0,1039.540571
2026-07-16_ttft_component_regression/phase1/input8000_rate2p5_reuse00_seed2,103,2634.976425964024,22.961216884327833,2657.937642848352,1047.7904394460284,0.6219117535213035,3706.3499940479014,1914.61109,1037.639563,0.625374,2952.876027
2026-07-16_ttft_component_regression/phase1/input8000_rate2p5_reuse00_seed2,118,0.8994700424065684,24.95766452585571,25.85713456826228,1047.7904394460284,0.6219117535213035,1074.269485767812,10.384390000000002,1010.465821,0.625374,1021.475585
2026-07-16_ttft_component_regression/phase1/input8000_rate2p5_reuse00_seed2,134,0.8940482636607805,24.946786834445927,25.84083509810671,1047.7904394460284,0.6219117535213035,1074.2531862976564,9.184533,1014.928001,0.625374,1024.737908
2026-07-16_ttft_component_regression/phase1/input8000_rate2p5_reuse00_seed2,129,0.20281664565189422,19.892712943776573,20.095529589428466,1047.7904394460284,0.0,1067.8859690354568,624.17136,1281.387911,0.0,1905.559271
2026-07-16_ttft_component_regression/phase1/input8000_rate2p5_reuse00_seed2,123,0.0,17.949170937617403,17.949170937617403,1047.7904394460284,0.0,1065.7396103836459,610.047198,1334.862545,0.0,1944.909743
2026-07-16_ttft_component_regression/phase1/input8000_rate2p5_reuse00_seed2,122,0.0,16.63809851355849,16.63809851355849,1047.7904394460284,0.0,1064.428537959587,17.931403,1034.655202,0.0,1052.586605
2026-07-16_ttft_component_regression/phase1/input8000_rate2p5_reuse00_seed2,137,0.0,17.93238206185903,17.93238206185903,1047.7904394460284,0.0,1065.7228215078874,76.772742,1029.301182,0.0,1106.073924
2026-07-16_ttft_component_regression/phase1/input8000_rate2p5_reuse00_seed2,141,0.19514496175446855,21.497846054445883,21.692991016200352,1047.7904394460284,0.0,1069.4834304622286,0.428006,1047.149211,0.0,1047.577217
2026-07-16_ttft_component_regression/phase1/input8000_rate2p5_reuse00_seed2,152,5885.583208230932,23.194368636995996,5908.777576867928,1047.7904394460284,0.6219117535213035,6957.189928067477,6178.912316,1034.393867,0.625374,7213.931557
2026-07-16_ttft_component_regression/phase1/input8000_rate2p5_reuse00_seed2,162,4025.353137980789,23.16202007033648,4048.5151580511256,1047.7904394460284,0.6219117535213035,5096.927509250675,14337.827399000002,1036.525829,0.625374,15374.978602
2026-07-16_ttft_component_regression/phase1/input8000_rate2p5_reuse00_seed2,155,5294.254573152245,23.208495693744634,5317.463068845989,1047.7904394460284,0.6219117535213035,6365.875420045539,14217.131170999999,1035.111016,0.625374,15252.867561
2026-07-16_ttft_component_regression/phase1/input8000_rate2p5_reuse00_seed2,203,0.03110128181197036,17.123783143296993,17.154884425108964,1047.7904394460284,0.0,1064.9453238711374,17.071543,1006.940421,0.0,1024.011964
2026-07-16_ttft_component_regression/phase1/input8000_rate2p5_reuse00_seed2,168,1833.5954499432821,23.20497850923324,1856.8004284525155,1047.7904394460284,0.6219117535213035,2905.212779652065,15383.930929,1034.719857,0.625374,16419.27616
2026-07-16_ttft_component_regression/phase1/input8000_rate2p5_reuse00_seed2,208,0.029443510137904586,15.774331917237847,15.80377542737575,1047.7904394460284,0.0,1063.594214873404,0.176208,1040.710035,0.0,1040.886243
2026-07-16_ttft_component_regression/phase1/input8000_rate2p5_reuse00_seed2,213,0.0,17.86485858119148,17.86485858119148,1047.7904394460284,0.0,1065.65529802722,142.725165,1337.6288,0.0,1480.353965
2026-07-16_ttft_component_regression/phase1/input8000_rate2p5_reuse00_seed2,216,0.16154647436144903,21.280890011209607,21.442436485571054,1047.7904394460284,0.0,1069.2328759315994,695.964711,1266.817339,0.0,1962.78205
2026-07-16_ttft_component_regression/phase1/input8000_rate2p5_reuse00_seed2,209,0.0,16.619506720406086,16.619506720406086,1047.7904394460284,0.0,1064.4099461664343,226.636053,1330.661434,0.0,1557.297487
2026-07-16_ttft_component_regression/phase1/input8000_rate2p5_reuse00_seed2,227,5201.9208864861075,23.014855129513066,5224.935741615621,1047.7904394460284,0.6219117535213035,6273.34809281517,4590.442859,1037.007688,0.625374,5628.075921
2026-07-16_ttft_component_regression/phase1/input8000_rate2p5_reuse00_seed2,234,2243.1153333565067,22.97933198315946,2266.0946653396663,1047.7904394460284,0.6219117535213035,3314.507016539216,7134.356548,1050.790408,0.625374,8185.77233
2026-07-16_ttft_component_regression/phase1/input8000_rate2p5_reuse00_seed2,264,4279.23942753115,21.37271139630366,4300.612138927454,1047.7904394460284,0.6219117535213035,5349.024490127003,2427.165066,1041.121806,0.625374,3468.912246
2026-07-16_ttft_component_regression/phase1/input8000_rate2p5_reuse00_seed2,236,1860.0503380434052,23.02879597213856,1883.0791340155438,1047.7904394460284,0.6219117535213035,2931.4914852150932,8641.756525,1042.947302,0.625374,9685.329201
2026-07-16_ttft_component_regression/phase1/input8000_rate2p5_reuse00_seed2,294,795.8791196140693,21.347992612419606,817.2271122264889,1047.7904394460284,0.6219117535213035,1865.6394634260384,2732.288119,1040.197928,0.625374,3773.111421
2026-07-16_ttft_component_regression/phase1/input8000_rate2p5_reuse00_seed2,268,2623.444400810267,21.313037375211785,2644.757438185479,1047.7904394460284,0.6219117535213035,3693.1697893850283,4154.842536,1037.299454,0.625374,5192.767364
2026-07-16_ttft_component_regression/phase1/input8000_rate2p5_reuse00_seed2,283,1.1910168185452723,24.88965160474368,26.08066842328895,1047.7904394460284,0.6219117535213035,1074.4930196228386,2.69846,1031.830354,0.625374,1035.154188
2026-07-16_ttft_component_regression/phase1/input8000_rate2p5_reuse00_seed2,291,2292.8525306272286,21.39682458247359,2314.249355209702,1047.7904394460284,0.6219117535213035,3362.6617064092516,1269.34575,1044.085419,0.625374,2314.056543
2026-07-16_ttft_component_regression/phase1/input8000_rate2p5_reuse00_seed2,299,6130.944877251721,24.970362426236274,6155.915239677957,1047.7904394460284,0.6219117535213035,7204.327590877507,4719.069566,1037.683972,0.625374,5757.378912
2026-07-16_ttft_component_regression/phase1/input8000_rate2p5_reuse00_seed2,0,0.016769757832158384,0.6523771679468272,0.6691469257789856,1047.7904394460284,0.0,1048.4595863718073,0.0,936.703457,0.0,936.703457
2026-07-16_ttft_component_regression/phase1/input8000_rate2p5_reuse00_seed2,21,0.0,7.734254970719832,7.734254970719832,1047.7904394460284,0.0,1055.5246944167482,13.599162,968.448732,0.0,982.047894
2026-07-16_ttft_component_regression/phase1/input8000_rate2p5_reuse00_seed2,43,0.0,7.082747866369653,7.082747866369653,1047.7904394460284,0.0,1054.873187312398,7.240461,968.31206,0.0,975.552521
2026-07-16_ttft_component_regression/phase1/input8000_rate2p5_reuse00_seed2,74,0.02537074979869341,13.213917044041159,13.239287793839852,1047.7904394460284,0.0,1061.0297272398682,2.231897,986.120599,0.0,988.352496
2026-07-16_ttft_component_regression/phase1/input8000_rate2p5_reuse00_seed2,79,0.055966927779517735,14.785445222454383,14.8414121502339,1047.7904394460284,0.0,1062.6318515962623,90.446137,992.588902,0.0,1083.035039
2026-07-16_ttft_component_regression/phase1/input8000_rate2p5_reuse00_seed2,69,0.0,6.4948627571698605,6.4948627571698605,1047.7904394460284,0.0,1054.2853022031982,14.00027,968.214172,0.0,982.214442
2026-07-16_ttft_component_regression/phase1/input8000_rate2p5_reuse00_seed2,71,0.0,11.598901121535885,11.598901121535885,1047.7904394460284,0.0,1059.3893405675642,17.653217,977.309009,0.0,994.962226
2026-07-16_ttft_component_regression/phase1/input8000_rate2p5_reuse00_seed2,97,0.0,15.471553846168337,15.471553846168337,1047.7904394460284,0.0,1063.2619932921966,20.126605,1006.465156,0.0,1026.591761
2026-07-16_ttft_component_regression/phase1/input8000_rate2p5_reuse00_seed2,119,0.026986686387825202,15.86577228088571,15.892758967273535,1047.7904394460284,0.0,1063.6831984133019,4.852249,1027.43801,0.0,1032.290259
2026-07-16_ttft_component_regression/phase1/input8000_rate2p5_reuse00_seed2,115,0.026986686387825202,15.86577228088571,15.892758967273535,1047.7904394460284,0.0,1063.6831984133019,14.176948,1000.374239,0.0,1014.551187
2026-07-16_ttft_component_regression/phase1/input8000_rate2p5_reuse00_seed2,121,0.0,16.63215740798594,16.63215740798594,1047.7904394460284,0.0,1064.4225968540143,228.686637,1283.69783,0.0,1512.384467
2026-07-16_ttft_component_regression/phase1/input8000_rate2p5_reuse00_seed2,150,0.052880563818271546,13.311509326430752,13.364389890249024,1047.7904394460284,0.0,1061.1548293362773,4.751288,997.574939,0.0,1002.326227
2026-07-16_ttft_component_regression/phase1/input8000_rate2p5_reuse00_seed2,156,0.054725132599944756,14.822071736802185,14.87679686940213,1047.7904394460284,0.0,1062.6672363154305,9.560639,1022.838506,0.0,1032.399145
2026-07-16_ttft_component_regression/phase1/input8000_rate2p5_reuse00_seed2,172,0.023007282042032007,14.301351518705033,14.324358800747065,1047.7904394460284,0.0,1062.1147982467755,16.324616,1002.835409,0.0,1019.160025
2026-07-16_ttft_component_regression/phase1/input8000_rate2p5_reuse00_seed2,187,0.0,16.6227709394326,16.6227709394326,1047.7904394460284,0.0,1064.4132103854608,21.331477,1020.143457,0.0,1041.474934
2026-07-16_ttft_component_regression/phase1/input8000_rate2p5_reuse00_seed2,183,0.0272424700858969,15.85681980353318,15.884062273619076,1047.7904394460284,0.0,1063.6745017196474,6.04978,997.297423,0.0,1003.347203
2026-07-16_ttft_component_regression/phase1/input8000_rate2p5_reuse00_seed2,181,0.02804437817731068,14.66781451922543,14.695858897402742,1047.7904394460284,0.0,1062.4862983434311,6.011075,1004.780754,0.0,1010.791829
2026-07-16_ttft_component_regression/phase1/input8000_rate2p5_reuse00_seed2,199,0.0,16.52207530447835,16.52207530447835,1047.7904394460284,0.0,1064.3125147505068,0.712785,1042.378557,0.0,1043.091342
2026-07-16_ttft_component_regression/phase1/input8000_rate2p5_reuse00_seed2,218,0.030946033424611025,14.571553782705651,14.602499816130262,1047.7904394460284,0.0,1062.3929392621585,11.696745,1009.742135,0.0,1021.43888
2026-07-16_ttft_component_regression/phase1/input8000_rate2p5_reuse00_seed2,233,0.0,10.661200150567954,10.661200150567954,1047.7904394460284,0.0,1058.4516395965964,3.098142,992.124482,0.0,995.222624
2026-07-16_ttft_component_regression/phase1/input8000_rate2p5_reuse00_seed2,237,0.024971493122477442,13.188433380319678,13.213404873442155,1047.7904394460284,0.0,1061.0038443194705,215.01665,1012.560444,0.0,1227.577094
2026-07-16_ttft_component_regression/phase1/input8000_rate2p5_reuse00_seed2,245,0.027375281260189493,14.688054297969309,14.715429579229498,1047.7904394460284,0.0,1062.5058690252579,5.289736,1011.292193,0.0,1016.581929
2026-07-16_ttft_component_regression/phase1/input8000_rate2p5_reuse00_seed2,280,0.14506563897063918,15.29538393423914,15.44044957320978,1047.7904394460284,0.0,1063.2308890192382,15.166147,1024.135649,0.0,1039.301796
2026-07-16_ttft_component_regression/phase1/input8000_rate2p5_reuse00_seed2,274,0.16301759442441008,14.190082726541105,14.353100320965515,1047.7904394460284,0.0,1062.1435397669939,3.71499,1025.826003,0.0,1029.540993
2026-07-16_ttft_component_regression/phase1/input8000_rate2p5_reuse00_seed2,269,0.29514987916515734,12.242475872740288,12.537625751905445,1047.7904394460284,0.0,1060.3280651979337,11.080949,1034.40158,0.0,1045.482529
2026-07-16_ttft_component_regression/phase1/input8000_rate2p5_reuse00_seed2,270,0.2954206710774466,13.599571200974792,13.894991872052238,1047.7904394460284,0.0,1061.6854313180806,718.912913,1288.563895,0.0,2007.476808
2026-07-16_ttft_component_regression/phase1/input8000_rate2p5_reuse00_seed2,285,0.5047506792334558,18.34577341896306,18.850524098196516,1047.7904394460284,0.0,1066.6409635442249,23.680683,1030.792582,0.0,1054.473265
2026-07-16_ttft_component_regression/phase1/input8000_rate2p5_reuse00_seed2,298,6015.4571879428495,25.00200994153928,6040.459197884389,1047.7904394460284,0.0,7088.2496373304175,4490.0178670000005,1033.190582,0.0,5523.208449
2026-07-16_ttft_component_regression/phase1/input8000_rate2p5_reuse00_seed2,9,0.015513068327885215,0.619004140335819,0.6345172086637042,1047.7904394460284,0.0,1048.424956654692,0.005222,936.703457,0.0,936.708679
2026-07-16_ttft_component_regression/phase1/input8000_rate2p5_reuse00_seed2,24,0.0,7.7486984987343375,7.7486984987343375,1047.7904394460284,0.0,1055.5391379447626,6.145839,967.179388,0.0,973.325227
2026-07-16_ttft_component_regression/phase1/input8000_rate2p5_reuse00_seed2,36,0.0,12.572737171060995,12.572737171060995,1047.7904394460284,0.0,1060.3631766170893,15.270064,978.464017,0.0,993.734081
2026-07-16_ttft_component_regression/phase1/input8000_rate2p5_reuse00_seed2,68,0.0,6.510286771142887,6.510286771142887,1047.7904394460284,0.0,1054.3007262171714,467.233498,1254.627475,0.0,1721.860973
2026-07-16_ttft_component_regression/phase1/input8000_rate2p5_reuse00_seed2,70,0.0,11.563210279812793,11.563210279812793,1047.7904394460284,0.0,1059.3536497258413,199.20979,1210.954922,0.0,1410.164712
2026-07-16_ttft_component_regression/phase1/input8000_rate2p5_reuse00_seed2,67,0.01708412399118857,0.41811096025227257,0.43519508424346115,1047.7904394460284,0.0,1048.225634530272,0.053587,954.519522,0.0,954.573109
2026-07-16_ttft_component_regression/phase1/input8000_rate2p5_reuse00_seed2,81,0.051533714313533326,13.228458569723887,13.279992284037421,1047.7904394460284,0.0,1061.0704317300658,11.475702,985.798903,0.0,997.274605
2026-07-16_ttft_component_regression/phase1/input8000_rate2p5_reuse00_seed2,93,0.05806316235044278,14.718358851482513,14.776422013832956,1047.7904394460284,0.0,1062.5668614598612,8.196931,993.760102,0.0,1001.957033
2026-07-16_ttft_component_regression/phase1/input8000_rate2p5_reuse00_seed2,100,0.0,15.339805341805066,15.339805341805066,1047.7904394460284,0.0,1063.1302447878334,10.547359,1010.622232,0.0,1021.169591
2026-07-16_ttft_component_regression/phase1/input8000_rate2p5_reuse00_seed2,109,0.9397182458181544,23.229392914709887,24.169111160528043,1047.7904394460284,0.6219117535213035,1072.5814623600777,20.313092,1041.448496,0.625374,1062.386962
2026-07-16_ttft_component_regression/phase1/input8000_rate2p5_reuse00_seed2,120,0.0,16.62847372376349,16.62847372376349,1047.7904394460284,0.0,1064.418913169792,16.638892,1030.970402,0.0,1047.609294
2026-07-16_ttft_component_regression/phase1/input8000_rate2p5_reuse00_seed2,128,0.8940730959082274,23.05281661064262,23.946889706550845,1047.7904394460284,0.6219117535213035,1072.3592409061005,17.143928,1040.486966,0.625374,1058.256268
2026-07-16_ttft_component_regression/phase1/input8000_rate2p5_reuse00_seed2,161,0.0,15.46244010787149,15.46244010787149,1047.7904394460284,0.0,1063.2528795539,12.248368,980.224691,0.0,992.473059
2026-07-16_ttft_component_regression/phase1/input8000_rate2p5_reuse00_seed2,151,0.058933829379186925,14.688208206281091,14.747142035660278,1047.7904394460284,0.0,1062.5375814816887,5.915818,1008.267273,0.0,1014.183091
2026-07-16_ttft_component_regression/phase1/input8000_rate2p5_reuse00_seed2,157,0.05793643681327942,14.7226261723888,14.780562609202079,1047.7904394460284,0.0,1062.5710020552303,14.113976,1005.110441,0.0,1019.224417
2026-07-16_ttft_component_regression/phase1/input8000_rate2p5_reuse00_seed2,165,0.0,16.63887224663862,16.63887224663862,1047.7904394460284,0.0,1064.429311692667,1.616185,1024.129284,0.0,1025.745469
2026-07-16_ttft_component_regression/phase1/input8000_rate2p5_reuse00_seed2,190,0.028120244341315787,15.825151798197327,15.853272042538643,1047.7904394460284,0.0,1063.643711488567,16.664222,1011.020502,0.0,1027.684724
2026-07-16_ttft_component_regression/phase1/input8000_rate2p5_reuse00_seed2,210,0.0,7.110128438353241,7.110128438353241,1047.7904394460284,0.0,1054.9005678843816,14.789098,978.110679,0.0,992.899777
2026-07-16_ttft_component_regression/phase1/input8000_rate2p5_reuse00_seed2,222,0.0,6.524382092949735,6.524382092949735,1047.7904394460284,0.0,1054.314821538978,1.471819,979.523397,0.0,980.995216
2026-07-16_ttft_component_regression/phase1/input8000_rate2p5_reuse00_seed2,235,0.0,10.633025483505474,10.633025483505474,1047.7904394460284,0.0,1058.4234649295338,4.511865,988.237151,0.0,992.749016
2026-07-16_ttft_component_regression/phase1/input8000_rate2p5_reuse00_seed2,244,0.9085666567704931,23.07967351248706,23.98824016925755,1047.7904394460284,0.6219117535213035,1072.4005913688072,1925.3439839999999,1343.6415,0.625374,3269.610858
2026-07-16_ttft_component_regression/phase1/input8000_rate2p5_reuse00_seed2,241,0.03024894469948048,15.741316149167192,15.771565093866672,1047.7904394460284,0.0,1063.562004539895,557.41201,1305.438401,0.0,1862.850411
2026-07-16_ttft_component_regression/phase1/input8000_rate2p5_reuse00_seed2,248,0.1918143110701372,103.25655707996808,103.44837139103821,1047.7904394460284,0.0,1151.2388108370665,2826.011245,1249.085784,0.0,4075.097029
2026-07-16_ttft_component_regression/phase1/input8000_rate2p5_reuse00_seed2,265,2489.486901269247,21.37271139630366,2510.8596126655507,1047.7904394460284,0.6219117535213035,3559.2719638651,1398.684305,1050.870398,0.625374,2450.180077
2026-07-16_ttft_component_regression/phase1/input8000_rate2p5_reuse00_seed2,240,0.02179221463785835,12.993655688437507,13.015447903075366,1047.7904394460284,0.0,1060.8058873491036,4.45156,1033.568331,0.0,1038.019891
2026-07-16_ttft_component_regression/phase1/input8000_rate2p5_reuse00_seed2,243,0.9305387300305539,23.118741250598276,24.04927998062883,1047.7904394460284,0.6219117535213035,1072.4616311801785,1382.1904769999999,1335.55162,0.625374,2718.367471
2026-07-16_ttft_component_regression/phase1/input8000_rate2p5_reuse00_seed2,279,580.5685711110249,21.283624471431764,601.8521955824566,1047.7904394460284,0.0,1649.642635028485,609.5839599999999,1028.26997,0.0,1637.85393
2026-07-16_ttft_component_regression/phase1/input8000_rate2p5_reuse00_seed2,290,4850.205647242968,21.335409849849306,4871.541057092817,1047.7904394460284,0.0,5919.331496538845,2851.434413,1045.199527,0.0,3896.63394
2026-07-16_ttft_component_regression/phase1/input8000_rate2p5_reuse00_seed2,16,0.02251722711281493,15.377926780588624,15.400444007701438,1047.7904394460284,0.0,1063.1908834537298,233.891206,1291.180367,0.0,1525.071573
2026-07-16_ttft_component_regression/phase1/input8000_rate2p5_reuse00_seed2,17,0.03133472861357356,321.1493775801751,321.18071230878866,1047.7904394460284,0.0,1368.9711517548171,1202.36018,1217.800762,0.0,2420.160942
2026-07-16_ttft_component_regression/phase1/input8000_rate2p5_reuse00_seed2,12,0.0,12.579877482684832,12.579877482684832,1047.7904394460284,0.0,1060.3703169287132,393.281946,1270.549596,0.0,1663.831542
2026-07-16_ttft_component_regression/phase1/input8000_rate2p5_reuse00_seed2,11,0.0,7.745230726035164,7.745230726035164,1047.7904394460284,0.0,1055.5356701720634,16.349396,983.454401,0.0,999.803797
2026-07-16_ttft_component_regression/phase1/input8000_rate2p5_reuse00_seed2,4,0.01686141304952436,0.6549149068677966,0.671776319917321,1047.7904394460284,0.0,1048.4622157659458,0.062966,936.703457,0.0,936.766423
2026-07-16_ttft_component_regression/phase1/input8000_rate2p5_reuse00_seed2,31,0.0,19.3844324983972,19.3844324983972,1047.7904394460284,0.0,1067.1748719444256,8.622472,1013.294018,0.0,1021.91649
2026-07-16_ttft_component_regression/phase1/input8000_rate2p5_reuse00_seed2,28,0.0,18.035517874266,18.035517874266,1047.7904394460284,0.0,1065.8259573202943,18.479918,1003.875972,0.0,1022.35589
2026-07-16_ttft_component_regression/phase1/input8000_rate2p5_reuse00_seed2,58,0.15714392878849612,19.61947825893743,19.776622187725927,1047.7904394460284,0.0,1067.5670616337543,21.443377,1025.552561,0.0,1046.995938
2026-07-16_ttft_component_regression/phase1/input8000_rate2p5_reuse00_seed2,80,0.0,10.743030346828906,10.743030346828906,1047.7904394460284,0.0,1058.5334697928572,13.459212,1000.738523,0.0,1014.197735
2026-07-16_ttft_component_regression/phase1/input8000_rate2p5_reuse00_seed2,82,0.9031783615370392,23.15837828215835,24.06155664369539,1047.7904394460284,0.6219117535213035,1072.4739078432451,197.640165,1303.366322,0.625374,1501.631861
2026-07-16_ttft_component_regression/phase1/input8000_rate2p5_reuse00_seed2,86,0.9195233671244372,23.190812657661763,24.1103360247862,1047.7904394460284,0.6219117535213035,1072.5226872243359,1109.552222,1264.335018,0.625374,2374.512614
2026-07-16_ttft_component_regression/phase1/input8000_rate2p5_reuse00_seed2,85,0.05780913071739664,14.726883536105367,14.784692666822764,1047.7904394460284,0.0,1062.5751321128512,354.238386,1321.216457,0.0,1675.454843
2026-07-16_ttft_component_regression/phase1/input8000_rate2p5_reuse00_seed2,102,0.8636841750394069,22.99365527322144,23.857339448260845,1047.7904394460284,0.6219117535213035,1072.2696906478104,468.11175699999995,1300.079562,0.625374,1768.816693
2026-07-16_ttft_component_regression/phase1/input8000_rate2p5_reuse00_seed2,101,0.0,15.341605852833935,15.341605852833935,1047.7904394460284,0.0,1063.1320452988623,4.283899,1046.741285,0.0,1051.025184
2026-07-16_ttft_component_regression/phase1/input8000_rate2p5_reuse00_seed2,107,0.874346067137142,23.014855129513066,23.88920119665021,1047.7904394460284,0.6219117535213035,1072.3015523962,17.680979,1028.307174,0.625374,1046.613527
2026-07-16_ttft_component_regression/phase1/input8000_rate2p5_reuse00_seed2,127,0.18544386356698783,21.43631753982785,21.62176140339484,1047.7904394460284,0.0,1069.4122008494232,19.484463,1050.620692,0.0,1070.105155
2026-07-16_ttft_component_regression/phase1/input8000_rate2p5_reuse00_seed2,153,0.19565919791467945,19.851113326424123,20.046772524338802,1047.7904394460284,0.0,1067.8372119703672,7.87304,1046.01792,0.0,1053.89096
2026-07-16_ttft_component_regression/phase1/input8000_rate2p5_reuse00_seed2,140,0.0,17.949170937617403,17.949170937617403,1047.7904394460284,0.0,1065.7396103836459,0.14558,1025.88495,0.0,1026.03053
2026-07-16_ttft_component_regression/phase1/input8000_rate2p5_reuse00_seed2,146,0.20281664565189422,19.892712943776573,20.095529589428466,1047.7904394460284,0.0,1067.8859690354568,2.921829,1049.954117,0.0,1052.875946
2026-07-16_ttft_component_regression/phase1/input8000_rate2p5_reuse00_seed2,171,0.0,15.350273086928468,15.350273086928468,1047.7904394460284,0.0,1063.1407125329567,14.66459,1016.420027,0.0,1031.084617
2026-07-16_ttft_component_regression/phase1/input8000_rate2p5_reuse00_seed2,173,0.0,17.930320004236822,17.930320004236822,1047.7904394460284,0.0,1065.7207594502652,5.983235,1045.413583,0.0,1051.396818
2026-07-16_ttft_component_regression/phase1/input8000_rate2p5_reuse00_seed2,194,0.1942556879238153,21.492242821231436,21.68649850915525,1047.7904394460284,0.0,1069.4769379551835,8.677495,1045.00013,0.0,1053.677625
2026-07-16_ttft_component_regression/phase1/input8000_rate2p5_reuse00_seed2,200,0.19351560379945548,23.283535396896095,23.47705100069555,1047.7904394460284,0.0,1071.267490446724,22.275364,1039.781721,0.0,1062.057085
2026-07-16_ttft_component_regression/phase1/input8000_rate2p5_reuse00_seed2,184,0.0,17.930320004236822,17.930320004236822,1047.7904394460284,0.0,1065.7207594502652,5.632962,1024.124811,0.0,1029.757773
2026-07-16_ttft_component_regression/phase1/input8000_rate2p5_reuse00_seed2,205,0.1970695719389881,23.307739055946783,23.504808627885772,1047.7904394460284,0.0,1071.295248073914,8.012296,1039.075399,0.0,1047.087695
2026-07-16_ttft_component_regression/phase1/input8000_rate2p5_reuse00_seed2,192,0.9565111114156619,25.0642292807999,26.02074039221556,1047.7904394460284,0.6219117535213035,1074.4330915917653,11.961407000000001,1048.644751,0.625374,1061.231532
2026-07-16_ttft_component_regression/phase1/input8000_rate2p5_reuse00_seed2,219,0.0,16.580912482729943,16.580912482729943,1047.7904394460284,0.0,1064.3713519287583,23.366906,1036.558419,0.0,1059.925325
2026-07-16_ttft_component_regression/phase1/input8000_rate2p5_reuse00_seed2,250,363.33778691682807,1.17092778132986,364.5087146981579,1047.7904394460284,0.6219117535213035,1412.9210658977076,414.58049900000003,1037.54313,0.625374,1452.749003
2026-07-16_ttft_component_regression/phase1/input8000_rate2p5_reuse00_seed2,242,0.19159670757128158,21.475444538861755,21.667041246433037,1047.7904394460284,0.0,1069.4574806924613,0.604284,1048.866201,0.0,1049.470485
2026-07-16_ttft_component_regression/phase1/input8000_rate2p5_reuse00_seed2,256,1465.3137494155171,24.843573670963814,1490.157323086481,1047.7904394460284,0.6219117535213035,2538.5696742860305,1136.23575,1038.404928,0.625374,2175.266052
2026-07-16_ttft_component_regression/phase1/input8000_rate2p5_reuse00_seed2,239,0.8566147629802802,22.97933198315946,23.83594674613974,1047.7904394460284,0.6219117535213035,1072.2482979456895,5.933819,1025.193691,0.625374,1031.752884
2026-07-16_ttft_component_regression/phase1/input8000_rate2p5_reuse00_seed2,258,545.9880748697777,24.85909631678404,570.8471711865618,1047.7904394460284,0.6219117535213035,1619.2595223861115,2123.010046,1031.002398,0.625374,3154.637818
2026-07-16_ttft_component_regression/phase1/input8000_rate2p5_reuse00_seed2,293,4986.5317683554795,21.283624471431764,5007.815392826911,1047.7904394460284,0.6219117535213035,6056.227744026461,3149.388607,1047.551261,0.625374,4197.565242
2026-07-16_ttft_component_regression/phase1/input8000_rate2p5_reuse00_seed2,284,388.56087395392706,21.300054159579105,409.86092811350613,1047.7904394460284,0.6219117535213035,1458.2732793130558,4069.317277,1032.539161,0.625374,5102.481812
2026-07-16_ttft_component_regression/phase1/input8000_rate2p5_reuse00_seed2,296,2344.6554968312075,24.881693178254487,2369.537190009462,1047.7904394460284,0.6219117535213035,3417.9495412090114,3521.5065290000002,1039.911957,0.625374,4562.04386
2026-07-16_ttft_component_regression/phase1/input8000_rate2p5_reuse00_seed2,281,1624.0388144651008,21.29022293934193,1645.3290374044427,1047.7904394460284,0.6219117535213035,2693.741388603992,1264.453846,1056.027612,0.625374,2321.106832
2026-07-16_ttft_component_regression/phase1/input8000_rate2p5_reuse00_seed2,19,0.015308900731901009,0.6138084676554784,0.6291173683873794,1047.7904394460284,0.0,1048.4195568144157,0.000186,936.703457,0.0,936.703643
2026-07-16_ttft_component_regression/phase1/input8000_rate2p5_reuse00_seed2,32,0.0,7.763553394839559,7.763553394839559,1047.7904394460284,0.0,1055.553992840868,4.518425,984.550497,0.0,989.068922
2026-07-16_ttft_component_regression/phase1/input8000_rate2p5_reuse00_seed2,37,0.022826701435483494,15.399820357797294,15.422647059232778,1047.7904394460284,0.0,1063.2130865052611,6.134407,986.167575,0.0,992.301982
2026-07-16_ttft_component_regression/phase1/input8000_rate2p5_reuse00_seed2,33,0.0,12.572737171060995,12.572737171060995,1047.7904394460284,0.0,1060.3631766170893,361.546315,1230.546265,0.0,1592.09258
2026-07-16_ttft_component_regression/phase1/input8000_rate2p5_reuse00_seed2,64,0.0,16.504584790629316,16.504584790629316,1047.7904394460284,0.0,1064.2950242366576,750.402489,1244.605084,0.0,1995.007573
2026-07-16_ttft_component_regression/phase1/input8000_rate2p5_reuse00_seed2,61,0.057681245921417365,14.73113094983607,14.788812195757487,1047.7904394460284,0.0,1062.579251641786,73.484883,1291.683286,0.0,1365.168169
2026-07-16_ttft_component_regression/phase1/input8000_rate2p5_reuse00_seed2,59,0.051846992038626964,13.247549388150077,13.299396380188703,1047.7904394460284,0.0,1061.089835826217,0.046089,1003.501631,0.0,1003.54772
2026-07-16_ttft_component_regression/phase1/input8000_rate2p5_reuse00_seed2,62,0.0,15.470964282906957,15.470964282906957,1047.7904394460284,0.0,1063.2614037289354,604.567777,1310.811709,0.0,1915.379486
2026-07-16_ttft_component_regression/phase1/input8000_rate2p5_reuse00_seed2,75,0.16712757146249166,19.680809254366334,19.847936825828825,1047.7904394460284,0.0,1067.6383762718572,25.400824,1021.812593,0.0,1047.213417
2026-07-16_ttft_component_regression/phase1/input8000_rate2p5_reuse00_seed2,89,2050.3336233032483,23.143717303359274,2073.4773406066074,1047.7904394460284,0.6219117535213035,3121.889691806157,7383.968602,1311.613764,0.625374,8696.20774
2026-07-16_ttft_component_regression/phase1/input8000_rate2p5_reuse00_seed2,90,304.5266890357649,23.194368636995996,327.7210576727609,1047.7904394460284,0.0,1375.5114971187893,288.024069,1036.230777,0.0,1324.254846
2026-07-16_ttft_component_regression/phase1/input8000_rate2p5_reuse00_seed2,88,2246.0890795591413,23.197914955564872,2269.2869945147063,1047.7904394460284,0.6219117535213035,3317.6993457142557,6718.088348,1059.692923,0.625374,7778.406645
2026-07-16_ttft_component_regression/phase1/input8000_rate2p5_reuse00_seed2,124,0.028609457049764375,15.806821547560045,15.83543100460981,1047.7904394460284,0.0,1063.625870450638,9.621338,1008.205207,0.0,1017.826545
2026-07-16_ttft_component_regression/phase1/input8000_rate2p5_reuse00_seed2,163,0.0,10.728929090774674,10.728929090774674,1047.7904394460284,0.0,1058.519368536803,19.003174,1011.803544,0.0,1030.806718
2026-07-16_ttft_component_regression/phase1/input8000_rate2p5_reuse00_seed2,159,0.0,6.5193952975821965,6.5193952975821965,1047.7904394460284,0.0,1054.3098347436105,6.151935,990.081661,0.0,996.233596
2026-07-16_ttft_component_regression/phase1/input8000_rate2p5_reuse00_seed2,166,0.04887008278576154,13.07120768024859,13.12007776303435,1047.7904394460284,0.0,1060.9105172090626,531.325435,1301.530555,0.0,1832.85599
2026-07-16_ttft_component_regression/phase1/input8000_rate2p5_reuse00_seed2,169,0.06092557888885625,14.612937900329632,14.673863479218488,1047.7904394460284,0.0,1062.4643029252468,431.273782,1267.334483,0.0,1698.608265
2026-07-16_ttft_component_regression/phase1/input8000_rate2p5_reuse00_seed2,179,0.031420079009701174,14.554279020134656,14.585699099144357,1047.7904394460284,0.0,1062.3761385451728,20.102699,1015.085217,0.0,1035.187916
2026-07-16_ttft_component_regression/phase1/input8000_rate2p5_reuse00_seed2,197,0.0,16.491092037703947,16.491092037703947,1047.7904394460284,0.0,1064.2815314837324,9.936478,1044.728826,0.0,1054.665304
2026-07-16_ttft_component_regression/phase1/input8000_rate2p5_reuse00_seed2,186,0.0,16.619506720406086,16.619506720406086,1047.7904394460284,0.0,1064.4099461664343,3.041867,1029.062656,0.0,1032.104523
2026-07-16_ttft_component_regression/phase1/input8000_rate2p5_reuse00_seed2,220,0.02416508623485556,13.137698859170735,13.16186394540559,1047.7904394460284,0.0,1060.952303391434,6.971955,996.332543,0.0,1003.304498
2026-07-16_ttft_component_regression/phase1/input8000_rate2p5_reuse00_seed2,232,0.8478212966881142,22.961216884327833,23.809038181015946,1047.7904394460284,0.6219117535213035,1072.2213893805656,4.845877,973.051662,0.625374,978.522913
2026-07-16_ttft_component_regression/phase1/input8000_rate2p5_reuse00_seed2,262,0.29146418932947415,12.071623643009465,12.36308783233894,1047.7904394460284,0.0,1060.1535272783674,9.404438,994.768385,0.0,1004.172823
2026-07-16_ttft_component_regression/phase1/input8000_rate2p5_reuse00_seed2,266,0.3019120239655503,13.44572361575045,13.747635639716002,1047.7904394460284,0.0,1061.5380750857444,20.06304,1024.835627,0.0,1044.898667
2026-07-16_ttft_component_regression/phase1/input8000_rate2p5_reuse00_seed2,252,1.0417728369857007,24.908183547185548,25.949956384171248,1047.7904394460284,0.6219117535213035,1074.3623075837208,11.778641,989.836088,0.625374,1002.240103
2026-07-16_ttft_component_regression/phase1/input8000_rate2p5_reuse00_seed2,272,1.3390685243061886,21.263618377410516,22.602686901716705,1047.7904394460284,0.6219117535213035,1071.0150381012663,685.341452,1297.469459,0.625374,1983.436285
2026-07-16_ttft_component_regression/phase1/input8000_rate2p5_reuse00_seed2,288,0.21005350739838857,12.675110986335,12.885164493733388,1047.7904394460284,0.0,1060.6756039397617,23.940614,1031.922028,0.0,1055.862642
2026-07-16_ttft_component_regression/phase1/input8000_rate2p5_reuse00_seed2,271,0.17002287715103895,14.173571477221353,14.343594354372392,1047.7904394460284,0.0,1062.1340338004009,8.510702,1049.258579,0.0,1057.769281
2026-07-16_ttft_component_regression/phase1/input8000_rate2p5_reuse00_seed2,297,1.0711498766666112,24.963208687871212,26.034358564537822,1047.7904394460284,0.6219117535213035,1074.4467097640875,12.830691,1031.009196,0.625374,1044.465261
2026-07-16_ttft_component_regression/phase1/input8000_rate2p5_reuse00_seed3,18,0.0161790588716509,0.5693202440181822,0.5854993028898331,1051.4050169436086,2.4868995751603507e-14,1051.9905162464984,0.003346,936.703457,0.0,936.706803
2026-07-16_ttft_component_regression/phase1/input8000_rate2p5_reuse00_seed3,68,0.10329489991438609,0.4819543187798604,0.5852492186942465,1051.4050169436086,2.4868995751603507e-14,1051.990266162303,0.014546,936.703457,0.0,936.718003
2026-07-16_ttft_component_regression/phase1/input8000_rate2p5_reuse00_seed3,72,0.0807316611351944,6.799359281481623,6.8800909426168175,1051.4050169436086,2.4868995751603507e-14,1058.2851078862254,11.528447,966.435484,0.0,977.963931
2026-07-16_ttft_component_regression/phase1/input8000_rate2p5_reuse00_seed3,103,0.0088723460092715,10.47199090013554,10.48086324614481,1051.4050169436086,2.4868995751603507e-14,1061.8858801897534,6.839868,979.287921,0.0,986.127789
2026-07-16_ttft_component_regression/phase1/input8000_rate2p5_reuse00_seed3,120,0.08120107014140714,6.807996273224838,6.889197343366245,1051.4050169436086,2.4868995751603507e-14,1058.294214286975,1.530614,984.537217,0.0,986.067831
2026-07-16_ttft_component_regression/phase1/input8000_rate2p5_reuse00_seed3,123,0.10856657863741957,219.45667788440412,219.56524446304152,1051.4050169436086,2.4868995751603507e-14,1270.9702614066503,1527.89287,1224.943854,0.0,2752.836724
2026-07-16_ttft_component_regression/phase1/input8000_rate2p5_reuse00_seed3,122,0.05130294876335294,11.073677958957074,11.124980907720426,1051.4050169436086,2.4868995751603507e-14,1062.529997851329,579.286947,1271.155228,0.0,1850.442175
2026-07-16_ttft_component_regression/phase1/input8000_rate2p5_reuse00_seed3,154,0.1162062367811727,15.904888539565064,16.02109477634624,1051.4050169436086,2.4868995751603507e-14,1067.4261117199549,19.21231,992.423679,0.0,1011.635989
2026-07-16_ttft_component_regression/phase1/input8000_rate2p5_reuse00_seed3,169,0.10799434701413926,13.914081565775144,14.022075912789283,1051.4050169436086,2.4868995751603507e-14,1065.4270928563978,10.503589,997.64623,0.0,1008.149819
2026-07-16_ttft_component_regression/phase1/input8000_rate2p5_reuse00_seed3,173,0.05110318777696215,11.072189533660913,11.123292721437874,1051.4050169436086,2.4868995751603507e-14,1062.5283096650464,4.582957,1003.025292,0.0,1007.608249
2026-07-16_ttft_component_regression/phase1/input8000_rate2p5_reuse00_seed3,174,0.10856657863741957,13.947363355009557,14.055929933646977,1051.4050169436086,2.4868995751603507e-14,1065.4609468772555,481.891109,1279.012518,0.0,1760.903627
2026-07-16_ttft_component_regression/phase1/input8000_rate2p5_reuse00_seed3,178,0.07067513719441529,15.038896171062815,15.10957130825723,1051.4050169436086,2.4868995751603507e-14,1066.514588251866,11.115863,1022.072726,0.0,1033.188589
2026-07-16_ttft_component_regression/phase1/input8000_rate2p5_reuse00_seed3,185,0.0,16.32712666765452,16.32712666765452,1051.4050169436086,2.4868995751603507e-14,1067.7321436112632,4.488925,1044.471225,0.0,1048.96015
2026-07-16_ttft_component_regression/phase1/input8000_rate2p5_reuse00_seed3,179,0.0,15.612138922658662,15.612138922658662,1051.4050169436086,2.4868995751603507e-14,1067.0171558662673,343.378803,1271.324122,0.0,1614.702925
2026-07-16_ttft_component_regression/phase1/input8000_rate2p5_reuse00_seed3,186,0.2337082836755544,19.218509037968907,19.45221732164446,1051.4050169436086,2.4868995751603507e-14,1070.857234265253,15.952106,1050.793941,0.0,1066.746047
2026-07-16_ttft_component_regression/phase1/input8000_rate2p5_reuse00_seed3,187,8074.102476963608,23.927311997483415,8098.029788961091,1051.4050169436086,2.4868995751603507e-14,9149.4348059047,10497.814400000001,1063.491785,0.0,11561.306185
2026-07-16_ttft_component_regression/phase1/input8000_rate2p5_reuse00_seed3,196,7742.013779650356,22.689914857131622,7764.703694507488,1051.4050169436086,2.4868995751603507e-14,8816.108711451096,7349.878672,1318.40761,0.0,8668.286282
2026-07-16_ttft_component_regression/phase1/input8000_rate2p5_reuse00_seed3,219,13962.40744361778,22.668386287668902,13985.075829905449,1051.4050169436086,2.4868995751603507e-14,15036.480846849057,5377.056144,1054.648799,0.0,6431.704943
2026-07-16_ttft_component_regression/phase1/input8000_rate2p5_reuse00_seed3,211,15020.349012007024,22.71973740012507,15043.068749407148,1051.4050169436086,2.4868995751603507e-14,16094.473766350757,7623.726726,1050.914186,0.0,8674.640912
2026-07-16_ttft_component_regression/phase1/input8000_rate2p5_reuse00_seed3,221,13541.866587098077,22.728189049655263,13564.594776147733,1051.4050169436086,2.4868995751603507e-14,14615.999793091341,5385.618007,1313.739757,0.0,6699.357764
2026-07-16_ttft_component_regression/phase1/input8000_rate2p5_reuse00_seed3,247,0.0,15.526676537952019,15.526676537952019,1051.4050169436086,2.4868995751603507e-14,1066.9316934815606,0.848531,1036.684665,0.0,1037.533196
2026-07-16_ttft_component_regression/phase1/input8000_rate2p5_reuse00_seed3,262,0.0,15.522505236533458,15.522505236533458,1051.4050169436086,2.4868995751603507e-14,1066.9275221801422,10.518253,1018.142603,0.0,1028.660856
2026-07-16_ttft_component_regression/phase1/input8000_rate2p5_reuse00_seed3,290,0.0,6.797500303659819,6.797500303659819,1051.4050169436086,2.4868995751603507e-14,1058.2025172472684,9.358144,991.030447,0.0,1000.388591
2026-07-16_ttft_component_regression/phase1/input8000_rate2p5_reuse00_seed3,299,0.0,6.799671497481638,6.799671497481638,1051.4050169436086,2.4868995751603507e-14,1058.2046884410902,2.235882,978.323439,0.0,980.559321
2026-07-16_ttft_component_regression/phase1/input8000_rate2p5_reuse00_seed3,12,0.0,7.266234735044173,7.266234735044173,1051.4050169436086,2.4868995751603507e-14,1058.6712516786529,8.784774,966.30278,0.0,975.087554
2026-07-16_ttft_component_regression/phase1/input8000_rate2p5_reuse00_seed3,17,0.0,11.805438964281242,11.805438964281242,1051.4050169436086,2.4868995751603507e-14,1063.2104559078898,17.034912,976.799569,0.0,993.834481
2026-07-16_ttft_component_regression/phase1/input8000_rate2p5_reuse00_seed3,5,0.01744915028297327,0.5978689609196248,0.615318111202598,1051.4050169436086,2.4868995751603507e-14,1052.0203350548113,0.004816,936.703457,0.0,936.708273
2026-07-16_ttft_component_regression/phase1/input8000_rate2p5_reuse00_seed3,37,0.018821970433229307,13.963838130440191,13.98266010087342,1051.4050169436086,2.4868995751603507e-14,1065.387677044482,0.582655,987.663223,0.0,988.245878
2026-07-16_ttft_component_regression/phase1/input8000_rate2p5_reuse00_seed3,53,0.03912267739971577,15.006275364357212,15.045398041756927,1051.4050169436086,2.4868995751603507e-14,1066.4504149853656,17.904294,992.733471,0.0,1010.637765
2026-07-16_ttft_component_regression/phase1/input8000_rate2p5_reuse00_seed3,64,0.052105998338229376,11.081537533030525,11.133643531368755,1051.4050169436086,2.4868995751603507e-14,1062.5386604749774,3.611134,977.506193,0.0,981.117327
2026-07-16_ttft_component_regression/phase1/input8000_rate2p5_reuse00_seed3,83,0.052105998338229376,11.081537533030525,11.133643531368755,1051.4050169436086,2.4868995751603507e-14,1062.5386604749774,18.490857,978.094417,0.0,996.585274
2026-07-16_ttft_component_regression/phase1/input8000_rate2p5_reuse00_seed3,96,0.17586367678838682,14.191451115341753,14.36731479213014,1051.4050169436086,2.4868995751603507e-14,1065.7723317357388,5.93056,987.973559,0.0,993.904119
2026-07-16_ttft_component_regression/phase1/input8000_rate2p5_reuse00_seed3,98,0.11508201161350569,15.938677729733236,16.05375974134674,1051.4050169436086,2.4868995751603507e-14,1067.4587766849554,14.53633,1000.343923,0.0,1014.880253
2026-07-16_ttft_component_regression/phase1/input8000_rate2p5_reuse00_seed3,102,0.0,15.613374299610177,15.613374299610177,1051.4050169436086,2.4868995751603507e-14,1067.0183912432187,13.762385,1027.598299,0.0,1041.360684
2026-07-16_ttft_component_regression/phase1/input8000_rate2p5_reuse00_seed3,108,0.0,16.321002812080923,16.321002812080923,1051.4050169436086,2.4868995751603507e-14,1067.7260197556895,18.583548,1048.486883,0.0,1067.070431
2026-07-16_ttft_component_regression/phase1/input8000_rate2p5_reuse00_seed3,114,1685.1386130328215,23.88600947064865,1709.02462250347,1051.4050169436086,2.4868995751603507e-14,2760.4296394470784,1240.2034159999998,1029.961687,0.0,2270.165103
2026-07-16_ttft_component_regression/phase1/input8000_rate2p5_reuse00_seed3,131,995.3603732643951,24.05220484994947,1019.4125781143446,1051.4050169436086,2.4868995751603507e-14,2070.8175950579534,808.681326,1034.225667,0.0,1842.906993
2026-07-16_ttft_component_regression/phase1/input8000_rate2p5_reuse00_seed3,110,0.27980906705442865,20.257758113479056,20.537567180533486,1051.4050169436086,2.4868995751603507e-14,1071.942584124142,399.248417,1301.75942,0.0,1701.007837
2026-07-16_ttft_component_regression/phase1/input8000_rate2p5_reuse00_seed3,133,4654.2038959935635,23.867454704423768,4678.071350697987,1051.4050169436086,2.4868995751603507e-14,5729.476367641596,3244.1903509999997,1030.729741,0.0,4274.920092
2026-07-16_ttft_component_regression/phase1/input8000_rate2p5_reuse00_seed3,153,2151.9359084600746,23.787283723331456,2175.723192183406,1051.4050169436086,2.4868995751603507e-14,3227.1282091270145,1338.2840469999999,1036.315255,0.0,2374.599302
2026-07-16_ttft_component_regression/phase1/input8000_rate2p5_reuse00_seed3,141,5817.64696947192,23.79205712715557,5841.439026599075,1051.4050169436086,2.4868995751603507e-14,6892.844043542684,5092.381727,1045.662395,0.0,6138.044122
2026-07-16_ttft_component_regression/phase1/input8000_rate2p5_reuse00_seed3,180,0.06328306973106103,13.211493714162682,13.274776783893742,1051.4050169436086,2.4868995751603507e-14,1064.6797937275023,9.249485,996.593867,0.0,1005.843352
2026-07-16_ttft_component_regression/phase1/input8000_rate2p5_reuse00_seed3,202,0.06404124363823668,13.256095531987595,13.320136775625832,1051.4050169436086,2.4868995751603507e-14,1064.7251537192344,15.972471,1011.949822,0.0,1027.922293
2026-07-16_ttft_component_regression/phase1/input8000_rate2p5_reuse00_seed3,199,0.00871083820236235,10.470182428272011,10.478893266474373,1051.4050169436086,2.4868995751603507e-14,1061.883910210083,11.336868,984.81622,0.0,996.153088
2026-07-16_ttft_component_regression/phase1/input8000_rate2p5_reuse00_seed3,208,0.0,15.610527358824921,15.610527358824921,1051.4050169436086,2.4868995751603507e-14,1067.0155443024335,638.12681,1281.249764,0.0,1919.376574
2026-07-16_ttft_component_regression/phase1/input8000_rate2p5_reuse00_seed3,190,0.1435979674760562,6.855821272749786,6.999419240225842,1051.4050169436086,2.4868995751603507e-14,1058.4044361838344,14.440494,978.975171,0.0,993.415665
2026-07-16_ttft_component_regression/phase1/input8000_rate2p5_reuse00_seed3,207,0.06808652303427619,15.114523273913939,15.182609796948215,1051.4050169436086,2.4868995751603507e-14,1066.587626740557,20.58212,1028.122055,0.0,1048.704175
2026-07-16_ttft_component_regression/phase1/input8000_rate2p5_reuse00_seed3,227,0.0,15.613973600062705,15.613973600062705,1051.4050169436086,2.4868995751603507e-14,1067.0189905436714,9.953979,1034.697695,0.0,1044.651674
2026-07-16_ttft_component_regression/phase1/input8000_rate2p5_reuse00_seed3,251,0.008990566576030838,6.4000812836974745,6.409071850273506,1051.4050169436086,2.4868995751603507e-14,1057.814088793882,17.280958,981.264048,0.0,998.545006
2026-07-16_ttft_component_regression/phase1/input8000_rate2p5_reuse00_seed3,256,0.0,10.402593134308676,10.402593134308676,1051.4050169436086,2.4868995751603507e-14,1061.8076100779174,10.462515,984.447635,0.0,994.91015
2026-07-16_ttft_component_regression/phase1/input8000_rate2p5_reuse00_seed3,260,0.0,10.406656988287386,10.406656988287386,1051.4050169436086,2.4868995751603507e-14,1061.811673931896,110.997273,1005.274203,0.0,1116.271476
2026-07-16_ttft_component_regression/phase1/input8000_rate2p5_reuse00_seed3,268,0.034343676505131454,13.190774590977265,13.225118267482395,1051.4050169436086,2.4868995751603507e-14,1064.630135211091,20.301119,1011.930616,0.0,1032.231735
2026-07-16_ttft_component_regression/phase1/input8000_rate2p5_reuse00_seed3,280,0.0,16.490220149128163,16.490220149128163,1051.4050169436086,2.4868995751603507e-14,1067.8952370927368,2.482,1036.934921,0.0,1039.416921
2026-07-16_ttft_component_regression/phase1/input8000_rate2p5_reuse00_seed3,271,0.02342456770819908,15.967612460029615,15.991037027737814,1051.4050169436086,2.4868995751603507e-14,1067.3960539713464,18.404317,1011.857299,0.0,1030.261616
2026-07-16_ttft_component_regression/phase1/input8000_rate2p5_reuse00_seed3,30,0.013766047195578309,0.4836943399283509,0.49746038712392926,1051.4050169436086,2.4868995751603507e-14,1051.9024773307326,0.026543,954.519522,0.0,954.546065
2026-07-16_ttft_component_regression/phase1/input8000_rate2p5_reuse00_seed3,31,0.0,6.803989026837071,6.803989026837071,1051.4050169436086,2.4868995751603507e-14,1058.2090059704458,527.751644,1211.748136,0.0,1739.49978
2026-07-16_ttft_component_regression/phase1/input8000_rate2p5_reuse00_seed3,86,0.10329489991438609,0.4819543187798604,0.5852492186942465,1051.4050169436086,2.4868995751603507e-14,1051.990266162303,0.046689,936.703457,0.0,936.750146
2026-07-16_ttft_component_regression/phase1/input8000_rate2p5_reuse00_seed3,93,0.08084902224333941,6.801530992931014,6.882380015174354,1051.4050169436086,2.4868995751603507e-14,1058.287396958783,16.338651,966.33526,0.0,982.673911
2026-07-16_ttft_component_regression/phase1/input8000_rate2p5_reuse00_seed3,97,0.11421571705954552,11.195981194180742,11.310196911240288,1051.4050169436086,2.4868995751603507e-14,1062.715213854849,3.438482,976.592977,0.0,980.031459
2026-07-16_ttft_component_regression/phase1/input8000_rate2p5_reuse00_seed3,129,0.17680195142982502,14.246227504630493,14.423029456060318,1051.4050169436086,2.4868995751603507e-14,1065.828046399669,217.617101,1246.745825,0.0,1464.362926
2026-07-16_ttft_component_regression/phase1/input8000_rate2p5_reuse00_seed3,139,0.0,16.485703209476142,16.485703209476142,1051.4050169436086,2.4868995751603507e-14,1067.8907201530849,18.590418,1009.738344,0.0,1028.328762
2026-07-16_ttft_component_regression/phase1/input8000_rate2p5_reuse00_seed3,127,0.05274766568727076,11.08955419287266,11.14230185855993,1051.4050169436086,2.4868995751603507e-14,1062.5473188021685,8.050234,996.148241,0.0,1004.198475
2026-07-16_ttft_component_regression/phase1/input8000_rate2p5_reuse00_seed3,134,0.11209768391381825,16.019621530127395,16.131719214041212,1051.4050169436086,2.4868995751603507e-14,1067.5367361576498,43.325502,993.62263,0.0,1036.948132
2026-07-16_ttft_component_regression/phase1/input8000_rate2p5_reuse00_seed3,182,0.05747089356356518,0.39911528877592545,0.4565861823394906,1051.4050169436086,2.4868995751603507e-14,1051.861603125948,0.01142,959.837077,0.0,959.848497
2026-07-16_ttft_component_regression/phase1/input8000_rate2p5_reuse00_seed3,184,0.036941141599094694,6.4177147113436535,6.454655852942748,1051.4050169436086,2.4868995751603507e-14,1057.8596727965514,14.301611,980.682651,0.0,994.984262
2026-07-16_ttft_component_regression/phase1/input8000_rate2p5_reuse00_seed3,195,0.008500460486816411,10.46798085731484,10.476481317801657,1051.4050169436086,2.4868995751603507e-14,1061.8814982614103,19.141868,987.066532,0.0,1006.2084
2026-07-16_ttft_component_regression/phase1/input8000_rate2p5_reuse00_seed3,214,0.06468460534039187,13.29454155206494,13.359226157405333,1051.4050169436086,2.4868995751603507e-14,1064.764243101014,10.20829,996.201945,0.0,1006.410235
2026-07-16_ttft_component_regression/phase1/input8000_rate2p5_reuse00_seed3,205,0.06468460534039187,13.29454155206494,13.359226157405333,1051.4050169436086,2.4868995751603507e-14,1064.764243101014,9.925394,998.520976,0.0,1008.44637
2026-07-16_ttft_component_regression/phase1/input8000_rate2p5_reuse00_seed3,232,0.0,16.330796348204963,16.330796348204963,1051.4050169436086,2.4868995751603507e-14,1067.7358132918137,6.888885,1034.151287,0.0,1041.040172
2026-07-16_ttft_component_regression/phase1/input8000_rate2p5_reuse00_seed3,224,0.0,15.60952544261895,15.60952544261895,1051.4050169436086,2.4868995751603507e-14,1067.0145423862275,7.439992,1034.283229,0.0,1041.723221
2026-07-16_ttft_component_regression/phase1/input8000_rate2p5_reuse00_seed3,237,0.22529392323607667,19.174378319061983,19.39967224229806,1051.4050169436086,2.4868995751603507e-14,1070.8046891859067,112.802328,1030.359035,0.0,1143.161363
2026-07-16_ttft_component_regression/phase1/input8000_rate2p5_reuse00_seed3,223,0.06808652303427619,15.114523273913939,15.182609796948215,1051.4050169436086,2.4868995751603507e-14,1066.587626740557,18.195267,1008.381891,0.0,1026.577158
2026-07-16_ttft_component_regression/phase1/input8000_rate2p5_reuse00_seed3,253,0.041436764782999014,14.93358640658105,14.975023171364048,1051.4050169436086,2.4868995751603507e-14,1066.3800401149726,19.846746,1004.95594,0.0,1024.802686
2026-07-16_ttft_component_regression/phase1/input8000_rate2p5_reuse00_seed3,285,0.0,6.808272993099926,6.808272993099926,1051.4050169436086,2.4868995751603507e-14,1058.2132899367086,0.465447,979.356471,0.0,979.821918
2026-07-16_ttft_component_regression/phase1/input8000_rate2p5_reuse00_seed3,276,0.0,6.788734131025258,6.788734131025258,1051.4050169436086,2.4868995751603507e-14,1058.1937510746338,8.860716,984.411176,0.0,993.271892
2026-07-16_ttft_component_regression/phase1/input8000_rate2p5_reuse00_seed3,292,0.0,11.074546087644157,11.074546087644157,1051.4050169436086,2.4868995751603507e-14,1062.4795630312528,2.649964,986.491091,0.0,989.141055
2026-07-16_ttft_component_regression/phase1/input8000_rate2p5_reuse00_seed3,4,0.017355885325429508,0.5957023302890461,0.6130582156144756,1051.4050169436086,2.4868995751603507e-14,1052.0180751592231,0.074023,936.703457,0.0,936.77748
2026-07-16_ttft_component_regression/phase1/input8000_rate2p5_reuse00_seed3,27,0.0,11.08065636130269,11.08065636130269,1051.4050169436086,2.4868995751603507e-14,1062.4856733049114,13.252514,977.266417,0.0,990.518931
2026-07-16_ttft_component_regression/phase1/input8000_rate2p5_reuse00_seed3,19,0.0,7.2449741451306275,7.2449741451306275,1051.4050169436086,2.4868995751603507e-14,1058.6499910887392,3.757545,967.119484,0.0,970.877029
2026-07-16_ttft_component_regression/phase1/input8000_rate2p5_reuse00_seed3,35,0.020977495369524972,14.105573595640745,14.12655109101027,1051.4050169436086,2.4868995751603507e-14,1065.5315680346189,17.289241,986.981879,0.0,1004.27112
2026-07-16_ttft_component_regression/phase1/input8000_rate2p5_reuse00_seed3,49,0.0,15.522505236533458,15.522505236533458,1051.4050169436086,2.4868995751603507e-14,1066.9275221801422,240.381713,1021.476483,0.0,1261.858196
2026-07-16_ttft_component_regression/phase1/input8000_rate2p5_reuse00_seed3,60,10218.516580965917,22.74918181028063,10241.265762776198,1051.4050169436086,2.4868995751603507e-14,11292.670779719807,2501.11988,1022.239245,0.0,3523.359125
2026-07-16_ttft_component_regression/phase1/input8000_rate2p5_reuse00_seed3,50,0.0,256.02558082480124,256.02558082480124,1051.4050169436086,2.4868995751603507e-14,1307.4305977684098,850.207782,1316.88708,0.0,2167.094862
2026-07-16_ttft_component_regression/phase1/input8000_rate2p5_reuse00_seed3,56,0.22062945607261025,19.230364115091707,19.450993571164318,1051.4050169436086,2.4868995751603507e-14,1070.856010514773,718.894501,1274.458892,0.0,1993.353393
2026-07-16_ttft_component_regression/phase1/input8000_rate2p5_reuse00_seed3,47,0.03618447594219169,15.086195537477689,15.12238001341988,1051.4050169436086,2.4868995751603507e-14,1066.5273969570285,4.261926,995.081862,0.0,999.343788
2026-07-16_ttft_component_regression/phase1/input8000_rate2p5_reuse00_seed3,69,13505.313851488163,23.949985675415412,13529.263837163579,1051.4050169436086,2.4868995751603507e-14,14580.668854107187,4820.838765,1044.055523,0.0,5864.894288
2026-07-16_ttft_component_regression/phase1/input8000_rate2p5_reuse00_seed3,75,9279.100150689002,22.68562412673359,9301.785774815737,1051.4050169436086,2.4868995751603507e-14,10353.190791759345,4454.097237000001,1038.643116,0.0,5492.740353
2026-07-16_ttft_component_regression/phase1/input8000_rate2p5_reuse00_seed3,80,7951.34697751486,23.949985675415412,7975.296963190275,1051.4050169436086,2.4868995751603507e-14,9026.701980133883,8162.179652000001,1044.175899,0.0,9206.355551
2026-07-16_ttft_component_regression/phase1/input8000_rate2p5_reuse00_seed3,88,6974.650439254121,23.93640508672538,6998.586844340846,1051.4050169436086,2.4868995751603507e-14,8049.991861284455,8452.973101000001,1038.012332,0.0,9490.985433
2026-07-16_ttft_component_regression/phase1/input8000_rate2p5_reuse00_seed3,91,7197.968981712949,23.927311997483415,7221.8962937104325,1051.4050169436086,2.4868995751603507e-14,8273.301310654042,10978.641041,1041.017627,0.0,12019.658668
2026-07-16_ttft_component_regression/phase1/input8000_rate2p5_reuse00_seed3,101,7087.222876125058,23.853460100528913,7111.076336225587,1051.4050169436086,2.4868995751603507e-14,8162.481353169195,11720.637148,1043.177099,0.0,12763.814247
2026-07-16_ttft_component_regression/phase1/input8000_rate2p5_reuse00_seed3,121,6627.599153883412,23.834697266005456,6651.433851149418,1051.4050169436086,2.4868995751603507e-14,7702.838868093027,7575.7630580000005,1025.455453,0.0,8601.218511
2026-07-16_ttft_component_regression/phase1/input8000_rate2p5_reuse00_seed3,100,7049.5466616996655,23.918187662993127,7073.464849362658,1051.4050169436086,2.4868995751603507e-14,8124.869866306267,9397.36323,1042.264402,0.0,10439.627632
2026-07-16_ttft_component_regression/phase1/input8000_rate2p5_reuse00_seed3,107,6784.602271536172,22.615967140807424,6807.21823867698,1051.4050169436086,2.4868995751603507e-14,7858.623255620589,10824.613671,1034.472169,0.0,11859.08584
2026-07-16_ttft_component_regression/phase1/input8000_rate2p5_reuse00_seed3,135,6909.993569911204,23.806334918407902,6933.7999048296115,1051.4050169436086,2.4868995751603507e-14,7985.20492177322,10664.516134,1031.95832,0.0,11696.474454
2026-07-16_ttft_component_regression/phase1/input8000_rate2p5_reuse00_seed3,126,6921.59382058486,23.90444303637424,6945.498263621234,1051.4050169436086,2.4868995751603507e-14,7996.903280564843,8839.550267,1044.880941,0.0,9884.431208
2026-07-16_ttft_component_regression/phase1/input8000_rate2p5_reuse00_seed3,149,6633.927558697717,23.890629290167148,6657.818187987885,1051.4050169436086,2.4868995751603507e-14,7709.2232049314935,10418.480876,1032.304228,0.0,11450.785104
2026-07-16_ttft_component_regression/phase1/input8000_rate2p5_reuse00_seed3,150,6797.138946392576,23.88138207611053,6821.020328468687,1051.4050169436086,2.4868995751603507e-14,7872.425345412295,15455.650080000001,1044.439261,0.0,16500.089341
2026-07-16_ttft_component_regression/phase1/input8000_rate2p5_reuse00_seed3,140,6578.96406631691,23.87210466680287,6602.836170983713,1051.4050169436086,2.4868995751603507e-14,7654.241187927321,11902.398737000001,1034.713249,0.0,12937.111986
2026-07-16_ttft_component_regression/phase1/input8000_rate2p5_reuse00_seed3,164,6538.712651990177,23.88138207611053,6562.594034066287,1051.4050169436086,2.4868995751603507e-14,7613.999051009896,12979.920695,1043.895309,0.0,14023.816004
2026-07-16_ttft_component_regression/phase1/input8000_rate2p5_reuse00_seed3,191,6938.396614479154,24.192204709635618,6962.58881918879,1051.4050169436086,2.4868995751603507e-14,8013.993836132398,6276.308825,1042.668898,0.0,7318.977723
2026-07-16_ttft_component_regression/phase1/input8000_rate2p5_reuse00_seed3,175,6680.396989196331,23.985849158874004,6704.3828383552045,1051.4050169436086,2.4868995751603507e-14,7755.787855298813,11838.514056999999,1044.600653,0.0,12883.11471
2026-07-16_ttft_component_regression/phase1/input8000_rate2p5_reuse00_seed3,192,7062.008796917951,22.73240323630612,7084.741200154257,1051.4050169436086,2.4868995751603507e-14,8136.146217097866,7117.069487000001,1031.672953,0.0,8148.74244
2026-07-16_ttft_component_regression/phase1/input8000_rate2p5_reuse00_seed3,217,12032.48429397138,22.68562412673359,12055.169918098114,1051.4050169436086,2.4868995751603507e-14,13106.574935041723,3472.807605,1035.303251,0.0,4508.110856
2026-07-16_ttft_component_regression/phase1/input8000_rate2p5_reuse00_seed3,193,11416.541662644633,22.74918181028063,11439.290844454914,1051.4050169436086,2.4868995751603507e-14,12490.695861398523,9522.655538,1034.378815,0.0,10557.034353
2026-07-16_ttft_component_regression/phase1/input8000_rate2p5_reuse00_seed3,233,9228.349166750768,22.69847366769927,9251.047640418466,1051.4050169436086,2.4868995751603507e-14,10302.452657362075,4846.7768320000005,1027.96009,0.0,5874.736922
2026-07-16_ttft_component_regression/phase1/input8000_rate2p5_reuse00_seed3,225,10552.112104241778,22.73240323630612,10574.844507478085,1051.4050169436086,2.4868995751603507e-14,11626.249524421693,3140.519948,1052.702726,0.0,4193.222674
2026-07-16_ttft_component_regression/phase1/input8000_rate2p5_reuse00_seed3,231,7904.319895920528,22.736609630781142,7927.05650555131,1051.4050169436086,2.4868995751603507e-14,8978.46152249492,2499.390026,1308.199185,0.0,3807.589211
2026-07-16_ttft_component_regression/phase1/input8000_rate2p5_reuse00_seed3,245,5581.070428513085,22.629765694331393,5603.700194207417,1051.4050169436086,2.4868995751603507e-14,6655.105211151025,4327.651229,1045.007947,0.0,5372.659176
2026-07-16_ttft_component_regression/phase1/input8000_rate2p5_reuse00_seed3,265,0.1939862832841112,20.35652391560346,20.550510198887572,1051.4050169436086,2.4868995751603507e-14,1071.9555271424963,16.724878,1046.070888,0.0,1062.795766
2026-07-16_ttft_component_regression/phase1/input8000_rate2p5_reuse00_seed3,273,0.0,17.269606445626376,17.269606445626376,1051.4050169436086,2.4868995751603507e-14,1068.674623389235,18.462695,1043.908143,0.0,1062.370838
2026-07-16_ttft_component_regression/phase1/input8000_rate2p5_reuse00_seed3,3,0.0,7.280025910640319,7.280025910640319,1051.4050169436086,2.4868995751603507e-14,1058.6850428542489,1.665525,966.204988,0.0,967.870513
2026-07-16_ttft_component_regression/phase1/input8000_rate2p5_reuse00_seed3,13,0.02804689047722014,306.8400118349159,306.86805872539315,1051.4050169436086,2.4868995751603507e-14,1358.2730756690019,1352.611834,1298.053078,0.0,2650.664912
2026-07-16_ttft_component_regression/phase1/input8000_rate2p5_reuse00_seed3,0,0.016878514503596603,0.584795010469679,0.6016735249732755,1051.4050169436086,2.4868995751603507e-14,1052.0066904685818,0.0,936.703457,0.0,936.703457
2026-07-16_ttft_component_regression/phase1/input8000_rate2p5_reuse00_seed3,23,0.0,18.354013736991792,18.354013736991792,1051.4050169436086,2.4868995751603507e-14,1069.7590306806005,14.298006,1028.063315,0.0,1042.361321
2026-07-16_ttft_component_regression/phase1/input8000_rate2p5_reuse00_seed3,11,0.022283363535534447,14.929210002146508,14.951493365682042,1051.4050169436086,2.4868995751603507e-14,1066.3565103092908,677.257117,1283.187887,0.0,1960.445004
2026-07-16_ttft_component_regression/phase1/input8000_rate2p5_reuse00_seed3,10,0.0,11.809952872462677,11.809952872462677,1051.4050169436086,2.4868995751603507e-14,1063.2149698160713,10.307929,993.547633,0.0,1003.855562
2026-07-16_ttft_component_regression/phase1/input8000_rate2p5_reuse00_seed3,16,0.0,292.8516913015681,292.8516913015681,1051.4050169436086,2.4868995751603507e-14,1344.2567082451767,1480.914057,1230.185682,0.0,2711.099739
2026-07-16_ttft_component_regression/phase1/input8000_rate2p5_reuse00_seed3,26,0.18789407155804908,21.59775555703537,21.78564962859342,1051.4050169436086,2.4868995751603507e-14,1073.190666572202,98.70416,1286.550682,0.0,1385.254842
2026-07-16_ttft_component_regression/phase1/input8000_rate2p5_reuse00_seed3,61,10929.415211631536,22.68562412673359,10952.10083575827,1051.4050169436086,2.4868995751603507e-14,12003.50585270188,3592.124791,1052.706849,0.0,4644.83164
2026-07-16_ttft_component_regression/phase1/input8000_rate2p5_reuse00_seed3,76,0.27470226254794233,19.42816788904336,19.702870151591302,1051.4050169436086,2.4868995751603507e-14,1071.1078870951999,21.146111,1031.959662,0.0,1053.105773
2026-07-16_ttft_component_regression/phase1/input8000_rate2p5_reuse00_seed3,29,14116.99481983771,23.98877652252075,14140.98359636023,1051.4050169436086,2.4868995751603507e-14,15192.38861330384,13520.185703000001,1034.607527,0.0,14554.79323
2026-07-16_ttft_component_regression/phase1/input8000_rate2p5_reuse00_seed3,52,12537.416865921405,22.608878489929264,12560.025744411334,1051.4050169436086,2.4868995751603507e-14,13611.430761354943,4780.4950770000005,1053.296302,0.0,5833.791379
2026-07-16_ttft_component_regression/phase1/input8000_rate2p5_reuse00_seed3,62,12744.031982754921,22.73240323630612,12766.764385991228,1051.4050169436086,2.4868995751603507e-14,13818.169402934836,4697.546826,1036.296569,0.0,5733.843395
2026-07-16_ttft_component_regression/phase1/input8000_rate2p5_reuse00_seed3,82,8069.141293090546,24.10295656942696,8093.244249659973,1051.4050169436086,2.4868995751603507e-14,9144.649266603581,5195.516546,1046.728388,0.0,6242.244934
2026-07-16_ttft_component_regression/phase1/input8000_rate2p5_reuse00_seed3,87,6778.8309481871665,24.13643691069377,6802.967385097861,1051.4050169436086,2.4868995751603507e-14,7854.372402041469,6126.092437,1036.028579,0.0,7162.121016
2026-07-16_ttft_component_regression/phase1/input8000_rate2p5_reuse00_seed3,85,6965.268296587925,24.15706782804286,6989.425364415968,1051.4050169436086,2.4868995751603507e-14,8040.830381359577,4959.685989,1033.147298,0.0,5992.833287
2026-07-16_ttft_component_regression/phase1/input8000_rate2p5_reuse00_seed3,89,7529.121232424602,24.09449726140996,7553.215729686011,1051.4050169436086,2.4868995751603507e-14,8604.62074662962,16347.394657,1036.454207,0.0,17383.848864
2026-07-16_ttft_component_regression/phase1/input8000_rate2p5_reuse00_seed3,92,7549.061339800991,24.119768543609815,7573.181108344601,1051.4050169436086,2.4868995751603507e-14,8624.58612528821,18016.889349,1034.826707,0.0,19051.716056
2026-07-16_ttft_component_regression/phase1/input8000_rate2p5_reuse00_seed3,119,7567.438416607014,24.268369778474568,7591.706786385488,1051.4050169436086,2.4868995751603507e-14,8643.111803329097,9067.617043,1055.972634,0.0,10123.589677
2026-07-16_ttft_component_regression/phase1/input8000_rate2p5_reuse00_seed3,124,7149.258942230945,24.034306608453004,7173.293248839398,1051.4050169436086,2.4868995751603507e-14,8224.698265783007,9041.987815,1042.973882,0.0,10084.961697
2026-07-16_ttft_component_regression/phase1/input8000_rate2p5_reuse00_seed3,130,7761.724668200529,24.2727748725198,7785.997443073049,1051.4050169436086,2.4868995751603507e-14,8837.402460016658,10587.799664,1037.655148,0.0,11625.454812
2026-07-16_ttft_component_regression/phase1/input8000_rate2p5_reuse00_seed3,125,7403.910997241517,24.086002689534382,7427.9969999310515,1051.4050169436086,2.4868995751603507e-14,8479.402016874661,10652.731467,1033.51516,0.0,11686.246627
2026-07-16_ttft_component_regression/phase1/input8000_rate2p5_reuse00_seed3,142,6868.068899422124,24.047346420243592,6892.116245842367,1051.4050169436086,2.4868995751603507e-14,7943.5212627859755,10123.009566,1031.838124,0.0,11154.84769
2026-07-16_ttft_component_regression/phase1/input8000_rate2p5_reuse00_seed3,148,6789.9771248760335,23.999164152446593,6813.97628902848,1051.4050169436086,2.4868995751603507e-14,7865.381305972089,10341.154175,1027.891472,0.0,11369.045647
2026-07-16_ttft_component_regression/phase1/input8000_rate2p5_reuse00_seed3,152,6905.625093787231,23.963494778082197,6929.588588565313,1051.4050169436086,2.4868995751603507e-14,7980.993605508922,14107.942267999999,1034.583305,0.0,15142.525573
2026-07-16_ttft_component_regression/phase1/input8000_rate2p5_reuse00_seed3,172,6675.8377201549465,23.963494778082197,6699.801214933029,1051.4050169436086,2.4868995751603507e-14,7751.2062318766375,15447.440523,1039.704793,0.0,16487.145316
2026-07-16_ttft_component_regression/phase1/input8000_rate2p5_reuse00_seed3,181,6979.430046530553,22.702741697841518,7002.132788228395,1051.4050169436086,2.4868995751603507e-14,8053.537805172004,13746.756363999999,1032.851348,0.0,14779.607712
2026-07-16_ttft_component_regression/phase1/input8000_rate2p5_reuse00_seed3,165,6719.957289566255,23.985849158874004,6743.943138725129,1051.4050169436086,2.4868995751603507e-14,7795.3481556687375,17071.547244,1046.103726,0.0,18117.65097
2026-07-16_ttft_component_regression/phase1/input8000_rate2p5_reuse00_seed3,162,6731.310074994984,24.003586052736996,6755.31366104772,1051.4050169436086,2.4868995751603507e-14,7806.718677991329,15234.745275,1050.14563,0.0,16284.890905
2026-07-16_ttft_component_regression/phase1/input8000_rate2p5_reuse00_seed3,200,16697.247290890795,22.806901801868825,16720.054192692663,1051.4050169436086,2.4868995751603507e-14,17771.459209636272,14802.463445,1047.756632,0.0,15850.220077
2026-07-16_ttft_component_regression/phase1/input8000_rate2p5_reuse00_seed3,194,15011.27734483383,22.810963641437397,15034.088308475268,1051.4050169436086,2.4868995751603507e-14,16085.493325418876,12486.509904,1048.104874,0.0,13534.614778
2026-07-16_ttft_component_regression/phase1/input8000_rate2p5_reuse00_seed3,206,17235.306015035105,22.84315852460814,17258.149173559712,1051.4050169436086,2.4868995751603507e-14,18309.55419050332,19441.555175,1048.255177,0.0,20489.810352
2026-07-16_ttft_component_regression/phase1/input8000_rate2p5_reuse00_seed3,201,17176.970943675424,22.866949583572524,17199.837893258995,1051.4050169436086,2.4868995751603507e-14,18251.242910202604,15961.304715,1039.877965,0.0,17001.18268
2026-07-16_ttft_component_regression/phase1/input8000_rate2p5_reuse00_seed3,212,17218.714852185803,22.839163550053758,17241.554015735856,1051.4050169436086,2.4868995751603507e-14,18292.959032679464,19169.784439000003,1037.99902,0.0,20207.783459
2026-07-16_ttft_component_regression/phase1/input8000_rate2p5_reuse00_seed3,230,10861.696476356921,22.7616829567751,10884.458159313697,1051.4050169436086,2.4868995751603507e-14,11935.863176257306,15512.976142,1050.013445,0.0,16562.989587
2026-07-16_ttft_component_regression/phase1/input8000_rate2p5_reuse00_seed3,229,11151.925879702085,22.815017211126097,11174.74089691321,1051.4050169436086,2.4868995751603507e-14,12226.145913856819,11534.30158,1033.73264,0.0,12568.03422
2026-07-16_ttft_component_regression/phase1/input8000_rate2p5_reuse00_seed3,236,8383.354046207001,22.753356785147265,8406.10740299215,1051.4050169436086,2.4868995751603507e-14,9457.512419935758,14812.508864,1301.423144,0.0,16113.932008
2026-07-16_ttft_component_regression/phase1/input8000_rate2p5_reuse00_seed3,238,7817.046026672781,23.97246078078749,7841.018487453569,1051.4050169436086,2.4868995751603507e-14,8892.423504397178,19770.149715000003,1037.942446,0.0,20808.092161
2026-07-16_ttft_component_regression/phase1/input8000_rate2p5_reuse00_seed3,246,5919.617797480256,22.54075647119441,5942.15855395145,1051.4050169436086,2.4868995751603507e-14,6993.563570895059,21868.238169,1049.627727,0.0,22917.865896
2026-07-16_ttft_component_regression/phase1/input8000_rate2p5_reuse00_seed3,244,6784.153510470088,22.63806578082781,6806.791576250916,1051.4050169436086,2.4868995751603507e-14,7858.196593194524,19710.19094,1039.009287,0.0,20749.200227
2026-07-16_ttft_component_regression/phase1/input8000_rate2p5_reuse00_seed3,257,6031.215004435628,22.621434196363733,6053.836438631992,1051.4050169436086,2.4868995751603507e-14,7105.2414555756,21731.587242,1040.566752,0.0,22772.153994
2026-07-16_ttft_component_regression/phase1/input8000_rate2p5_reuse00_seed3,248,5959.307922722087,22.566527592813266,5981.8744503149,1051.4050169436086,2.4868995751603507e-14,7033.279467258509,22992.469344999998,1044.672841,0.0,24037.142186
2026-07-16_ttft_component_regression/phase1/input8000_rate2p5_reuse00_seed3,264,10492.027530497098,24.054336388393168,10516.081866885492,1051.4050169436086,2.4868995751603507e-14,11567.4868838291,22739.953312,1037.592246,0.0,23777.545558
2026-07-16_ttft_component_regression/phase1/input8000_rate2p5_reuse00_seed3,269,14354.322889831034,23.99320559994942,14378.316095430982,1051.4050169436086,2.4868995751603507e-14,15429.721112374591,21628.735001,1038.483251,0.0,22667.218252
2026-07-16_ttft_component_regression/phase1/input8000_rate2p5_reuse00_seed3,277,16099.224236665212,23.98877652252075,16123.213013187733,1051.4050169436086,2.4868995751603507e-14,17174.618030131343,23809.041663999997,1033.393274,0.0,24842.434938
2026-07-16_ttft_component_regression/phase1/input8000_rate2p5_reuse00_seed3,275,15865.03204107075,23.970978429939116,15889.00301950069,1051.4050169436086,2.4868995751603507e-14,16940.4080364443,24435.858480000003,1042.45287,0.0,25478.31135
2026-07-16_ttft_component_regression/phase1/input8000_rate2p5_reuse00_seed3,281,16328.254826118138,24.006443339961905,16352.2612694581,1051.4050169436086,2.4868995751603507e-14,17403.66628640171,27096.890832,1049.197531,0.0,28146.088363
2026-07-16_ttft_component_regression/phase1/input8000_rate2p5_reuse00_seed3,287,16342.424158477756,24.01083933445477,16366.43499781221,1051.4050169436086,2.4868995751603507e-14,17417.84001475582,26022.946993,1040.555259,0.0,27063.502252
2026-07-16_ttft_component_regression/phase1/input8000_rate2p5_reuse00_seed3,295,16342.055844889066,24.01083933445477,16366.06668422352,1051.4050169436086,2.4868995751603507e-14,17417.47170116713,23738.20045,1031.172261,0.0,24769.372711
2026-07-16_ttft_component_regression/phase1/input8000_rate2p5_reuse00_seed3,2,0.01628121761496424,0.5715453399947115,0.5878265576096757,1051.4050169436086,2.4868995751603507e-14,1051.9928435012184,0.015593,936.703457,0.0,936.71905
2026-07-16_ttft_component_regression/phase1/input8000_rate2p5_reuse00_seed3,14,0.0,7.297909505479692,7.297909505479692,1051.4050169436086,2.4868995751603507e-14,1058.7029264490884,14.413337,966.584988,0.0,980.998325
2026-07-16_ttft_component_regression/phase1/input8000_rate2p5_reuse00_seed3,25,0.0,11.801005574718564,11.801005574718564,1051.4050169436086,2.4868995751603507e-14,1063.2060225183272,13.533563,977.491025,0.0,991.024588
2026-07-16_ttft_component_regression/phase1/input8000_rate2p5_reuse00_seed3,39,0.01724048212308606,13.864204848619279,13.881445330742364,1051.4050169436086,2.4868995751603507e-14,1065.286462274351,19.145886,987.840183,0.0,1006.986069
2026-07-16_ttft_component_regression/phase1/input8000_rate2p5_reuse00_seed3,43,0.017771250986933995,13.897260529551406,13.91503178053834,1051.4050169436086,2.4868995751603507e-14,1065.320048724147,3.737269,986.880087,0.0,990.617356
2026-07-16_ttft_component_regression/phase1/input8000_rate2p5_reuse00_seed3,59,0.07106359454473754,15.02655712254174,15.097620717086478,1051.4050169436086,2.4868995751603507e-14,1066.5026376606952,9.84074,993.099142,0.0,1002.939882
2026-07-16_ttft_component_regression/phase1/input8000_rate2p5_reuse00_seed3,57,0.06306499683102039,13.198801275032055,13.261866271863076,1051.4050169436086,2.4868995751603507e-14,1064.6668832154717,2.046095,986.893399,0.0,988.939494
2026-07-16_ttft_component_regression/phase1/input8000_rate2p5_reuse00_seed3,77,0.1101467015217736,14.041350854905492,14.151497556427266,1051.4050169436086,2.4868995751603507e-14,1065.556514500036,20.419392,987.590839,0.0,1008.010231
2026-07-16_ttft_component_regression/phase1/input8000_rate2p5_reuse00_seed3,84,0.11332053934647698,15.987845751970363,16.10116629131684,1051.4050169436086,2.4868995751603507e-14,1067.5061832349254,19.441503,998.35578,0.0,1017.797283
2026-07-16_ttft_component_regression/phase1/input8000_rate2p5_reuse00_seed3,116,0.11125409097351854,14.10917486851107,14.22042895948459,1051.4050169436086,2.4868995751603507e-14,1065.6254459030931,364.661741,1258.202763,0.0,1622.864504
2026-07-16_ttft_component_regression/phase1/input8000_rate2p5_reuse00_seed3,115,0.052627746996114236,11.08795645575735,11.140584202753464,1051.4050169436086,2.4868995751603507e-14,1062.545601146362,18.539477,1005.744807,0.0,1024.284284
2026-07-16_ttft_component_regression/phase1/input8000_rate2p5_reuse00_seed3,161,0.10295974427798128,0.4756461359906651,0.5786058802686463,1051.4050169436086,2.4868995751603507e-14,1051.9836228238773,0.004651,955.197923,0.0,955.202574
2026-07-16_ttft_component_regression/phase1/input8000_rate2p5_reuse00_seed3,167,0.051054209951879044,105.54955603175723,105.60061024170912,1051.4050169436086,2.4868995751603507e-14,1157.0056271853177,827.90763,1241.256091,0.0,2069.163721
2026-07-16_ttft_component_regression/phase1/input8000_rate2p5_reuse00_seed3,166,0.08178761191382973,6.818601788382816,6.900389400296646,1051.4050169436086,2.4868995751603507e-14,1058.3054063439054,177.568135,993.668275,0.0,1171.23641
2026-07-16_ttft_component_regression/phase1/input8000_rate2p5_reuse00_seed3,204,0.0331188120374467,6.344778541561668,6.377897353599115,1051.4050169436086,2.4868995751603507e-14,1057.7829142972078,17.234858,982.250734,0.0,999.485592
2026-07-16_ttft_component_regression/phase1/input8000_rate2p5_reuse00_seed3,209,0.010529054043752014,10.495263522817913,10.505792576861666,1051.4050169436086,2.4868995751603507e-14,1061.9108095204704,4.241095,984.442075,0.0,988.68317
2026-07-16_ttft_component_regression/phase1/input8000_rate2p5_reuse00_seed3,198,0.03390421424132716,6.360450743595506,6.394354957836834,1051.4050169436086,2.4868995751603507e-14,1057.7993719014455,13.703782,987.243029,0.0,1000.946811
2026-07-16_ttft_component_regression/phase1/input8000_rate2p5_reuse00_seed3,228,0.0,15.592166982548775,15.592166982548775,1051.4050169436086,2.4868995751603507e-14,1066.9971839261575,259.79312,1294.924666,0.0,1554.717786
2026-07-16_ttft_component_regression/phase1/input8000_rate2p5_reuse00_seed3,220,0.0687036769359872,13.548910800989068,13.617614477925056,1051.4050169436086,2.4868995751603507e-14,1065.0226314215338,12.667328,1016.18545,0.0,1028.852778
2026-07-16_ttft_component_regression/phase1/input8000_rate2p5_reuse00_seed3,226,0.061134994031637205,15.27659112736316,15.337726121394796,1051.4050169436086,2.4868995751603507e-14,1066.7427430650034,0.293148,1018.949394,0.0,1019.242542
2026-07-16_ttft_component_regression/phase1/input8000_rate2p5_reuse00_seed3,240,0.0,16.400252536178893,16.400252536178893,1051.4050169436086,2.4868995751603507e-14,1067.8052694797875,19.082915,1029.979941,0.0,1049.062856
2026-07-16_ttft_component_regression/phase1/input8000_rate2p5_reuse00_seed3,266,0.0,15.515138201402621,15.515138201402621,1051.4050169436086,2.4868995751603507e-14,1066.9201551450112,6.740541,1037.069228,0.0,1043.809769
2026-07-16_ttft_component_regression/phase1/input8000_rate2p5_reuse00_seed3,272,0.023288281992148663,15.971677335552174,15.994965617544322,1051.4050169436086,2.4868995751603507e-14,1067.399982561153,11.658257,1006.168977,0.0,1017.827234
2026-07-16_ttft_component_regression/phase1/input8000_rate2p5_reuse00_seed3,267,0.0,15.521028842412072,15.521028842412072,1051.4050169436086,2.4868995751603507e-14,1066.9260457860207,388.908168,1286.068377,0.0,1674.976545
2026-07-16_ttft_component_regression/phase1/input8000_rate2p5_reuse00_seed3,283,0.01965159086964961,14.017533620512053,14.037185211381702,1051.4050169436086,2.4868995751603507e-14,1065.4422021549904,15.745524,1003.194307,0.0,1018.939831
2026-07-16_ttft_component_regression/phase1/input8000_rate2p5_reuse00_seed3,1,0.01586808710073337,0.5626164847796692,0.5784845718804026,1051.4050169436086,2.4868995751603507e-14,1051.983501515489,2.313429,936.703457,0.0,939.016886
2026-07-16_ttft_component_regression/phase1/input8000_rate2p5_reuse00_seed3,15,0.021556119231221436,14.879352200784556,14.900908320015777,1051.4050169436086,2.4868995751603507e-14,1066.3059252636244,7.128809,985.725943,0.0,992.854752
2026-07-16_ttft_component_regression/phase1/input8000_rate2p5_reuse00_seed3,22,0.0,17.55344040354759,17.55344040354759,1051.4050169436086,2.4868995751603507e-14,1068.9584573471561,59.2249,1264.199231,0.0,1323.424131
2026-07-16_ttft_component_regression/phase1/input8000_rate2p5_reuse00_seed3,6,0.0,7.28904157895164,7.28904157895164,1051.4050169436086,2.4868995751603507e-14,1058.6940585225602,14.024539,983.313857,0.0,997.338396
2026-07-16_ttft_component_regression/phase1/input8000_rate2p5_reuse00_seed3,7,0.0,11.807561159574893,11.807561159574893,1051.4050169436086,2.4868995751603507e-14,1063.2125781031834,513.090702,1229.843609,0.0,1742.934311
2026-07-16_ttft_component_regression/phase1/input8000_rate2p5_reuse00_seed3,34,0.0,17.24252721261433,17.24252721261433,1051.4050169436086,2.4868995751603507e-14,1068.647544156223,10.531357,1013.463266,0.0,1023.994623
2026-07-16_ttft_component_regression/phase1/input8000_rate2p5_reuse00_seed3,20,0.02700664190019001,16.967118003068183,16.994124644968373,1051.4050169436086,2.4868995751603507e-14,1068.399141588577,16.591907,1008.212711,0.0,1024.804618
2026-07-16_ttft_component_regression/phase1/input8000_rate2p5_reuse00_seed3,44,0.18031848428595867,20.27850649405237,20.458824978338328,1051.4050169436086,2.4868995751603507e-14,1071.863841921947,2.297501,1022.870257,0.0,1025.167758
2026-07-16_ttft_component_regression/phase1/input8000_rate2p5_reuse00_seed3,45,9323.732899606162,22.587798084057866,9346.32069769022,1051.4050169436086,2.4868995751603507e-14,10397.725714633829,2732.580007,1025.018302,0.0,3757.598309
2026-07-16_ttft_component_regression/phase1/input8000_rate2p5_reuse00_seed3,55,11891.231688995815,22.654570919686144,11913.8862599155,1051.4050169436086,2.4868995751603507e-14,12965.291276859109,3942.038489,1043.776303,0.0,4985.814792
2026-07-16_ttft_component_regression/phase1/input8000_rate2p5_reuse00_seed3,65,12807.408534466984,24.038661692353532,12831.447196159337,1051.4050169436086,2.4868995751603507e-14,13882.852213102946,4343.393131999999,1049.841961,0.0,5393.235093
2026-07-16_ttft_component_regression/phase1/input8000_rate2p5_reuse00_seed3,90,6105.805425897297,24.13228337518195,6129.937709272479,1051.4050169436086,2.4868995751603507e-14,7181.342726216088,4742.652051,1030.632165,0.0,5773.284216
2026-07-16_ttft_component_regression/phase1/input8000_rate2p5_reuse00_seed3,73,8527.630474190357,24.161166473095026,8551.791640663452,1051.4050169436086,2.4868995751603507e-14,9603.19665760706,1401.824732,1047.317884,0.0,2449.142616
2026-07-16_ttft_component_regression/phase1/input8000_rate2p5_reuse00_seed3,79,8635.957362397043,24.148842919632347,8660.106205316675,1051.4050169436086,2.4868995751603507e-14,9711.511222260284,3693.7863669999997,1304.732707,0.0,4998.519074
2026-07-16_ttft_component_regression/phase1/input8000_rate2p5_reuse00_seed3,74,11083.059963561098,24.161166473095026,11107.221130034193,1051.4050169436086,2.4868995751603507e-14,12158.626146977802,4115.056561,1053.070799,0.0,5168.12736
2026-07-16_ttft_component_regression/phase1/input8000_rate2p5_reuse00_seed3,113,5987.840268751692,24.12394916503564,6011.964217916728,1051.4050169436086,2.4868995751603507e-14,7063.369234860336,5083.26076,1050.22143,0.0,6133.48219
2026-07-16_ttft_component_regression/phase1/input8000_rate2p5_reuse00_seed3,99,7341.598924798892,24.197635207872153,7365.796560006764,1051.4050169436086,2.4868995751603507e-14,8417.201576950372,8186.6641,1053.872913,0.0,9240.537013
2026-07-16_ttft_component_regression/phase1/input8000_rate2p5_reuse00_seed3,137,7106.645906792793,24.043008305112888,7130.688915097906,1051.4050169436086,2.4868995751603507e-14,8182.093932041515,8126.681158,1060.737699,0.0,9187.418857
2026-07-16_ttft_component_regression/phase1/input8000_rate2p5_reuse00_seed3,147,6923.7625497746,24.034306608453004,6947.796856383054,1051.4050169436086,2.4868995751603507e-14,7999.201873326662,6314.526202,1028.5137,0.0,7343.039902
2026-07-16_ttft_component_regression/phase1/input8000_rate2p5_reuse00_seed3,136,6795.026970944035,24.06030951489169,6819.087280458927,1051.4050169436086,2.4868995751603507e-14,7870.492297402536,6637.861878000001,1033.732425,0.0,7671.594303
2026-07-16_ttft_component_regression/phase1/input8000_rate2p5_reuse00_seed3,132,5947.939156209827,24.10295656942696,5972.042112779254,1051.4050169436086,2.4868995751603507e-14,7023.447129722863,4538.048597999999,1032.667266,0.0,5570.715864
2026-07-16_ttft_component_regression/phase1/input8000_rate2p5_reuse00_seed3,138,7191.180574142798,24.10295656942696,7215.283530712225,1051.4050169436086,2.4868995751603507e-14,8266.688547655835,8458.960188000001,1314.34627,0.0,9773.306458
2026-07-16_ttft_component_regression/phase1/input8000_rate2p5_reuse00_seed3,170,0.22808434743292555,19.189055084313203,19.41713943174613,1051.4050169436086,2.4868995751603507e-14,1070.8221563753548,10.139469,1031.386546,0.0,1041.526015
2026-07-16_ttft_component_regression/phase1/input8000_rate2p5_reuse00_seed3,239,0.10351427809729548,0.48613728701482517,0.5896515651121207,1051.4050169436086,2.4868995751603507e-14,1051.9946685087207,0.009428,951.893319,0.0,951.902747
2026-07-16_ttft_component_regression/phase1/input8000_rate2p5_reuse00_seed3,258,0.007132400941525561,6.366165753765249,6.373298154706775,1051.4050169436086,2.4868995751603507e-14,1057.7783150983155,6.207948,984.0635,0.0,990.271448
2026-07-16_ttft_component_regression/phase1/input8000_rate2p5_reuse00_seed3,289,0.0,6.795320907413278,6.795320907413278,1051.4050169436086,2.4868995751603507e-14,1058.200337851022,14.878604,951.427775,0.0,966.306379
2026-07-16_ttft_component_regression/phase1/input8000_rate2p5_reuse00_seed3,297,0.022318690741637268,15.999780619931672,16.02209931067331,1051.4050169436086,2.4868995751603507e-14,1067.427116254282,21.3061,1002.246282,0.0,1023.552382
2026-07-16_ttft_component_regression/phase1/input8000_rate2p5_reuse00_seed3,288,0.014736797990175746,0.5043755082779386,0.5191123062681144,1051.4050169436086,2.4868995751603507e-14,1051.9241292498768,0.018177,954.244673,0.0,954.26285
2026-07-16_ttft_component_regression/phase1/input8000_rate2p5_reuse00_seed3,291,0.0,11.079308362388089,11.079308362388089,1051.4050169436086,2.4868995751603507e-14,1062.4843253059967,188.732427,1005.377526,0.0,1194.109953
2026-07-16_ttft_component_regression/phase1/input8000_rate2p5_reuse00_seed3,294,0.021279365775517037,14.126023398850085,14.147302764625602,1051.4050169436086,2.4868995751603507e-14,1065.5523197082343,20.120135,1005.273462,0.0,1025.393597
2026-07-16_ttft_component_regression/phase1/input8000_rate2p5_reuse00_seed3,8,0.01744915028297327,0.5978689609196248,0.615318111202598,1051.4050169436086,2.4868995751603507e-14,1052.0203350548113,0.005455,936.703457,0.0,936.708912
2026-07-16_ttft_component_regression/phase1/input8000_rate2p5_reuse00_seed3,28,0.0,6.795320907413278,6.795320907413278,1051.4050169436086,2.4868995751603507e-14,1058.200337851022,16.683578,967.68934,0.0,984.372918
2026-07-16_ttft_component_regression/phase1/input8000_rate2p5_reuse00_seed3,42,0.019548441357134027,14.010801130648266,14.0303495720054,1051.4050169436086,2.4868995751603507e-14,1065.435366515614,11.530319,987.244183,0.0,998.774502
2026-07-16_ttft_component_regression/phase1/input8000_rate2p5_reuse00_seed3,36,0.0,11.078023153195307,11.078023153195307,1051.4050169436086,2.4868995751603507e-14,1062.483040096804,16.367257,977.889137,0.0,994.256394
2026-07-16_ttft_component_regression/phase1/input8000_rate2p5_reuse00_seed3,54,0.03991562728762567,14.98247807438527,15.022393701672895,1051.4050169436086,2.4868995751603507e-14,1066.4274106452815,1.477628,994.572774,0.0,996.050402
2026-07-16_ttft_component_regression/phase1/input8000_rate2p5_reuse00_seed3,71,0.11755330111407405,15.861506468816527,15.9790597699306,1051.4050169436086,2.4868995751603507e-14,1067.3840767135393,521.7686,1254.063141,0.0,1775.831741
2026-07-16_ttft_component_regression/phase1/input8000_rate2p5_reuse00_seed3,81,0.0,17.23136894914167,17.23136894914167,1051.4050169436086,2.4868995751603507e-14,1068.6363858927502,499.667508,1280.179337,0.0,1779.846845
2026-07-16_ttft_component_regression/phase1/input8000_rate2p5_reuse00_seed3,78,0.0019352628764091374,16.50062947378678,16.50256473666319,1051.4050169436086,2.4868995751603507e-14,1067.9075816802717,5.397875,1020.665539,0.0,1026.063414
2026-07-16_ttft_component_regression/phase1/input8000_rate2p5_reuse00_seed3,70,0.10856657863741957,13.947363355009557,14.055929933646977,1051.4050169436086,2.4868995751603507e-14,1065.4609468772555,19.982403,1004.345599,0.0,1024.328002
2026-07-16_ttft_component_regression/phase1/input8000_rate2p5_reuse00_seed3,94,0.26543220165950787,20.18089469642684,20.446326898086348,1051.4050169436086,2.4868995751603507e-14,1071.851343841695,17.575139,1030.479923,0.0,1048.055062
2026-07-16_ttft_component_regression/phase1/input8000_rate2p5_reuse00_seed3,118,0.02875937451075822,17.404240355951316,17.432999730462075,1051.4050169436086,2.4868995751603507e-14,1068.8380166740708,6.859184,1039.051951,0.0,1045.911135
2026-07-16_ttft_component_regression/phase1/input8000_rate2p5_reuse00_seed3,111,0.002144108759651304,16.50090619122537,16.50305029998502,1051.4050169436086,2.4868995751603507e-14,1067.9080672435937,6.602099,1034.827388,0.0,1041.429487
2026-07-16_ttft_component_regression/phase1/input8000_rate2p5_reuse00_seed3,128,0.2663790965357247,20.185990182408993,20.45236927894472,1051.4050169436086,2.4868995751603507e-14,1071.8573862225533,22.256038,1041.235442,0.0,1063.49148
2026-07-16_ttft_component_regression/phase1/input8000_rate2p5_reuse00_seed3,151,0.0,17.250675633294964,17.250675633294964,1051.4050169436086,2.4868995751603507e-14,1068.6556925769037,7.705282,1030.176247,0.0,1037.881529
2026-07-16_ttft_component_regression/phase1/input8000_rate2p5_reuse00_seed3,146,0.0,16.495071989937895,16.495071989937895,1051.4050169436086,2.4868995751603507e-14,1067.9000889335466,561.32981,1299.569721,0.0,1860.899531
2026-07-16_ttft_component_regression/phase1/input8000_rate2p5_reuse00_seed3,156,0.0,17.238801499471453,17.238801499471453,1051.4050169436086,2.4868995751603507e-14,1068.6438184430801,17.880529,1027.844217,0.0,1045.724746
2026-07-16_ttft_component_regression/phase1/input8000_rate2p5_reuse00_seed3,145,0.11493863169669552,15.942844373019412,16.057783004716107,1051.4050169436086,2.4868995751603507e-14,1067.4627999483248,12.649026,1039.908475,0.0,1052.557501
2026-07-16_ttft_component_regression/phase1/input8000_rate2p5_reuse00_seed3,160,0.224366966658807,19.16949360564136,19.393860572300166,1051.4050169436086,2.4868995751603507e-14,1070.7988775159088,76.381075,1025.492465,0.0,1101.87354
2026-07-16_ttft_component_regression/phase1/input8000_rate2p5_reuse00_seed3,168,3233.952335690462,23.93186246090854,3257.8841981513706,1051.4050169436086,2.4868995751603507e-14,4309.289215094979,2134.180057,1027.009715,0.0,3161.189772
2026-07-16_ttft_component_regression/phase1/input8000_rate2p5_reuse00_seed3,188,0.2915796592184312,20.319891299843373,20.611470959061805,1051.4050169436086,2.4868995751603507e-14,1072.0164879026704,24.515758,1055.979174,0.0,1080.494932
2026-07-16_ttft_component_regression/phase1/input8000_rate2p5_reuse00_seed3,203,0.06649010527661406,15.156334854737834,15.222824960014448,1051.4050169436086,2.4868995751603507e-14,1066.627841903623,18.189175,1007.923629,0.0,1026.112804
2026-07-16_ttft_component_regression/phase1/input8000_rate2p5_reuse00_seed3,243,0.027852716317322206,0.39208022900479306,0.4199329453221153,1051.4050169436086,2.4868995751603507e-14,1051.8249498889309,0.005111,954.562423,0.0,954.567534
2026-07-16_ttft_component_regression/phase1/input8000_rate2p5_reuse00_seed3,249,0.009317922134643934,6.4058136291136565,6.4151315512483,1051.4050169436086,2.4868995751603507e-14,1057.820148494857,2.74635,980.325984,0.0,983.072334
2026-07-16_ttft_component_regression/phase1/input8000_rate2p5_reuse00_seed3,255,0.03265060486870789,13.089658801825978,13.122309406694686,1051.4050169436086,2.4868995751603507e-14,1064.5273263503034,2.067834,1016.610984,0.0,1018.678818
2026-07-16_ttft_component_regression/phase1/input8000_rate2p5_reuse00_seed3,263,0.0,16.49412116233179,16.49412116233179,1051.4050169436086,2.4868995751603507e-14,1067.8991381059404,105.697646,1011.145332,0.0,1116.842978
2026-07-16_ttft_component_regression/phase1/input8000_rate2p5_reuse00_seed3,252,0.0,10.405189973577667,10.405189973577667,1051.4050169436086,2.4868995751603507e-14,1061.8102069171864,16.815111,990.495528,0.0,1007.310639
2026-07-16_ttft_component_regression/phase1/input8000_rate2p5_reuse00_seed3,259,0.040175198233003466,14.974449804810767,15.01462500304377,1051.4050169436086,2.4868995751603507e-14,1066.4196419466525,65.775228,1012.163172,0.0,1077.9384
2026-07-16_ttft_component_regression/phase1/input8000_rate2p5_reuse00_seed3,293,0.0,11.08135385030021,11.08135385030021,1051.4050169436086,2.4868995751603507e-14,1062.486370793909,11.465338,991.047075,0.0,1002.512413
2026-07-16_ttft_component_regression/phase1/input8000_rate2p5_reuse00_seed3,296,0.02167936653585889,14.153364806138015,14.175044172673873,1051.4050169436086,2.4868995751603507e-14,1065.5800611162824,4.839406,1000.50945,0.0,1005.348856
2026-07-16_ttft_component_regression/phase1/input8000_rate2p5_reuse00_seed3,24,0.0,7.2685550707676985,7.2685550707676985,1051.4050169436086,2.4868995751603507e-14,1058.6735720143763,4.391793,966.163356,0.0,970.555149
2026-07-16_ttft_component_regression/phase1/input8000_rate2p5_reuse00_seed3,21,0.01744915028297327,0.5978689609196248,0.615318111202598,1051.4050169436086,2.4868995751603507e-14,1052.0203350548113,0.014397,936.703457,0.0,936.717854
2026-07-16_ttft_component_regression/phase1/input8000_rate2p5_reuse00_seed3,33,0.0,11.079308362388089,11.079308362388089,1051.4050169436086,2.4868995751603507e-14,1062.4843253059967,1.383877,976.722865,0.0,978.106742
2026-07-16_ttft_component_regression/phase1/input8000_rate2p5_reuse00_seed3,46,0.03789395027760564,15.041166226852122,15.079060177129728,1051.4050169436086,2.4868995751603507e-14,1066.4840771207384,17.931474,993.509734,0.0,1011.441208
2026-07-16_ttft_component_regression/phase1/input8000_rate2p5_reuse00_seed3,38,0.021279365775517037,14.126023398850085,14.147302764625602,1051.4050169436086,2.4868995751603507e-14,1065.5523197082343,10.512882,986.020055,0.0,996.532937
2026-07-16_ttft_component_regression/phase1/input8000_rate2p5_reuse00_seed3,48,0.0,15.5228677976592,15.5228677976592,1051.4050169436086,2.4868995751603507e-14,1066.927884741268,22.135971,1004.363876,0.0,1026.499847
2026-07-16_ttft_component_regression/phase1/input8000_rate2p5_reuse00_seed3,58,0.0,16.35550022516862,16.35550022516862,1051.4050169436086,2.4868995751603507e-14,1067.7605171687774,8.704638,1013.89197,0.0,1022.596608
2026-07-16_ttft_component_regression/phase1/input8000_rate2p5_reuse00_seed3,63,0.26170720333959263,19.36265720423853,19.624364407578124,1051.4050169436086,2.4868995751603507e-14,1071.0293813511867,3.417843,1021.970897,0.0,1025.38874
2026-07-16_ttft_component_regression/phase1/input8000_rate2p5_reuse00_seed3,67,14065.655378306124,24.06030951489169,14089.715687821015,1051.4050169436086,2.4868995751603507e-14,15141.120704764624,5416.642312,1027.712134,0.0,6444.354446
2026-07-16_ttft_component_regression/phase1/input8000_rate2p5_reuse00_seed3,95,110.95746354666204,24.290309730323767,135.2477732769858,1051.4050169436086,2.4868995751603507e-14,1186.6527902205944,113.453077,1053.635735,0.0,1167.088812
2026-07-16_ttft_component_regression/phase1/input8000_rate2p5_reuse00_seed3,104,0.0,16.345687475793095,16.345687475793095,1051.4050169436086,2.4868995751603507e-14,1067.7507044194017,19.351135,1045.468964,0.0,1064.820099
2026-07-16_ttft_component_regression/phase1/input8000_rate2p5_reuse00_seed3,109,0.24034240449044247,19.253037453870494,19.493379858360935,1051.4050169436086,2.4868995751603507e-14,1070.8983968019695,2.334602,1046.571366,0.0,1048.905968
2026-07-16_ttft_component_regression/phase1/input8000_rate2p5_reuse00_seed3,117,0.28272920309937033,20.27323918827399,20.555968391373362,1051.4050169436086,2.4868995751603507e-14,1071.960985334982,25.15871,1047.576188,0.0,1072.734898
2026-07-16_ttft_component_regression/phase1/input8000_rate2p5_reuse00_seed3,143,0.11675292427780197,15.887688909023552,16.004441833301353,1051.4050169436086,2.4868995751603507e-14,1067.40945877691,21.029936,1009.748582,0.0,1030.778518
2026-07-16_ttft_component_regression/phase1/input8000_rate2p5_reuse00_seed3,158,0.08061429652662049,6.797179365651989,6.87779366217861,1051.4050169436086,2.4868995751603507e-14,1058.2828106057873,2.797082,982.653722,0.0,985.450804
2026-07-16_ttft_component_regression/phase1/input8000_rate2p5_reuse00_seed3,176,0.05216251236591692,11.082188152766278,11.134350665132196,1051.4050169436086,2.4868995751603507e-14,1062.5393676087408,2.489728,990.658674,0.0,993.148402
2026-07-16_ttft_component_regression/phase1/input8000_rate2p5_reuse00_seed3,189,0.11369823257479339,11.19093082803305,11.304629060607843,1051.4050169436086,2.4868995751603507e-14,1062.7096460042164,18.592935,993.125686,0.0,1011.718621
2026-07-16_ttft_component_regression/phase1/input8000_rate2p5_reuse00_seed3,197,0.00871083820236235,10.470182428272011,10.478893266474373,1051.4050169436086,2.4868995751603507e-14,1061.883910210083,15.566454,987.474141,0.0,1003.040595
2026-07-16_ttft_component_regression/phase1/input8000_rate2p5_reuse00_seed3,210,0.06447083413024919,13.281704435608756,13.346175269739005,1051.4050169436086,2.4868995751603507e-14,1064.7511922133476,16.494772,996.916437,0.0,1013.411209
2026-07-16_ttft_component_regression/phase1/input8000_rate2p5_reuse00_seed3,235,0.0,16.346744797319896,16.346744797319896,1051.4050169436086,2.4868995751603507e-14,1067.7517617409285,18.711323,1036.571793,0.0,1055.283116
2026-07-16_ttft_component_regression/phase1/input8000_rate2p5_reuse00_seed3,222,0.0,16.36124367036839,16.36124367036839,1051.4050169436086,2.4868995751603507e-14,1067.766260613977,3.266383,1029.580205,0.0,1032.846588
2026-07-16_ttft_component_regression/phase1/input8000_rate2p5_reuse00_seed3,216,0.06751408759578219,15.129893808588838,15.19740789618462,1051.4050169436086,2.4868995751603507e-14,1066.6024248397932,13.163389,1002.805738,0.0,1015.969127
2026-07-16_ttft_component_regression/phase1/input8000_rate2p5_reuse00_seed3,218,0.0,15.604142589028678,15.604142589028678,1051.4050169436086,2.4868995751603507e-14,1067.0091595326373,50.600067,1029.801753,0.0,1080.40182
2026-07-16_ttft_component_regression/phase1/input8000_rate2p5_reuse00_seed3,241,0.0,16.25742566678701,16.25742566678701,1051.4050169436086,2.4868995751603507e-14,1067.6624426103956,5.083155,1030.295704,0.0,1035.378859
2026-07-16_ttft_component_regression/phase1/input8000_rate2p5_reuse00_seed3,261,0.0,15.525330328814775,15.525330328814775,1051.4050169436086,2.4868995751603507e-14,1066.9303472724234,20.7796,1015.503677,0.0,1036.283277
2026-07-16_ttft_component_regression/phase1/input8000_rate2p5_reuse00_seed3,270,0.0,11.068365698537054,11.068365698537054,1051.4050169436086,2.4868995751603507e-14,1062.4733826421457,15.755203,989.403928,0.0,1005.159131
2026-07-16_ttft_component_regression/phase1/input8000_rate2p5_reuse00_seed3,284,0.01734691477058205,13.870803314527368,13.88815022929795,1051.4050169436086,2.4868995751603507e-14,1065.2931671729066,85.893143,1298.165816,0.0,1384.058959
2026-07-16_ttft_component_regression/phase1/input8000_rate2p5_reuse00_seed3,282,0.0,11.06808265959413,11.06808265959413,1051.4050169436086,2.4868995751603507e-14,1062.4730996032029,18.601893,1005.543724,0.0,1024.145617
2026-07-16_ttft_component_regression/phase1/input8000_rate2p5_reuse00_seed3,286,0.02676496723968607,15.857487527588606,15.884252494828292,1051.4050169436086,2.4868995751603507e-14,1067.289269438437,218.77602,1270.962994,0.0,1489.739014
2026-07-16_ttft_component_regression/phase1/input8000_rate2p5_reuse00_seed3,298,0.025904939167505157,15.887981722536443,15.913886661703948,1051.4050169436086,2.4868995751603507e-14,1067.3189036053127,9.392417,1022.406418,0.0,1031.798835
2026-07-16_ttft_component_regression/phase1/input8000_rate2p5_reuse00_seed3,9,0.01628121761496424,0.5715453399947115,0.5878265576096757,1051.4050169436086,2.4868995751603507e-14,1051.9928435012184,0.018114,936.703457,0.0,936.721571
2026-07-16_ttft_component_regression/phase1/input8000_rate2p5_reuse00_seed3,32,0.0,6.8312123668786775,6.8312123668786775,1051.4050169436086,2.4868995751603507e-14,1058.2362293104873,17.241235,967.68934,0.0,984.930575
2026-07-16_ttft_component_regression/phase1/input8000_rate2p5_reuse00_seed3,41,0.01808801023560344,13.917169250457686,13.93525726069329,1051.4050169436086,2.4868995751603507e-14,1065.340274204302,187.191504,986.380215,0.0,1173.571719
2026-07-16_ttft_component_regression/phase1/input8000_rate2p5_reuse00_seed3,40,0.0,11.070023931581797,11.070023931581797,1051.4050169436086,2.4868995751603507e-14,1062.4750408751904,9.415624,977.881905,0.0,987.297529
2026-07-16_ttft_component_regression/phase1/input8000_rate2p5_reuse00_seed3,51,0.03329013712371134,13.127406575503274,13.160696712626985,1051.4050169436086,2.4868995751603507e-14,1064.5657136562356,2.387663,986.432951,0.0,988.820614
2026-07-16_ttft_component_regression/phase1/input8000_rate2p5_reuse00_seed3,66,0.1153668827100645,15.930306498276353,16.04567338098642,1051.4050169436086,2.4868995751603507e-14,1067.4506903245951,6.328509,993.94743,0.0,1000.275939
2026-07-16_ttft_component_regression/phase1/input8000_rate2p5_reuse00_seed3,106,0.008096952007230892,10.464302023414977,10.472398975422207,1051.4050169436086,2.4868995751603507e-14,1061.877415919031,138.147634,1232.480953,0.0,1370.628587
2026-07-16_ttft_component_regression/phase1/input8000_rate2p5_reuse00_seed3,105,0.03637857834383349,6.40752349048121,6.443902068825043,1051.4050169436086,2.4868995751603507e-14,1057.8489190124337,5.154387,986.914049,0.0,992.068436
2026-07-16_ttft_component_regression/phase1/input8000_rate2p5_reuse00_seed3,112,0.05081514343334256,11.07044237241157,11.121257515844912,1051.4050169436086,2.4868995751603507e-14,1062.5262744594536,1.362589,984.034239,0.0,985.396828
2026-07-16_ttft_component_regression/phase1/input8000_rate2p5_reuse00_seed3,144,0.10741818111940211,13.880955017488022,13.988373198607423,1051.4050169436086,2.4868995751603507e-14,1065.393390142216,3.881998,998.969021,0.0,1002.851019
2026-07-16_ttft_component_regression/phase1/input8000_rate2p5_reuse00_seed3,159,0.1093608261088752,220.1476505646957,220.2570113908046,1051.4050169436086,2.4868995751603507e-14,1271.6620283344132,1255.237129,1328.163696,0.0,2583.400825
2026-07-16_ttft_component_regression/phase1/input8000_rate2p5_reuse00_seed3,177,0.0,16.334591623130734,16.334591623130734,1051.4050169436086,2.4868995751603507e-14,1067.7396085667394,19.266742,1021.997209,0.0,1041.263951
2026-07-16_ttft_component_regression/phase1/input8000_rate2p5_reuse00_seed3,163,0.11522476264268741,15.934498441445257,16.049723204087943,1051.4050169436086,2.4868995751603507e-14,1067.4547401476966,893.637318,1243.385718,0.0,2137.023036
2026-07-16_ttft_component_regression/phase1/input8000_rate2p5_reuse00_seed3,183,0.22715261259384478,19.184159073808107,19.41131168640195,1051.4050169436086,2.4868995751603507e-14,1070.8163286300105,18.611599,1050.69213,0.0,1069.303729
2026-07-16_ttft_component_regression/phase1/input8000_rate2p5_reuse00_seed3,155,0.08120107014140714,6.807996273224838,6.889197343366245,1051.4050169436086,2.4868995751603507e-14,1058.294214286975,8.518345,993.228285,0.0,1001.74663
2026-07-16_ttft_component_regression/phase1/input8000_rate2p5_reuse00_seed3,157,0.05182896288476501,11.078520748800788,11.130349711685552,1051.4050169436086,2.4868995751603507e-14,1062.5353666552942,336.854578,1283.947055,0.0,1620.801633
2026-07-16_ttft_component_regression/phase1/input8000_rate2p5_reuse00_seed3,171,0.0,16.492631326276708,16.492631326276708,1051.4050169436086,2.4868995751603507e-14,1067.8976482698854,15.768764,1008.550729,0.0,1024.319493
2026-07-16_ttft_component_regression/phase1/input8000_rate2p5_reuse00_seed3,213,0.0,16.339514431012645,16.339514431012645,1051.4050169436086,2.4868995751603507e-14,1067.7445313746214,23.435073,1035.615534,0.0,1059.050607
2026-07-16_ttft_component_regression/phase1/input8000_rate2p5_reuse00_seed3,215,0.0,16.34996602014691,16.34996602014691,1051.4050169436086,2.4868995751603507e-14,1067.7549829637555,135.046065,1295.68243,0.0,1430.728495
2026-07-16_ttft_component_regression/phase1/input8000_rate2p5_reuse00_seed3,234,0.00844875897340461,10.467468060674268,10.475916819647672,1051.4050169436086,2.4868995751603507e-14,1061.8809337632563,13.488972,990.57867,0.0,1004.067642
2026-07-16_ttft_component_regression/phase1/input8000_rate2p5_reuse00_seed3,242,0.034343676505131454,13.190774590977265,13.225118267482395,1051.4050169436086,2.4868995751603507e-14,1064.630135211091,10.14658,998.216351,0.0,1008.362931
2026-07-16_ttft_component_regression/phase1/input8000_rate2p5_reuse00_seed3,250,0.040175198233003466,14.974449804810767,15.01462500304377,1051.4050169436086,2.4868995751603507e-14,1066.4196419466525,3.489572,1002.896529,0.0,1006.386101
2026-07-16_ttft_component_regression/phase1/input8000_rate2p5_reuse00_seed3,254,0.040687128843939095,14.9582490691895,14.998936198033439,1051.4050169436086,2.4868995751603507e-14,1066.403953141642,4.806878,1004.929662,0.0,1009.73654
2026-07-16_ttft_component_regression/phase1/input8000_rate2p5_reuse00_seed3,274,0.01734691477058205,13.870803314527368,13.88815022929795,1051.4050169436086,2.4868995751603507e-14,1065.2931671729066,6.296635,998.644757,0.0,1004.941392
2026-07-16_ttft_component_regression/phase1/input8000_rate2p5_reuse00_seed3,279,0.027005209433586586,15.848659725880955,15.875664935314541,1051.4050169436086,2.4868995751603507e-14,1067.2806818789231,2.196891,1019.301771,0.0,1021.498662
2026-07-16_ttft_component_regression/phase1/input8000_rate2p5_reuse00_seed3,278,0.018193306793368016,13.923817890236274,13.942011197029641,1051.4050169436086,2.4868995751603507e-14,1065.3470281406383,11.317549,999.521556,0.0,1010.839105
2026-07-16_ttft_component_regression/phase1/input8000_rate2p5_reuse00_seed3,18,0.0161790588716509,0.5693202440181822,0.5854993028898331,1051.4050169436086,2.4868995751603507e-14,1051.9905162464984,0.003346,936.703457,0.0,936.706803
2026-07-16_ttft_component_regression/phase1/input8000_rate2p5_reuse00_seed3,60,1.1200968646750522,24.012405048427546,25.132501913102598,1051.4050169436086,0.6219692977832142,1077.1594881544943,0.023166,936.703457,0.625374,937.351997
2026-07-16_ttft_component_regression/phase1/input8000_rate2p5_reuse00_seed3,68,0.03806521994437391,6.437478563722972,6.475543783667346,1051.4050169436086,2.4868995751603507e-14,1057.880560727276,2.947063,966.552828,0.0,969.499891
2026-07-16_ttft_component_regression/phase1/input8000_rate2p5_reuse00_seed3,75,1.0915421923813087,23.949985675415412,25.04152786779672,1051.4050169436086,0.6219692977832142,1077.0685141091885,99.275267,1244.523969,0.625374,1344.42461
2026-07-16_ttft_component_regression/phase1/input8000_rate2p5_reuse00_seed3,72,0.0,10.406267437561139,10.406267437561139,1051.4050169436086,2.4868995751603507e-14,1061.8112843811698,12.342382,993.782385,0.0,1006.124767
2026-07-16_ttft_component_regression/phase1/input8000_rate2p5_reuse00_seed3,101,0.9765790514730717,22.624776005046968,23.60135505652004,1051.4050169436086,0.6219692977832142,1075.628341297912,239.320536,1291.982102,0.625374,1531.928012
2026-07-16_ttft_component_regression/phase1/input8000_rate2p5_reuse00_seed3,114,0.978492539198723,22.629169698255634,23.607662237454356,1051.4050169436086,0.6219692977832142,1075.6346484788462,10.940574,1017.966258,0.625374,1029.532206
2026-07-16_ttft_component_regression/phase1/input8000_rate2p5_reuse00_seed3,120,0.0,16.241812138537842,16.241812138537842,1051.4050169436086,2.4868995751603507e-14,1067.6468290821465,12.869779,1042.544843,0.0,1055.414622
2026-07-16_ttft_component_regression/phase1/input8000_rate2p5_reuse00_seed3,131,99.71580493552361,23.825272020800604,123.54107695632422,1051.4050169436086,0.6219692977832142,1175.568063197716,103.683829,1050.900958,0.625374,1155.210161
2026-07-16_ttft_component_regression/phase1/input8000_rate2p5_reuse00_seed3,100,1.0035467963527664,22.68562412673359,23.689170923086355,1051.4050169436086,0.6219692977832142,1075.716157164478,4.792191000000001,1003.766815,0.625374,1009.18438
2026-07-16_ttft_component_regression/phase1/input8000_rate2p5_reuse00_seed3,103,0.0,15.526009091109989,15.526009091109989,1051.4050169436086,2.4868995751603507e-14,1066.9310260347186,578.202795,1245.540995,0.0,1823.74379
2026-07-16_ttft_component_regression/phase1/input8000_rate2p5_reuse00_seed3,122,0.174058352633219,20.24239278576722,20.416451138400436,1051.4050169436086,2.4868995751603507e-14,1071.821468082009,633.025649,1297.961795,0.0,1930.987444
2026-07-16_ttft_component_regression/phase1/input8000_rate2p5_reuse00_seed3,153,0.8630481963421966,23.795671291762496,24.65871948810469,1051.4050169436086,0.6219692977832142,1076.6857057294965,18.721449000000003,1053.285461,0.625374,1072.632284
2026-07-16_ttft_component_regression/phase1/input8000_rate2p5_reuse00_seed3,164,1.0774151793930666,23.918187662993127,24.995602842386194,1051.4050169436086,0.6219692977832142,1077.022589083778,9.27748,1049.223835,0.625374,1059.126689
2026-07-16_ttft_component_regression/phase1/input8000_rate2p5_reuse00_seed3,169,2514.2545285565925,23.806334918407902,2538.0608634750006,1051.4050169436086,2.4868995751603507e-14,3589.4658804186092,1639.553263,1053.264613,0.0,2692.817876
2026-07-16_ttft_component_regression/phase1/input8000_rate2p5_reuse00_seed3,174,619.5830907330553,22.58044895849477,642.1635396915501,1051.4050169436086,2.4868995751603507e-14,1693.5685566351588,627.728747,1044.403711,0.0,1672.132458
2026-07-16_ttft_component_regression/phase1/input8000_rate2p5_reuse00_seed3,185,0.0,15.532962422867321,15.532962422867321,1051.4050169436086,2.4868995751603507e-14,1066.937979366476,1.281916,1019.777788,0.0,1021.059704
2026-07-16_ttft_component_regression/phase1/input8000_rate2p5_reuse00_seed3,187,0.17176862839006252,21.49929526804966,21.671063896439723,1051.4050169436086,2.4868995751603507e-14,1073.0760808400485,577.199583,1298.448958,0.0,1875.648541
2026-07-16_ttft_component_regression/phase1/input8000_rate2p5_reuse00_seed3,179,275.8669198651613,22.64667229758509,298.5135921627464,1051.4050169436086,2.4868995751603507e-14,1349.918609106355,249.963796,1041.462032,0.0,1291.425828
2026-07-16_ttft_component_regression/phase1/input8000_rate2p5_reuse00_seed3,186,0.0,18.34802213209281,18.34802213209281,1051.4050169436086,2.4868995751603507e-14,1069.7530390757015,22.531822,1035.159783,0.0,1057.691605
2026-07-16_ttft_component_regression/phase1/input8000_rate2p5_reuse00_seed3,219,0.0,16.253331068395937,16.253331068395937,1051.4050169436086,2.4868995751603507e-14,1067.6583480120046,14.11182,1054.917827,0.0,1069.029647
2026-07-16_ttft_component_regression/phase1/input8000_rate2p5_reuse00_seed3,211,0.2337082836755544,19.218509037968907,19.45221732164446,1051.4050169436086,2.4868995751603507e-14,1070.857234265253,14.528227,1041.428742,0.0,1055.956969
2026-07-16_ttft_component_regression/phase1/input8000_rate2p5_reuse00_seed3,221,0.2130655801146431,19.190673938240316,19.40373951835496,1051.4050169436086,2.4868995751603507e-14,1070.8087564619636,22.842039,1313.252042,0.0,1336.094081
2026-07-16_ttft_component_regression/phase1/input8000_rate2p5_reuse00_seed3,247,0.034760574745833814,13.2162764774913,13.251037052237134,1051.4050169436086,2.4868995751603507e-14,1064.6560539958457,4.861336,1003.129583,0.0,1007.990919
2026-07-16_ttft_component_regression/phase1/input8000_rate2p5_reuse00_seed3,262,0.0,10.414936691554226,10.414936691554226,1051.4050169436086,2.4868995751603507e-14,1061.8199536351628,6.192848,991.657417,0.0,997.850265
2026-07-16_ttft_component_regression/phase1/input8000_rate2p5_reuse00_seed3,290,0.0,6.797500303659819,6.797500303659819,1051.4050169436086,2.4868995751603507e-14,1058.2025172472684,5.107679,992.966238,0.0,998.073917
2026-07-16_ttft_component_regression/phase1/input8000_rate2p5_reuse00_seed3,299,0.0,7.2731697741260115,7.2731697741260115,1051.4050169436086,2.4868995751603507e-14,1058.6781867177347,14.066995,984.063327,0.0,998.130322
2026-07-16_ttft_component_regression/phase1/input8000_rate2p5_reuse00_seed3,12,0.0,7.266234735044173,7.266234735044173,1051.4050169436086,2.4868995751603507e-14,1058.6712516786529,8.784774,966.30278,0.0,975.087554
2026-07-16_ttft_component_regression/phase1/input8000_rate2p5_reuse00_seed3,17,0.0,11.805438964281242,11.805438964281242,1051.4050169436086,2.4868995751603507e-14,1063.2104559078898,17.034912,976.799569,0.0,993.834481
2026-07-16_ttft_component_regression/phase1/input8000_rate2p5_reuse00_seed3,5,0.01744915028297327,0.5978689609196248,0.615318111202598,1051.4050169436086,2.4868995751603507e-14,1052.0203350548113,0.004816,936.703457,0.0,936.708273
2026-07-16_ttft_component_regression/phase1/input8000_rate2p5_reuse00_seed3,37,0.018821970433229307,13.963838130440191,13.98266010087342,1051.4050169436086,2.4868995751603507e-14,1065.387677044482,0.582655,987.663223,0.0,988.245878
2026-07-16_ttft_component_regression/phase1/input8000_rate2p5_reuse00_seed3,53,0.02436270959702958,15.938806044896422,15.963168754493452,1051.4050169436086,2.4868995751603507e-14,1067.368185698102,17.904294,992.733471,0.0,1010.637765
2026-07-16_ttft_component_regression/phase1/input8000_rate2p5_reuse00_seed3,64,0.11427518108441286,11.19662213784186,11.310897318926273,1051.4050169436086,2.4868995751603507e-14,1062.7159142625349,3.611134,977.506193,0.0,981.117327
2026-07-16_ttft_component_regression/phase1/input8000_rate2p5_reuse00_seed3,83,0.11427518108441286,11.19662213784186,11.310897318926273,1051.4050169436086,2.4868995751603507e-14,1062.7159142625349,18.490857,978.094417,0.0,996.585274
2026-07-16_ttft_component_regression/phase1/input8000_rate2p5_reuse00_seed3,96,0.17586367678838682,14.191451115341753,14.36731479213014,1051.4050169436086,2.4868995751603507e-14,1065.7723317357388,5.93056,987.973559,0.0,993.904119
2026-07-16_ttft_component_regression/phase1/input8000_rate2p5_reuse00_seed3,98,0.0692030858613367,15.083208961725823,15.15241204758716,1051.4050169436086,2.4868995751603507e-14,1066.5574289911958,14.53633,1000.343923,0.0,1014.880253
2026-07-16_ttft_component_regression/phase1/input8000_rate2p5_reuse00_seed3,102,0.0,15.529838595200708,15.529838595200708,1051.4050169436086,2.4868995751603507e-14,1066.9348555388094,13.762385,1027.598299,0.0,1041.360684
2026-07-16_ttft_component_regression/phase1/input8000_rate2p5_reuse00_seed3,108,0.0,16.233908995683883,16.233908995683883,1051.4050169436086,2.4868995751603507e-14,1067.6389259392924,18.583548,1048.486883,0.0,1067.070431
2026-07-16_ttft_component_regression/phase1/input8000_rate2p5_reuse00_seed3,123,0.9230779239473439,354.8107894227432,355.73386734669054,1051.4050169436086,0.6219692977832142,1407.7608535880825,27.448174,1036.650278,0.625374,1064.723826
2026-07-16_ttft_component_regression/phase1/input8000_rate2p5_reuse00_seed3,110,0.19278190432261058,19.082668677231474,19.275450581554086,1051.4050169436086,2.4868995751603507e-14,1070.6804675251628,399.248417,1301.75942,0.0,1701.007837
2026-07-16_ttft_component_regression/phase1/input8000_rate2p5_reuse00_seed3,141,0.16089500550985247,20.165670273803407,20.32656527931326,1051.4050169436086,2.4868995751603507e-14,1071.7315822229218,11.094082,1033.315686,0.0,1044.409768
2026-07-16_ttft_component_regression/phase1/input8000_rate2p5_reuse00_seed3,133,232.7476670378429,23.876747132761956,256.62441417060484,1051.4050169436086,2.4868995751603507e-14,1308.0294311142134,287.97026800000003,1033.349466,0.0,1321.319734
2026-07-16_ttft_component_regression/phase1/input8000_rate2p5_reuse00_seed3,173,0.9518828979411045,22.56701479085505,23.518897688796155,1051.4050169436086,0.6219692977832142,1075.545883930188,13.100702,986.240936,0.625374,999.967012
2026-07-16_ttft_component_regression/phase1/input8000_rate2p5_reuse00_seed3,178,0.9708503968222356,22.61155201952106,23.582402416343296,1051.4050169436086,0.6219692977832142,1075.609388657735,21.162241,997.825481,0.625374,1019.613096
2026-07-16_ttft_component_regression/phase1/input8000_rate2p5_reuse00_seed3,180,0.06974695862527332,15.067263957636857,15.137010916262131,1051.4050169436086,2.4868995751603507e-14,1066.5420278598708,200.687838,1020.596567,0.0,1221.284405
2026-07-16_ttft_component_regression/phase1/input8000_rate2p5_reuse00_seed3,202,0.0,15.612138922658662,15.612138922658662,1051.4050169436086,2.4868995751603507e-14,1067.0171558662673,2.21566,1024.829338,0.0,1027.044998
2026-07-16_ttft_component_regression/phase1/input8000_rate2p5_reuse00_seed3,199,0.1146499934975108,15.95113976434109,16.0657897578386,1051.4050169436086,2.4868995751603507e-14,1067.4708067014471,9.225353,1019.360651,0.0,1028.586004
2026-07-16_ttft_component_regression/phase1/input8000_rate2p5_reuse00_seed3,208,0.18031848428595867,20.27850649405237,20.458824978338328,1051.4050169436086,2.4868995751603507e-14,1071.863841921947,635.687151,1295.341391,0.0,1931.028542
2026-07-16_ttft_component_regression/phase1/input8000_rate2p5_reuse00_seed3,190,0.020164900939488528,14.051282450400308,14.071447351339796,1051.4050169436086,2.4868995751603507e-14,1065.4764642949485,10.312405,1016.109003,0.0,1026.421408
2026-07-16_ttft_component_regression/phase1/input8000_rate2p5_reuse00_seed3,207,0.0,17.25640007820293,17.25640007820293,1051.4050169436086,2.4868995751603507e-14,1068.6614170218115,7.712827,1042.727347,0.0,1050.440174
2026-07-16_ttft_component_regression/phase1/input8000_rate2p5_reuse00_seed3,227,0.0,17.246325583501033,17.246325583501033,1051.4050169436086,2.4868995751603507e-14,1068.6513425271096,10.998511,1044.105165,0.0,1055.103676
2026-07-16_ttft_component_regression/phase1/input8000_rate2p5_reuse00_seed3,251,0.008990566576030838,6.4000812836974745,6.409071850273506,1051.4050169436086,2.4868995751603507e-14,1057.814088793882,17.097023,982.069332,0.0,999.166355
2026-07-16_ttft_component_regression/phase1/input8000_rate2p5_reuse00_seed3,256,0.0,10.402593134308676,10.402593134308676,1051.4050169436086,2.4868995751603507e-14,1061.8076100779174,10.922072,991.010292,0.0,1001.932364
2026-07-16_ttft_component_regression/phase1/input8000_rate2p5_reuse00_seed3,260,0.03297104512740851,13.108506615954488,13.141477661081897,1051.4050169436086,2.4868995751603507e-14,1064.5464946046905,118.019487,1014.782153,0.0,1132.80164
2026-07-16_ttft_component_regression/phase1/input8000_rate2p5_reuse00_seed3,268,0.034343676505131454,13.190774590977265,13.225118267482395,1051.4050169436086,2.4868995751603507e-14,1064.630135211091,2.259586,1011.79574,0.0,1014.055326
2026-07-16_ttft_component_regression/phase1/input8000_rate2p5_reuse00_seed3,280,0.0,16.490220149128163,16.490220149128163,1051.4050169436086,2.4868995751603507e-14,1067.8952370927368,7.329188,1036.553365,0.0,1043.882553
2026-07-16_ttft_component_regression/phase1/input8000_rate2p5_reuse00_seed3,271,0.06808652303427619,15.114523273913939,15.182609796948215,1051.4050169436086,2.4868995751603507e-14,1066.587626740557,0.209412,1011.534781,0.0,1011.744193
2026-07-16_ttft_component_regression/phase1/input8000_rate2p5_reuse00_seed3,30,0.013766047195578309,0.4836943399283509,0.49746038712392926,1051.4050169436086,2.4868995751603507e-14,1051.9024773307326,0.02877,954.519522,0.0,954.548292
2026-07-16_ttft_component_regression/phase1/input8000_rate2p5_reuse00_seed3,31,0.0,6.803989026837071,6.803989026837071,1051.4050169436086,2.4868995751603507e-14,1058.2090059704458,527.753871,1211.748136,0.0,1739.502007
2026-07-16_ttft_component_regression/phase1/input8000_rate2p5_reuse00_seed3,86,0.1684888464977599,0.4960709100381305,0.6645597565358904,1051.4050169436086,2.4868995751603507e-14,1052.0695767001446,0.001347,936.703457,0.0,936.704804
2026-07-16_ttft_component_regression/phase1/input8000_rate2p5_reuse00_seed3,93,0.144716636809755,6.875845715605195,7.02056235241495,1051.4050169436086,2.4868995751603507e-14,1058.4255792960237,16.293309,966.33526,0.0,982.628569
2026-07-16_ttft_component_regression/phase1/input8000_rate2p5_reuse00_seed3,97,0.11421571705954552,11.195981194180742,11.310196911240288,1051.4050169436086,2.4868995751603507e-14,1062.715213854849,3.39314,976.592977,0.0,979.986117
2026-07-16_ttft_component_regression/phase1/input8000_rate2p5_reuse00_seed3,129,0.06542728060113208,13.339639507919534,13.405066788520665,1051.4050169436086,2.4868995751603507e-14,1064.8100837321292,217.571759,1246.745825,0.0,1464.317584
2026-07-16_ttft_component_regression/phase1/input8000_rate2p5_reuse00_seed3,139,0.0,15.60260753807692,15.60260753807692,1051.4050169436086,2.4868995751603507e-14,1067.0076244816855,18.545076,1009.738344,0.0,1028.28342
2026-07-16_ttft_component_regression/phase1/input8000_rate2p5_reuse00_seed3,127,0.0,10.421266062715626,10.421266062715626,1051.4050169436086,2.4868995751603507e-14,1061.8262830063243,8.004892,996.148241,0.0,1004.153133
2026-07-16_ttft_component_regression/phase1/input8000_rate2p5_reuse00_seed3,134,0.11209768391381825,16.019621530127395,16.131719214041212,1051.4050169436086,2.4868995751603507e-14,1067.5367361576498,43.28016,993.62263,0.0,1036.90279
2026-07-16_ttft_component_regression/phase1/input8000_rate2p5_reuse00_seed3,182,0.027852716317322206,0.39208022900479306,0.4199329453221153,1051.4050169436086,2.4868995751603507e-14,1051.8249498889309,0.003392,959.837077,0.0,959.840469
2026-07-16_ttft_component_regression/phase1/input8000_rate2p5_reuse00_seed3,184,0.0078979719830438,6.380416808320117,6.388314780303161,1051.4050169436086,2.4868995751603507e-14,1057.7933317239117,14.293583,980.682651,0.0,994.976234
2026-07-16_ttft_component_regression/phase1/input8000_rate2p5_reuse00_seed3,195,0.0,10.41031732420028,10.41031732420028,1051.4050169436086,2.4868995751603507e-14,1061.815334267809,19.13384,987.066532,0.0,1006.200372
2026-07-16_ttft_component_regression/phase1/input8000_rate2p5_reuse00_seed3,214,0.020164900939488528,14.051282450400308,14.071447351339796,1051.4050169436086,2.4868995751603507e-14,1065.4764642949485,10.200262,996.201945,0.0,1006.402207
2026-07-16_ttft_component_regression/phase1/input8000_rate2p5_reuse00_seed3,205,0.06468460534039187,13.29454155206494,13.359226157405333,1051.4050169436086,2.4868995751603507e-14,1064.764243101014,9.917366,998.520976,0.0,1008.438342
2026-07-16_ttft_component_regression/phase1/input8000_rate2p5_reuse00_seed3,232,0.0,17.248273998652127,17.248273998652127,1051.4050169436086,2.4868995751603507e-14,1068.6532909422608,6.880857,1034.151287,0.0,1041.032144
2026-07-16_ttft_component_regression/phase1/input8000_rate2p5_reuse00_seed3,224,0.0,16.488819623449526,16.488819623449526,1051.4050169436086,2.4868995751603507e-14,1067.893836567058,7.431964,1034.283229,0.0,1041.715193
2026-07-16_ttft_component_regression/phase1/input8000_rate2p5_reuse00_seed3,237,0.19097527407226486,19.072937102274043,19.26391237634631,1051.4050169436086,2.4868995751603507e-14,1070.668929319955,112.7943,1030.359035,0.0,1143.153335
2026-07-16_ttft_component_regression/phase1/input8000_rate2p5_reuse00_seed3,223,0.03817101789262002,15.033495902313645,15.071666920206265,1051.4050169436086,2.4868995751603507e-14,1066.476683863815,18.187239,1008.381891,0.0,1026.56913
2026-07-16_ttft_component_regression/phase1/input8000_rate2p5_reuse00_seed3,253,0.041436764782999014,14.93358640658105,14.975023171364048,1051.4050169436086,2.4868995751603507e-14,1066.3800401149726,19.838718,1004.95594,0.0,1024.794658
2026-07-16_ttft_component_regression/phase1/input8000_rate2p5_reuse00_seed3,285,0.0,6.808272993099926,6.808272993099926,1051.4050169436086,2.4868995751603507e-14,1058.2132899367086,0.457419,979.356471,0.0,979.81389
2026-07-16_ttft_component_regression/phase1/input8000_rate2p5_reuse00_seed3,276,0.006804243393103799,6.359941598629955,6.366745842023058,1051.4050169436086,2.4868995751603507e-14,1057.7717627856316,8.852688,984.411176,0.0,993.263864
2026-07-16_ttft_component_regression/phase1/input8000_rate2p5_reuse00_seed3,292,0.0,11.807561159574893,11.807561159574893,1051.4050169436086,2.4868995751603507e-14,1063.2125781031834,2.641936,986.491091,0.0,989.133027
2026-07-16_ttft_component_regression/phase1/input8000_rate2p5_reuse00_seed3,4,0.017355885325429508,0.5957023302890461,0.6130582156144756,1051.4050169436086,2.4868995751603507e-14,1052.0180751592231,0.074023,936.703457,0.0,936.77748
2026-07-16_ttft_component_regression/phase1/input8000_rate2p5_reuse00_seed3,27,0.0,11.08065636130269,11.08065636130269,1051.4050169436086,2.4868995751603507e-14,1062.4856733049114,13.252514,977.266417,0.0,990.518931
2026-07-16_ttft_component_regression/phase1/input8000_rate2p5_reuse00_seed3,19,0.0,7.2449741451306275,7.2449741451306275,1051.4050169436086,2.4868995751603507e-14,1058.6499910887392,3.757545,967.119484,0.0,970.877029
2026-07-16_ttft_component_regression/phase1/input8000_rate2p5_reuse00_seed3,35,0.020977495369524972,14.105573595640745,14.12655109101027,1051.4050169436086,2.4868995751603507e-14,1065.5315680346189,17.289241,986.981879,0.0,1004.27112
2026-07-16_ttft_component_regression/phase1/input8000_rate2p5_reuse00_seed3,49,0.0,15.522505236533458,15.522505236533458,1051.4050169436086,2.4868995751603507e-14,1066.9275221801422,240.381713,1021.476483,0.0,1261.858196
2026-07-16_ttft_component_regression/phase1/input8000_rate2p5_reuse00_seed3,50,0.0,256.02558082480124,256.02558082480124,1051.4050169436086,2.4868995751603507e-14,1307.4305977684098,850.207782,1316.88708,0.0,2167.094862
2026-07-16_ttft_component_regression/phase1/input8000_rate2p5_reuse00_seed3,69,0.2074586978193179,19.161048247221867,19.368506945041187,1051.4050169436086,2.4868995751603507e-14,1070.7735238886498,17.595787,1025.520459,0.0,1043.116246
2026-07-16_ttft_component_regression/phase1/input8000_rate2p5_reuse00_seed3,56,0.22062945607261025,19.230364115091707,19.450993571164318,1051.4050169436086,2.4868995751603507e-14,1070.856010514773,718.894501,1274.458892,0.0,1993.353393
2026-07-16_ttft_component_regression/phase1/input8000_rate2p5_reuse00_seed3,47,0.03618447594219169,15.086195537477689,15.12238001341988,1051.4050169436086,2.4868995751603507e-14,1066.5273969570285,4.261926,995.081862,0.0,999.343788
2026-07-16_ttft_component_regression/phase1/input8000_rate2p5_reuse00_seed3,88,0.368949742684735,20.52822942358681,20.897179166271545,1051.4050169436086,2.4868995751603507e-14,1072.3021961098802,2.033824,1044.405369,0.0,1046.439193
2026-07-16_ttft_component_regression/phase1/input8000_rate2p5_reuse00_seed3,91,2148.261937971441,21.94257927766078,2170.2045172491016,1051.4050169436086,2.4868995751603507e-14,3221.6095341927103,1109.051263,1036.934076,0.0,2145.985339
2026-07-16_ttft_component_regression/phase1/input8000_rate2p5_reuse00_seed3,121,0.0,16.48952595595631,16.48952595595631,1051.4050169436086,2.4868995751603507e-14,1067.8945428995648,2.370177,1033.975608,0.0,1036.345785
2026-07-16_ttft_component_regression/phase1/input8000_rate2p5_reuse00_seed3,107,0.0,16.251332002920723,16.251332002920723,1051.4050169436086,2.4868995751603507e-14,1067.6563489465293,10.299317,1042.120133,0.0,1052.41945
2026-07-16_ttft_component_regression/phase1/input8000_rate2p5_reuse00_seed3,135,0.0,15.530728383806292,15.530728383806292,1051.4050169436086,2.4868995751603507e-14,1066.935745327415,2.664805,1030.416888,0.0,1033.081693
2026-07-16_ttft_component_regression/phase1/input8000_rate2p5_reuse00_seed3,126,0.0,16.34463832776167,16.34463832776167,1051.4050169436086,2.4868995751603507e-14,1067.7496552713703,238.814329,1316.345118,0.0,1555.159447
2026-07-16_ttft_component_regression/phase1/input8000_rate2p5_reuse00_seed3,150,0.0,16.244585566918897,16.244585566918897,1051.4050169436086,2.4868995751603507e-14,1067.6496025105275,665.463172,1290.566646,0.0,1956.029818
2026-07-16_ttft_component_regression/phase1/input8000_rate2p5_reuse00_seed3,149,0.0,15.526344238686114,15.526344238686114,1051.4050169436086,2.4868995751603507e-14,1066.9313611822947,13.724948,1043.586165,0.0,1057.311113
2026-07-16_ttft_component_regression/phase1/input8000_rate2p5_reuse00_seed3,140,0.0,16.331733338767084,16.331733338767084,1051.4050169436086,2.4868995751603507e-14,1067.7367502823756,4.122129,1032.751341,0.0,1036.87347
2026-07-16_ttft_component_regression/phase1/input8000_rate2p5_reuse00_seed3,154,0.8811470369478512,23.84285770566153,24.72400474260938,1051.4050169436086,0.6219692977832142,1076.7509909840012,18.86872,1052.803914,0.625374,1072.298008
2026-07-16_ttft_component_regression/phase1/input8000_rate2p5_reuse00_seed3,175,2137.9536453185,22.707002111191702,2160.660647429692,1051.4050169436086,2.4868995751603507e-14,3212.0656643733005,1532.3227960000002,1049.367897,0.0,2581.690693
2026-07-16_ttft_component_regression/phase1/input8000_rate2p5_reuse00_seed3,191,0.0,16.49056264201328,16.49056264201328,1051.4050169436086,2.4868995751603507e-14,1067.8955795856218,8.578916,1038.715498,0.0,1047.294414
2026-07-16_ttft_component_regression/phase1/input8000_rate2p5_reuse00_seed3,196,652.7964672769438,22.50598542888184,675.3024527058255,1051.4050169436086,0.6219692977832142,1727.3294389472173,874.4215340000001,1035.104655,0.625374,1910.151563
2026-07-16_ttft_component_regression/phase1/input8000_rate2p5_reuse00_seed3,192,0.0,17.255354993631517,17.255354993631517,1051.4050169436086,2.4868995751603507e-14,1068.6603719372401,235.315373,1335.624345,0.0,1570.939718
2026-07-16_ttft_component_regression/phase1/input8000_rate2p5_reuse00_seed3,193,0.1930643048278547,20.35129679268276,20.544361097510613,1051.4050169436086,2.4868995751603507e-14,1071.9493780411192,453.036247,1306.91944,0.0,1759.955687
2026-07-16_ttft_component_regression/phase1/input8000_rate2p5_reuse00_seed3,217,0.0,15.524640406640458,15.524640406640458,1051.4050169436086,2.4868995751603507e-14,1066.929657350249,17.741743,1036.487481,0.0,1054.229224
2026-07-16_ttft_component_regression/phase1/input8000_rate2p5_reuse00_seed3,225,0.0,17.268458496757845,17.268458496757845,1051.4050169436086,2.4868995751603507e-14,1068.6734754403665,4.544248,1024.841729,0.0,1029.385977
2026-07-16_ttft_component_regression/phase1/input8000_rate2p5_reuse00_seed3,231,0.20733854957660655,21.71426285454455,21.92160140412116,1051.4050169436086,2.4868995751603507e-14,1073.32661834773,13.410702,1046.910484,0.0,1060.321186
2026-07-16_ttft_component_regression/phase1/input8000_rate2p5_reuse00_seed3,245,0.0,15.522505236533458,15.522505236533458,1051.4050169436086,2.4868995751603507e-14,1066.9275221801422,15.04028,1017.30628,0.0,1032.34656
2026-07-16_ttft_component_regression/phase1/input8000_rate2p5_reuse00_seed3,265,0.034760574745833814,13.2162764774913,13.251037052237134,1051.4050169436086,2.4868995751603507e-14,1064.6560539958457,15.204134,997.085355,0.0,1012.289489
2026-07-16_ttft_component_regression/phase1/input8000_rate2p5_reuse00_seed3,273,0.0679442898485696,15.118383777645276,15.186328067493845,1051.4050169436086,2.4868995751603507e-14,1066.5913450111025,16.202328,1006.254536,0.0,1022.456864
2026-07-16_ttft_component_regression/phase1/input8000_rate2p5_reuse00_seed3,3,0.0,7.280025910640319,7.280025910640319,1051.4050169436086,2.4868995751603507e-14,1058.6850428542489,1.665525,966.204988,0.0,967.870513
2026-07-16_ttft_component_regression/phase1/input8000_rate2p5_reuse00_seed3,13,0.02804689047722014,306.8400118349159,306.86805872539315,1051.4050169436086,2.4868995751603507e-14,1358.2730756690019,1352.611834,1298.053078,0.0,2650.664912
2026-07-16_ttft_component_regression/phase1/input8000_rate2p5_reuse00_seed3,0,0.016878514503596603,0.584795010469679,0.6016735249732755,1051.4050169436086,2.4868995751603507e-14,1052.0066904685818,0.0,936.703457,0.0,936.703457
2026-07-16_ttft_component_regression/phase1/input8000_rate2p5_reuse00_seed3,23,0.0,18.354013736991792,18.354013736991792,1051.4050169436086,2.4868995751603507e-14,1069.7590306806005,14.298006,1028.063315,0.0,1042.361321
2026-07-16_ttft_component_regression/phase1/input8000_rate2p5_reuse00_seed3,11,0.022283363535534447,14.929210002146508,14.951493365682042,1051.4050169436086,2.4868995751603507e-14,1066.3565103092908,677.257117,1283.187887,0.0,1960.445004
2026-07-16_ttft_component_regression/phase1/input8000_rate2p5_reuse00_seed3,10,0.0,11.809952872462677,11.809952872462677,1051.4050169436086,2.4868995751603507e-14,1063.2149698160713,10.307929,993.547633,0.0,1003.855562
2026-07-16_ttft_component_regression/phase1/input8000_rate2p5_reuse00_seed3,16,0.0,292.8516913015681,292.8516913015681,1051.4050169436086,2.4868995751603507e-14,1344.2567082451767,1480.914057,1230.185682,0.0,2711.099739
2026-07-16_ttft_component_regression/phase1/input8000_rate2p5_reuse00_seed3,26,0.18789407155804908,21.59775555703537,21.78564962859342,1051.4050169436086,2.4868995751603507e-14,1073.190666572202,98.70416,1286.550682,0.0,1385.254842
2026-07-16_ttft_component_regression/phase1/input8000_rate2p5_reuse00_seed3,61,1379.4189799328285,23.945466720298285,1403.3644466531268,1051.4050169436086,2.4868995751603507e-14,2454.7694635967355,803.2863359999999,1034.607527,0.0,1837.893863
2026-07-16_ttft_component_regression/phase1/input8000_rate2p5_reuse00_seed3,80,1.0074307586669813,22.694198045790134,23.701628804457116,1051.4050169436086,0.6219692977832142,1075.728615045849,353.237119,1353.432717,0.625374,1707.29521
2026-07-16_ttft_component_regression/phase1/input8000_rate2p5_reuse00_seed3,82,0.3005658002714914,312.51155358407823,312.8121193843497,1051.4050169436086,2.4868995751603507e-14,1364.2171363279583,1340.017662,1301.934816,0.0,2641.952478
2026-07-16_ttft_component_regression/phase1/input8000_rate2p5_reuse00_seed3,62,3017.1819681262195,23.994734019095336,3041.1767021453147,1051.4050169436086,2.4868995751603507e-14,4092.5817190889234,2026.7622509999999,1053.296302,0.0,3080.058553
2026-07-16_ttft_component_regression/phase1/input8000_rate2p5_reuse00_seed3,76,0.0,15.601430226956907,15.601430226956907,1051.4050169436086,2.4868995751603507e-14,1067.0064471705655,10.08743,1036.778295,0.0,1046.865725
2026-07-16_ttft_component_regression/phase1/input8000_rate2p5_reuse00_seed3,119,0.07054439900015737,15.042984961316328,15.113529360316486,1051.4050169436086,2.4868995751603507e-14,1066.5185463039252,14.778656,1013.064608,0.0,1027.843264
2026-07-16_ttft_component_regression/phase1/input8000_rate2p5_reuse00_seed3,124,0.0,15.61426858487903,15.61426858487903,1051.4050169436086,2.4868995751603507e-14,1067.0192855284877,5.021176,1035.404603,0.0,1040.425779
2026-07-16_ttft_component_regression/phase1/input8000_rate2p5_reuse00_seed3,130,0.2337082836755544,19.218509037968907,19.45221732164446,1051.4050169436086,2.4868995751603507e-14,1070.857234265253,544.020802,1304.0918,0.0,1848.112602
2026-07-16_ttft_component_regression/phase1/input8000_rate2p5_reuse00_seed3,125,0.0,16.334591623130734,16.334591623130734,1051.4050169436086,2.4868995751603507e-14,1067.7396085667394,622.12326,1337.837535,0.0,1959.960795
2026-07-16_ttft_component_regression/phase1/input8000_rate2p5_reuse00_seed3,142,0.0374741027863551,15.052582861677985,15.09005696446434,1051.4050169436086,2.4868995751603507e-14,1066.495073908073,9.835938,1010.153033,0.0,1019.988971
2026-07-16_ttft_component_regression/phase1/input8000_rate2p5_reuse00_seed3,148,0.0,15.520275227782749,15.520275227782749,1051.4050169436086,2.4868995751603507e-14,1066.9252921713914,9.727319,1020.62093,0.0,1030.348249
2026-07-16_ttft_component_regression/phase1/input8000_rate2p5_reuse00_seed3,152,0.0,17.282814509828135,17.282814509828135,1051.4050169436086,2.4868995751603507e-14,1068.6878314534367,127.450513,1023.909393,0.0,1151.359906
2026-07-16_ttft_component_regression/phase1/input8000_rate2p5_reuse00_seed3,162,0.268670138139324,19.39786755136534,19.666537689504665,1051.4050169436086,2.4868995751603507e-14,1071.0715546331132,14.600034,1029.993693,0.0,1044.593727
2026-07-16_ttft_component_regression/phase1/input8000_rate2p5_reuse00_seed3,200,0.0,16.484879156847835,16.484879156847835,1051.4050169436086,2.4868995751603507e-14,1067.8898961004566,16.442558,1018.676606,0.0,1035.119164
2026-07-16_ttft_component_regression/phase1/input8000_rate2p5_reuse00_seed3,206,0.0,16.356632087523945,16.356632087523945,1051.4050169436086,2.4868995751603507e-14,1067.7616490311325,16.599884,1021.978292,0.0,1038.578176
2026-07-16_ttft_component_regression/phase1/input8000_rate2p5_reuse00_seed3,194,0.0346999780325482,15.122429012271606,15.157128990304155,1051.4050169436086,2.4868995751603507e-14,1066.5621459339127,16.763351,1016.154466,0.0,1032.917817
2026-07-16_ttft_component_regression/phase1/input8000_rate2p5_reuse00_seed3,212,0.30968841808730413,20.414095597453823,20.723784015541128,1051.4050169436086,2.4868995751603507e-14,1072.1288009591499,12.937347,1038.737694,0.0,1051.675041
2026-07-16_ttft_component_regression/phase1/input8000_rate2p5_reuse00_seed3,201,0.0,17.294835209748438,17.294835209748438,1051.4050169436086,2.4868995751603507e-14,1068.6998521533571,124.335951,1026.626898,0.0,1150.962849
2026-07-16_ttft_component_regression/phase1/input8000_rate2p5_reuse00_seed3,230,0.0,18.363591299712716,18.363591299712716,1051.4050169436086,2.4868995751603507e-14,1069.7686082433213,632.339373,1353.875455,0.0,1986.214828
2026-07-16_ttft_component_regression/phase1/input8000_rate2p5_reuse00_seed3,233,0.9630197626822086,24.04137638349956,25.00439614618177,1051.4050169436086,0.6219692977832142,1077.0313823875736,846.717944,1299.239382,0.625374,2146.5827
2026-07-16_ttft_component_regression/phase1/input8000_rate2p5_reuse00_seed3,229,0.0,17.54898515650401,17.54898515650401,1051.4050169436086,2.4868995751603507e-14,1068.9540021001126,3.995776,1033.65174,0.0,1037.647516
2026-07-16_ttft_component_regression/phase1/input8000_rate2p5_reuse00_seed3,246,773.6548646001277,22.62560385929163,796.2804684594194,1051.4050169436086,2.4868995751603507e-14,1847.685485403028,469.46383,1038.686518,0.0,1508.150348
2026-07-16_ttft_component_regression/phase1/input8000_rate2p5_reuse00_seed3,257,750.4058835374854,22.60046933715405,773.0063528746394,1051.4050169436086,2.4868995751603507e-14,1824.4113698182482,635.9324290000001,1032.403742,0.0,1668.336171
2026-07-16_ttft_component_regression/phase1/input8000_rate2p5_reuse00_seed3,244,1387.2483498754266,22.73240323630612,1409.9807531117326,1051.4050169436086,2.4868995751603507e-14,2461.3857700553413,792.509081,1038.466783,0.0,1830.975864
2026-07-16_ttft_component_regression/phase1/input8000_rate2p5_reuse00_seed3,248,4414.986709697373,22.650456576745125,4437.6371662741185,1051.4050169436086,2.4868995751603507e-14,5489.042183217727,2978.0690050000003,1041.101968,0.0,4019.170973
2026-07-16_ttft_component_regression/phase1/input8000_rate2p5_reuse00_seed3,269,0.19823900660514046,19.111952464360716,19.310191470965854,1051.4050169436086,2.4868995751603507e-14,1070.7152084145746,16.272861,1041.151562,0.0,1057.424423
2026-07-16_ttft_component_regression/phase1/input8000_rate2p5_reuse00_seed3,277,515.2747327692405,22.536435484902306,537.8111682541428,1051.4050169436086,2.4868995751603507e-14,1589.2161851977514,407.41418999999996,1043.06832,0.0,1450.48251
2026-07-16_ttft_component_regression/phase1/input8000_rate2p5_reuse00_seed3,281,0.17887422218816942,21.542888318904627,21.721762541092797,1051.4050169436086,2.4868995751603507e-14,1073.1267794847015,20.26667,1045.019199,0.0,1065.285869
2026-07-16_ttft_component_regression/phase1/input8000_rate2p5_reuse00_seed3,295,0.0,17.55515654423611,17.55515654423611,1051.4050169436086,2.4868995751603507e-14,1068.9601734878447,15.64378,1019.156779,0.0,1034.800559
2026-07-16_ttft_component_regression/phase1/input8000_rate2p5_reuse00_seed3,2,0.01628121761496424,0.5715453399947115,0.5878265576096757,1051.4050169436086,2.4868995751603507e-14,1051.9928435012184,0.015593,936.703457,0.0,936.71905
2026-07-16_ttft_component_regression/phase1/input8000_rate2p5_reuse00_seed3,14,0.0,7.297909505479692,7.297909505479692,1051.4050169436086,2.4868995751603507e-14,1058.7029264490884,14.413337,966.584988,0.0,980.998325
2026-07-16_ttft_component_regression/phase1/input8000_rate2p5_reuse00_seed3,25,0.0,11.801005574718564,11.801005574718564,1051.4050169436086,2.4868995751603507e-14,1063.2060225183272,13.533563,977.491025,0.0,991.024588
2026-07-16_ttft_component_regression/phase1/input8000_rate2p5_reuse00_seed3,39,0.026277153203777447,15.874989455258513,15.90126660846229,1051.4050169436086,2.4868995751603507e-14,1067.306283552071,13.26196,993.771142,0.0,1007.033102
2026-07-16_ttft_component_regression/phase1/input8000_rate2p5_reuse00_seed3,29,0.9403301874373146,23.98877652252075,24.929106709958067,1051.4050169436086,0.6219692977832142,1076.9560929513498,8.926058000000001,986.159991,0.625374,995.711423
2026-07-16_ttft_component_regression/phase1/input8000_rate2p5_reuse00_seed3,43,0.0,16.49442513808484,16.49442513808484,1051.4050169436086,2.4868995751603507e-14,1067.8994420816935,13.300564,1020.958883,0.0,1034.259447
2026-07-16_ttft_component_regression/phase1/input8000_rate2p5_reuse00_seed3,45,0.9568826945065019,22.587798084057866,23.544680778564366,1051.4050169436086,0.6219692977832142,1075.571667019956,594.362537,1278.279392,0.625374,1873.267303
2026-07-16_ttft_component_regression/phase1/input8000_rate2p5_reuse00_seed3,57,0.24320970248979232,19.267888651014932,19.511098353504725,1051.4050169436086,2.4868995751603507e-14,1070.9161152971133,177.922062,1021.199825,0.0,1199.121887
2026-07-16_ttft_component_regression/phase1/input8000_rate2p5_reuse00_seed3,52,0.9384515686845364,23.984339240405077,24.922790809089612,1051.4050169436086,0.6219692977832142,1076.9497770504813,20.05985,1013.648578,0.625374,1034.333802
2026-07-16_ttft_component_regression/phase1/input8000_rate2p5_reuse00_seed3,89,3845.1514884464636,21.967405967806272,3867.11889441427,1051.4050169436086,0.6219692977832142,4919.145880655662,6015.146350999999,1045.73883,0.625374,7061.510555
2026-07-16_ttft_component_regression/phase1/input8000_rate2p5_reuse00_seed3,74,1.1050285177751753,22.89431308012088,23.999341597896056,1051.4050169436086,0.6219692977832142,1076.026327839288,15.735862,1041.933566,0.625374,1058.294802
2026-07-16_ttft_component_regression/phase1/input8000_rate2p5_reuse00_seed3,87,3925.858054954759,24.255103612960756,3950.11315856772,1051.4050169436086,0.6219692977832142,5002.140144809111,2425.735306,1039.984023,0.625374,3466.344703
2026-07-16_ttft_component_regression/phase1/input8000_rate2p5_reuse00_seed3,85,1.2584643908692836,381.5501379509012,382.8086023417705,1051.4050169436086,0.6219692977832142,1434.8355885831622,12.372309999999999,1040.668896,0.625374,1053.66658
2026-07-16_ttft_component_regression/phase1/input8000_rate2p5_reuse00_seed3,92,1183.257284848783,24.237297661466645,1207.4945825102498,1051.4050169436086,0.6219692977832142,2259.5215687516416,8544.874549,1047.732158,0.625374,9593.232081
2026-07-16_ttft_component_regression/phase1/input8000_rate2p5_reuse00_seed3,137,1.0230450405377909,22.728189049655263,23.751234090193055,1051.4050169436086,0.6219692977832142,1075.7782203315849,23.806708,1038.89382,0.625374,1063.325902
2026-07-16_ttft_component_regression/phase1/input8000_rate2p5_reuse00_seed3,138,1.0506713891025699,22.78646943752672,23.837140826629287,1051.4050169436086,0.6219692977832142,1075.8641270680212,334.887506,1298.649321,0.625374,1634.162201
2026-07-16_ttft_component_regression/phase1/input8000_rate2p5_reuse00_seed3,161,0.00790393899597729,10.462827594954273,10.47073153395025,1051.4050169436086,2.4868995751603507e-14,1061.875748477559,9.280883,1005.053779,0.0,1014.334662
2026-07-16_ttft_component_regression/phase1/input8000_rate2p5_reuse00_seed3,172,1.14905120332731,24.073195176716126,25.222246380043437,1051.4050169436086,0.6219692977832142,1077.2492326214353,33.610641,1022.287697,0.625374,1056.523712
2026-07-16_ttft_component_regression/phase1/input8000_rate2p5_reuse00_seed3,167,0.05829557163818029,278.7821046094547,278.84040018109283,1051.4050169436086,2.4868995751603507e-14,1330.2454171247014,1950.285384,1257.398411,0.0,3207.683795
2026-07-16_ttft_component_regression/phase1/input8000_rate2p5_reuse00_seed3,181,1.0606306570641735,22.806901801868825,23.867532458933,1051.4050169436086,0.6219692977832142,1075.8945187003249,6.640516,1030.219632,0.625374,1037.485522
2026-07-16_ttft_component_regression/phase1/input8000_rate2p5_reuse00_seed3,166,0.18142401303504802,16.087334162506814,16.268758175541862,1051.4050169436086,2.4868995751603507e-14,1067.6737751191506,971.812805,1337.825749,0.0,2309.638554
2026-07-16_ttft_component_regression/phase1/input8000_rate2p5_reuse00_seed3,165,1.3004290384721395,24.359050888914798,25.659479927386936,1051.4050169436086,0.6219692977832142,1077.6864661687787,164.923966,1295.871316,0.625374,1461.420656
2026-07-16_ttft_component_regression/phase1/input8000_rate2p5_reuse00_seed3,204,0.2102550816501784,19.175845625953443,19.38610070760362,1051.4050169436086,2.4868995751603507e-14,1070.7911176512123,15.672062,1045.358935,0.0,1061.030997
2026-07-16_ttft_component_regression/phase1/input8000_rate2p5_reuse00_seed3,228,0.0,16.471473978093524,16.471473978093524,1051.4050169436086,2.4868995751603507e-14,1067.8764909217023,284.557882,1295.949332,0.0,1580.507214
2026-07-16_ttft_component_regression/phase1/input8000_rate2p5_reuse00_seed3,198,0.24320970248979232,19.267888651014932,19.511098353504725,1051.4050169436086,2.4868995751603507e-14,1070.9161152971133,22.444532,1047.618888,0.0,1070.06342
2026-07-16_ttft_component_regression/phase1/input8000_rate2p5_reuse00_seed3,222,1.0263411266528546,22.735143859083124,23.76148498573598,1051.4050169436086,0.6219692977832142,1075.7884712271277,33.048789,1030.283839,0.625374,1063.958002
2026-07-16_ttft_component_regression/phase1/input8000_rate2p5_reuse00_seed3,238,0.9493170844159731,22.570796748473995,23.52011383288997,1051.4050169436086,0.6219692977832142,1075.5471000742818,197.950433,1300.583373,0.625374,1499.15918
2026-07-16_ttft_component_regression/phase1/input8000_rate2p5_reuse00_seed3,220,0.033006552958756166,15.160943703776613,15.19395025673537,1051.4050169436086,2.4868995751603507e-14,1066.598967200344,5.020682,1004.905056,0.0,1009.925738
2026-07-16_ttft_component_regression/phase1/input8000_rate2p5_reuse00_seed3,226,0.01708154087494576,16.131201934337856,16.1482834752128,1051.4050169436086,2.4868995751603507e-14,1067.5533004188214,9.251345,1032.709965,0.0,1041.96131
2026-07-16_ttft_component_regression/phase1/input8000_rate2p5_reuse00_seed3,236,0.9682882640295609,356.36529206239175,357.3335803264213,1051.4050169436086,0.6219692977832142,1409.360566567813,23.446275,1036.119275,0.625374,1060.190924
2026-07-16_ttft_component_regression/phase1/input8000_rate2p5_reuse00_seed3,270,652.5138949221677,22.715499987377395,675.229394909545,1051.4050169436086,0.6219692977832142,1727.256381150937,461.380544,1037.582856,0.625374,1499.588774
2026-07-16_ttft_component_regression/phase1/input8000_rate2p5_reuse00_seed3,264,628.1529745307508,22.61725673051895,650.7702312612698,1051.4050169436086,0.6219692977832142,1702.7972175026616,582.514986,1042.588727,0.625374,1625.729087
2026-07-16_ttft_component_regression/phase1/input8000_rate2p5_reuse00_seed3,275,2279.371700698965,22.65972276737615,2302.031423466341,1051.4050169436086,0.6219692977832142,3354.058409707733,1283.313175,1041.351307,0.625374,2325.289856
2026-07-16_ttft_component_regression/phase1/input8000_rate2p5_reuse00_seed3,287,0.8975973873979212,23.884696606961864,24.782293994359787,1051.4050169436086,0.6219692977832142,1076.8092802357517,13.68625,1020.528757,0.625374,1034.840381
2026-07-16_ttft_component_regression/phase1/input8000_rate2p5_reuse00_seed3,283,0.0,16.4839439360235,16.4839439360235,1051.4050169436086,2.4868995751603507e-14,1067.8889608796321,3.111696,1017.039912,0.0,1020.151608
2026-07-16_ttft_component_regression/phase1/input8000_rate2p5_reuse00_seed3,1,0.01586808710073337,0.5626164847796692,0.5784845718804026,1051.4050169436086,2.4868995751603507e-14,1051.983501515489,2.313429,936.703457,0.0,939.016886
2026-07-16_ttft_component_regression/phase1/input8000_rate2p5_reuse00_seed3,15,0.021556119231221436,14.879352200784556,14.900908320015777,1051.4050169436086,2.4868995751603507e-14,1066.3059252636244,7.128809,985.725943,0.0,992.854752
2026-07-16_ttft_component_regression/phase1/input8000_rate2p5_reuse00_seed3,22,0.0,17.55344040354759,17.55344040354759,1051.4050169436086,2.4868995751603507e-14,1068.9584573471561,59.2249,1264.199231,0.0,1323.424131
2026-07-16_ttft_component_regression/phase1/input8000_rate2p5_reuse00_seed3,6,0.0,7.28904157895164,7.28904157895164,1051.4050169436086,2.4868995751603507e-14,1058.6940585225602,14.024539,983.313857,0.0,997.338396
2026-07-16_ttft_component_regression/phase1/input8000_rate2p5_reuse00_seed3,7,0.0,11.807561159574893,11.807561159574893,1051.4050169436086,2.4868995751603507e-14,1063.2125781031834,513.090702,1229.843609,0.0,1742.934311
2026-07-16_ttft_component_regression/phase1/input8000_rate2p5_reuse00_seed3,34,0.0,17.24252721261433,17.24252721261433,1051.4050169436086,2.4868995751603507e-14,1068.647544156223,10.531357,1013.463266,0.0,1023.994623
2026-07-16_ttft_component_regression/phase1/input8000_rate2p5_reuse00_seed3,20,0.02700664190019001,16.967118003068183,16.994124644968373,1051.4050169436086,2.4868995751603507e-14,1068.399141588577,16.591907,1008.212711,0.0,1024.804618
2026-07-16_ttft_component_regression/phase1/input8000_rate2p5_reuse00_seed3,44,0.18031848428595867,20.27850649405237,20.458824978338328,1051.4050169436086,2.4868995751603507e-14,1071.863841921947,2.297501,1022.870257,0.0,1025.167758
2026-07-16_ttft_component_regression/phase1/input8000_rate2p5_reuse00_seed3,55,0.19490980875596353,20.361754659283232,20.556664468039195,1051.4050169436086,2.4868995751603507e-14,1071.9616814116478,18.291462,1026.064073,0.0,1044.355535
2026-07-16_ttft_component_regression/phase1/input8000_rate2p5_reuse00_seed3,65,385.0949123832975,24.281559458573405,409.3764718418709,1051.4050169436086,2.4868995751603507e-14,1460.7814887854795,393.93598699999995,1043.211902,0.0,1437.147889
2026-07-16_ttft_component_regression/phase1/input8000_rate2p5_reuse00_seed3,90,400.9451895787048,22.106731253006483,423.0519208317113,1051.4050169436086,2.4868995751603507e-14,1474.45693777532,303.42779,1036.307599,0.0,1339.735389
2026-07-16_ttft_component_regression/phase1/input8000_rate2p5_reuse00_seed3,79,7150.907855014599,22.88263816256048,7173.790493177159,1051.4050169436086,2.4868995751603507e-14,8225.195510120768,149.539749,1046.280442,0.0,1195.820191
2026-07-16_ttft_component_regression/phase1/input8000_rate2p5_reuse00_seed3,73,0.2399825456283598,19.330485682489332,19.570468228117694,1051.4050169436086,2.4868995751603507e-14,1070.9754851717264,16.931381,1052.09038,0.0,1069.021761
2026-07-16_ttft_component_regression/phase1/input8000_rate2p5_reuse00_seed3,99,0.0,16.370875241473595,16.370875241473595,1051.4050169436086,2.4868995751603507e-14,1067.7758921850823,19.530937,1035.337962,0.0,1054.868899
2026-07-16_ttft_component_regression/phase1/input8000_rate2p5_reuse00_seed3,113,0.22540817853316794,19.255277070638638,19.480685249171806,1051.4050169436086,2.4868995751603507e-14,1070.8857021927804,18.616054,1055.89974,0.0,1074.515794
2026-07-16_ttft_component_regression/phase1/input8000_rate2p5_reuse00_seed3,136,0.21494710074914308,19.20057645629857,19.415523557047713,1051.4050169436086,2.4868995751603507e-14,1070.8205405006563,24.840261,1053.318753,0.0,1078.159014
2026-07-16_ttft_component_regression/phase1/input8000_rate2p5_reuse00_seed3,147,0.0,15.527976862971915,15.527976862971915,1051.4050169436086,2.4868995751603507e-14,1066.9329938065805,5.440387,1014.528104,0.0,1019.968491
2026-07-16_ttft_component_regression/phase1/input8000_rate2p5_reuse00_seed3,132,0.0,17.277459142004354,17.277459142004354,1051.4050169436086,2.4868995751603507e-14,1068.682476085613,12.978635,1028.629147,0.0,1041.607782
2026-07-16_ttft_component_regression/phase1/input8000_rate2p5_reuse00_seed3,170,0.06371729276932482,13.23694680538673,13.300664098156055,1051.4050169436086,2.4868995751603507e-14,1064.7056810417646,6.605989,996.595926,0.0,1003.201915
2026-07-16_ttft_component_regression/phase1/input8000_rate2p5_reuse00_seed3,239,0.05811129508439025,0.41108160354900247,0.46919289863339275,1051.4050169436086,2.4868995751603507e-14,1051.874209842242,0.002901,954.498872,0.0,954.501773
2026-07-16_ttft_component_regression/phase1/input8000_rate2p5_reuse00_seed3,258,0.007132400941525561,6.366165753765249,6.373298154706775,1051.4050169436086,2.4868995751603507e-14,1057.7783150983155,8.806974,984.190603,0.0,992.997577
2026-07-16_ttft_component_regression/phase1/input8000_rate2p5_reuse00_seed3,289,0.0,6.795320907413278,6.795320907413278,1051.4050169436086,2.4868995751603507e-14,1058.200337851022,13.284753,955.257015,0.0,968.541768
2026-07-16_ttft_component_regression/phase1/input8000_rate2p5_reuse00_seed3,297,0.024957347328072157,17.031794189922294,17.056751537250367,1051.4050169436086,2.4868995751603507e-14,1068.461768480859,20.173335,1001.674331,0.0,1021.847666
2026-07-16_ttft_component_regression/phase1/input8000_rate2p5_reuse00_seed3,288,0.014736797990175746,0.5043755082779386,0.5191123062681144,1051.4050169436086,2.4868995751603507e-14,1051.9241292498768,0.013077,952.655922,0.0,952.668999
2026-07-16_ttft_component_regression/phase1/input8000_rate2p5_reuse00_seed3,291,0.0,11.079308362388089,11.079308362388089,1051.4050169436086,2.4868995751603507e-14,1062.4843253059967,190.967816,1003.343924,0.0,1194.31174
2026-07-16_ttft_component_regression/phase1/input8000_rate2p5_reuse00_seed3,294,0.023915339811302963,15.044285919797353,15.068201259608657,1051.4050169436086,2.4868995751603507e-14,1066.4732182032174,20.321922,1003.93891,0.0,1024.260832
2026-07-16_ttft_component_regression/phase1/input8000_rate2p5_reuse00_seed3,8,0.01744915028297327,0.5978689609196248,0.615318111202598,1051.4050169436086,2.4868995751603507e-14,1052.0203350548113,0.005455,936.703457,0.0,936.708912
2026-07-16_ttft_component_regression/phase1/input8000_rate2p5_reuse00_seed3,28,0.0,6.795320907413278,6.795320907413278,1051.4050169436086,2.4868995751603507e-14,1058.200337851022,16.683578,967.68934,0.0,984.372918
2026-07-16_ttft_component_regression/phase1/input8000_rate2p5_reuse00_seed3,42,0.019548441357134027,14.010801130648266,14.0303495720054,1051.4050169436086,2.4868995751603507e-14,1065.435366515614,11.530319,987.244183,0.0,998.774502
2026-07-16_ttft_component_regression/phase1/input8000_rate2p5_reuse00_seed3,36,0.0,11.078023153195307,11.078023153195307,1051.4050169436086,2.4868995751603507e-14,1062.483040096804,16.367257,977.889137,0.0,994.256394
2026-07-16_ttft_component_regression/phase1/input8000_rate2p5_reuse00_seed3,54,0.025144396219235393,15.913622317261298,15.938766713480534,1051.4050169436086,2.4868995751603507e-14,1067.3437836570893,1.477628,994.572774,0.0,996.050402
2026-07-16_ttft_component_regression/phase1/input8000_rate2p5_reuse00_seed3,67,1.2694324531905117,24.299025473774087,25.568457926964598,1051.4050169436086,0.6219692977832142,1077.5954441683564,7.538906,993.97623,0.625374,1002.14051
2026-07-16_ttft_component_regression/phase1/input8000_rate2p5_reuse00_seed3,71,0.0,16.313676495068798,16.313676495068798,1051.4050169436086,2.4868995751603507e-14,1067.7186934386775,527.183418,1268.99999,0.0,1796.183408
2026-07-16_ttft_component_regression/phase1/input8000_rate2p5_reuse00_seed3,81,0.20616052002697824,19.072616956795745,19.27877747682272,1051.4050169436086,2.4868995751603507e-14,1070.6837944204315,521.706661,1299.850337,0.0,1821.556998
2026-07-16_ttft_component_regression/phase1/input8000_rate2p5_reuse00_seed3,78,0.0,16.31446055526761,16.31446055526761,1051.4050169436086,2.4868995751603507e-14,1067.7194774988764,21.232243,1032.188615,0.0,1053.420858
2026-07-16_ttft_component_regression/phase1/input8000_rate2p5_reuse00_seed3,70,0.0,15.615696073143386,15.615696073143386,1051.4050169436086,2.4868995751603507e-14,1067.020713016752,12.195623,1021.682243,0.0,1033.877866
2026-07-16_ttft_component_regression/phase1/input8000_rate2p5_reuse00_seed3,109,0.9913047717144332,22.662775571928243,23.654080343642676,1051.4050169436086,0.6219692977832142,1075.6810665850344,5.383101999999999,1032.808243,0.625374,1038.816719
2026-07-16_ttft_component_regression/phase1/input8000_rate2p5_reuse00_seed3,118,0.1964152332081564,19.020026265015687,19.216441498223844,1051.4050169436086,2.4868995751603507e-14,1070.6214584418326,13.503941,1038.48902,0.0,1051.992961
2026-07-16_ttft_component_regression/phase1/input8000_rate2p5_reuse00_seed3,111,0.0,16.219221078238817,16.219221078238817,1051.4050169436086,2.4868995751603507e-14,1067.6242380218475,3.36553,1038.599005,0.0,1041.964535
2026-07-16_ttft_component_regression/phase1/input8000_rate2p5_reuse00_seed3,128,0.1715090353465359,18.966909784349035,19.13841881969557,1051.4050169436086,2.4868995751603507e-14,1070.5434357633042,8.572457,1035.299023,0.0,1043.87148
2026-07-16_ttft_component_regression/phase1/input8000_rate2p5_reuse00_seed3,151,0.0,17.237073100736893,17.237073100736893,1051.4050169436086,2.4868995751603507e-14,1068.6420900443454,20.299873,1024.511663,0.0,1044.811536
2026-07-16_ttft_component_regression/phase1/input8000_rate2p5_reuse00_seed3,146,0.0,15.531018764813052,15.531018764813052,1051.4050169436086,2.4868995751603507e-14,1066.9360357084217,556.021532,1293.10109,0.0,1849.122622
2026-07-16_ttft_component_regression/phase1/input8000_rate2p5_reuse00_seed3,156,0.17850169571421862,19.005244270294753,19.18374596600897,1051.4050169436086,2.4868995751603507e-14,1070.5887629096176,8.873966,1031.331067,0.0,1040.205033
2026-07-16_ttft_component_regression/phase1/input8000_rate2p5_reuse00_seed3,145,0.040432370570228214,14.966373493724245,15.006805864294472,1051.4050169436086,2.4868995751603507e-14,1066.411822807903,11.475391,1034.560231,0.0,1046.035622
2026-07-16_ttft_component_regression/phase1/input8000_rate2p5_reuse00_seed3,188,0.0,6.808272993099926,6.808272993099926,1051.4050169436086,2.4868995751603507e-14,1058.2132899367086,8.463723,978.702044,0.0,987.165767
2026-07-16_ttft_component_regression/phase1/input8000_rate2p5_reuse00_seed3,203,0.03660362755029345,6.411623945241585,6.448227572791879,1051.4050169436086,2.4868995751603507e-14,1057.8532445164005,5.021406,980.272639,0.0,985.294045
2026-07-16_ttft_component_regression/phase1/input8000_rate2p5_reuse00_seed3,243,0.05747089356356518,0.39911528877592545,0.4565861823394906,1051.4050169436086,2.4868995751603507e-14,1051.861603125948,0.008843,951.130719,0.0,951.139562
2026-07-16_ttft_component_regression/phase1/input8000_rate2p5_reuse00_seed3,249,0.009317922134643934,6.4058136291136565,6.4151315512483,1051.4050169436086,2.4868995751603507e-14,1057.820148494857,16.914832,976.058548,0.0,992.97338
2026-07-16_ttft_component_regression/phase1/input8000_rate2p5_reuse00_seed3,255,0.03265060486870789,13.089658801825978,13.122309406694686,1051.4050169436086,2.4868995751603507e-14,1064.5273263503034,15.206063,1010.06939,0.0,1025.275453
2026-07-16_ttft_component_regression/phase1/input8000_rate2p5_reuse00_seed3,263,0.0,15.531018764813052,15.531018764813052,1051.4050169436086,2.4868995751603507e-14,1066.9360357084217,110.583038,1010.642435,0.0,1121.225473
2026-07-16_ttft_component_regression/phase1/input8000_rate2p5_reuse00_seed3,252,0.0,10.405189973577667,10.405189973577667,1051.4050169436086,2.4868995751603507e-14,1061.8102069171864,7.265499,992.319203,0.0,999.584702
2026-07-16_ttft_component_regression/phase1/input8000_rate2p5_reuse00_seed3,259,0.040175198233003466,14.974449804810767,15.01462500304377,1051.4050169436086,2.4868995751603507e-14,1066.4196419466525,72.371863,1010.451929,0.0,1082.823792
2026-07-16_ttft_component_regression/phase1/input8000_rate2p5_reuse00_seed3,293,0.0,11.814782204237309,11.814782204237309,1051.4050169436086,2.4868995751603507e-14,1063.219799147846,14.948832,991.181151,0.0,1006.129983
2026-07-16_ttft_component_regression/phase1/input8000_rate2p5_reuse00_seed3,296,0.024316372993971058,15.073287154583921,15.097603527577892,1051.4050169436086,2.4868995751603507e-14,1066.5026204711864,8.45816,1000.509642,0.0,1008.967802
2026-07-16_ttft_component_regression/phase1/input8000_rate2p5_reuse00_seed3,24,0.0,7.2685550707676985,7.2685550707676985,1051.4050169436086,2.4868995751603507e-14,1058.6735720143763,4.391793,966.163356,0.0,970.555149
2026-07-16_ttft_component_regression/phase1/input8000_rate2p5_reuse00_seed3,21,0.01744915028297327,0.5978689609196248,0.615318111202598,1051.4050169436086,2.4868995751603507e-14,1052.0203350548113,0.014397,936.703457,0.0,936.717854
2026-07-16_ttft_component_regression/phase1/input8000_rate2p5_reuse00_seed3,33,0.0,11.079308362388089,11.079308362388089,1051.4050169436086,2.4868995751603507e-14,1062.4843253059967,1.383877,976.722865,0.0,978.106742
2026-07-16_ttft_component_regression/phase1/input8000_rate2p5_reuse00_seed3,46,0.03789395027760564,15.041166226852122,15.079060177129728,1051.4050169436086,2.4868995751603507e-14,1066.4840771207384,17.931474,993.509734,0.0,1011.441208
2026-07-16_ttft_component_regression/phase1/input8000_rate2p5_reuse00_seed3,38,0.021279365775517037,14.126023398850085,14.147302764625602,1051.4050169436086,2.4868995751603507e-14,1065.5523197082343,10.512882,986.020055,0.0,996.532937
2026-07-16_ttft_component_regression/phase1/input8000_rate2p5_reuse00_seed3,48,0.0,15.5228677976592,15.5228677976592,1051.4050169436086,2.4868995751603507e-14,1066.927884741268,22.135971,1004.363876,0.0,1026.499847
2026-07-16_ttft_component_regression/phase1/input8000_rate2p5_reuse00_seed3,58,0.0,17.27864239356983,17.27864239356983,1051.4050169436086,2.4868995751603507e-14,1068.6836593371784,8.704638,1013.89197,0.0,1022.596608
2026-07-16_ttft_component_regression/phase1/input8000_rate2p5_reuse00_seed3,63,0.3158463765878272,20.44575059146751,20.76159696805534,1051.4050169436086,2.4868995751603507e-14,1072.166613911664,3.417843,1021.970897,0.0,1025.38874
2026-07-16_ttft_component_regression/phase1/input8000_rate2p5_reuse00_seed3,95,75.36336591110212,24.337813288731777,99.7011791998339,1051.4050169436086,2.4868995751603507e-14,1151.1061961434425,65.20819,1052.634579,0.0,1117.842769
2026-07-16_ttft_component_regression/phase1/input8000_rate2p5_reuse00_seed3,84,1.2782456545962573,24.316352519276776,25.594598173873035,1051.4050169436086,0.6219692977832142,1077.6215844152648,20.036505000000002,1030.08847,0.625374,1050.750349
2026-07-16_ttft_component_regression/phase1/input8000_rate2p5_reuse00_seed3,104,755.1899878221684,22.654570919686144,777.8445587418546,1051.4050169436086,2.4868995751603507e-14,1829.2495756854632,719.655627,1038.997232,0.0,1758.652859
2026-07-16_ttft_component_regression/phase1/input8000_rate2p5_reuse00_seed3,94,956.146831568317,24.066510271290742,980.2133418396078,1051.4050169436086,0.6219692977832142,2032.2403280809997,4002.149312,1051.161116,0.625374,5053.935802
2026-07-16_ttft_component_regression/phase1/input8000_rate2p5_reuse00_seed3,117,0.2499565121205753,19.3026627152802,19.552619227400776,1051.4050169436086,2.4868995751603507e-14,1070.9576361710094,8.929572,1047.780566,0.0,1056.710138
2026-07-16_ttft_component_regression/phase1/input8000_rate2p5_reuse00_seed3,143,0.0,15.525330328814775,15.525330328814775,1051.4050169436086,2.4868995751603507e-14,1066.9303472724234,10.673172,1015.901396,0.0,1026.574568
2026-07-16_ttft_component_regression/phase1/input8000_rate2p5_reuse00_seed3,158,0.06447083413024919,13.281704435608756,13.346175269739005,1051.4050169436086,2.4868995751603507e-14,1064.7511922133476,0.262339,1001.426676,0.0,1001.689015
2026-07-16_ttft_component_regression/phase1/input8000_rate2p5_reuse00_seed3,163,1.0774151793930666,23.918187662993127,24.995602842386194,1051.4050169436086,0.6219692977832142,1077.022589083778,306.077665,1286.426654,0.625374,1593.129693
2026-07-16_ttft_component_regression/phase1/input8000_rate2p5_reuse00_seed3,160,0.9746675316212171,22.620375144271986,23.595042675893204,1051.4050169436086,0.6219692977832142,1075.622028917285,134.249107,1020.023465,0.625374,1154.897946
2026-07-16_ttft_component_regression/phase1/input8000_rate2p5_reuse00_seed3,168,1.0574079572120751,23.87210466680287,24.929512624014944,1051.4050169436086,0.6219692977832142,1076.9564988654067,167.862028,1018.989205,0.625374,1187.476607
2026-07-16_ttft_component_regression/phase1/input8000_rate2p5_reuse00_seed3,176,0.0,15.601032937368208,15.601032937368208,1051.4050169436086,2.4868995751603507e-14,1067.006049880977,3.00467,1012.032352,0.0,1015.037022
2026-07-16_ttft_component_regression/phase1/input8000_rate2p5_reuse00_seed3,189,0.0,17.279105912939805,17.279105912939805,1051.4050169436086,2.4868995751603507e-14,1068.6841228565484,2.768176,1041.601259,0.0,1044.369435
2026-07-16_ttft_component_regression/phase1/input8000_rate2p5_reuse00_seed3,197,0.22733075245724693,19.265264657812047,19.492595410269292,1051.4050169436086,2.4868995751603507e-14,1070.897612353878,8.752143,1047.86707,0.0,1056.619213
2026-07-16_ttft_component_regression/phase1/input8000_rate2p5_reuse00_seed3,210,0.21683491486002054,19.21049240907602,19.42732732393604,1051.4050169436086,2.4868995751603507e-14,1070.8323442675446,3.029195,1054.91439,0.0,1057.943585
2026-07-16_ttft_component_regression/phase1/input8000_rate2p5_reuse00_seed3,216,0.22733075245724693,19.265264657812047,19.492595410269292,1051.4050169436086,2.4868995751603507e-14,1070.897612353878,24.271582,1050.067329,0.0,1074.338911
2026-07-16_ttft_component_regression/phase1/input8000_rate2p5_reuse00_seed3,218,0.23216497120478152,19.29028852459484,19.52245349579962,1051.4050169436086,2.4868995751603507e-14,1070.9274704394084,108.969851,1044.224475,0.0,1153.194326
2026-07-16_ttft_component_regression/phase1/input8000_rate2p5_reuse00_seed3,235,0.0,15.525330328814775,15.525330328814775,1051.4050169436086,2.4868995751603507e-14,1066.9303472724234,1.174779,1016.727992,0.0,1017.902771
2026-07-16_ttft_component_regression/phase1/input8000_rate2p5_reuse00_seed3,241,0.2074586978193179,19.161048247221867,19.368506945041187,1051.4050169436086,2.4868995751603507e-14,1070.7735238886498,114.238203,1031.85623,0.0,1146.094433
2026-07-16_ttft_component_regression/phase1/input8000_rate2p5_reuse00_seed3,240,1.1234610766068898,22.928859889965825,24.052320966572715,1051.4050169436086,0.6219692977832142,1076.0793072079646,2.345621,1036.155889,0.625374,1039.126884
2026-07-16_ttft_component_regression/phase1/input8000_rate2p5_reuse00_seed3,266,1.0322399834184492,22.746941305325524,23.779181288743974,1051.4050169436086,0.6219692977832142,1075.8061675301358,20.945406,1063.394033,0.625374,1084.964813
2026-07-16_ttft_component_regression/phase1/input8000_rate2p5_reuse00_seed3,261,0.0,15.52498675298923,15.52498675298923,1051.4050169436086,2.4868995751603507e-14,1066.9300036965979,22.63313,1018.095382,0.0,1040.728512
2026-07-16_ttft_component_regression/phase1/input8000_rate2p5_reuse00_seed3,267,1.028764835867187,24.183592788802542,25.21235762466973,1051.4050169436086,0.6219692977832142,1077.2393438660615,420.21754200000004,1320.497409,0.625374,1741.340325
2026-07-16_ttft_component_regression/phase1/input8000_rate2p5_reuse00_seed3,284,0.0,16.492551850972617,16.492551850972617,1051.4050169436086,2.4868995751603507e-14,1067.8975687945813,76.710847,1343.723578,0.0,1420.434425
2026-07-16_ttft_component_regression/phase1/input8000_rate2p5_reuse00_seed3,282,0.024494441547031124,15.934640394729959,15.95913483627699,1051.4050169436086,2.4868995751603507e-14,1067.3641517798856,0.541278,1023.962263,0.0,1024.503541
2026-07-16_ttft_component_regression/phase1/input8000_rate2p5_reuse00_seed3,286,0.0,17.248273998652127,17.248273998652127,1051.4050169436086,2.4868995751603507e-14,1068.6532909422608,251.396037,1285.759647,0.0,1537.155684
2026-07-16_ttft_component_regression/phase1/input8000_rate2p5_reuse00_seed3,298,0.0,18.354013736991792,18.354013736991792,1051.4050169436086,2.4868995751603507e-14,1069.7590306806005,24.331815,1038.965169,0.0,1063.296984
2026-07-16_ttft_component_regression/phase1/input8000_rate2p5_reuse00_seed3,9,0.01628121761496424,0.5715453399947115,0.5878265576096757,1051.4050169436086,2.4868995751603507e-14,1051.9928435012184,0.018114,936.703457,0.0,936.721571
2026-07-16_ttft_component_regression/phase1/input8000_rate2p5_reuse00_seed3,32,0.0,6.8312123668786775,6.8312123668786775,1051.4050169436086,2.4868995751603507e-14,1058.2362293104873,17.241235,967.68934,0.0,984.930575
2026-07-16_ttft_component_regression/phase1/input8000_rate2p5_reuse00_seed3,41,0.01808801023560344,13.917169250457686,13.93525726069329,1051.4050169436086,2.4868995751603507e-14,1065.340274204302,187.191504,986.380215,0.0,1173.571719
2026-07-16_ttft_component_regression/phase1/input8000_rate2p5_reuse00_seed3,40,0.0,11.070023931581797,11.070023931581797,1051.4050169436086,2.4868995751603507e-14,1062.4750408751904,9.415624,977.881905,0.0,987.297529
2026-07-16_ttft_component_regression/phase1/input8000_rate2p5_reuse00_seed3,59,1.0996598007693703,23.96798180358227,25.06764160435164,1051.4050169436086,0.6219692977832142,1077.0946278457434,6.023421999999999,993.181542,0.625374,999.830338
2026-07-16_ttft_component_regression/phase1/input8000_rate2p5_reuse00_seed3,51,0.01861301623463223,13.950473764353754,13.969086780588386,1051.4050169436086,2.4868995751603507e-14,1065.374103724197,2.387663,986.432951,0.0,988.820614
2026-07-16_ttft_component_regression/phase1/input8000_rate2p5_reuse00_seed3,66,0.05829557163818029,16.66339000238244,16.72168557402062,1051.4050169436086,2.4868995751603507e-14,1068.1267025176292,12.152982,1004.392004,0.0,1016.544986
2026-07-16_ttft_component_regression/phase1/input8000_rate2p5_reuse00_seed3,77,1.058634906908991,22.802831717617458,23.86146662452645,1051.4050169436086,0.6219692977832142,1075.8884528659182,9.307697999999998,1005.811748,0.625374,1015.74482
2026-07-16_ttft_component_regression/phase1/input8000_rate2p5_reuse00_seed3,106,0.03898846314367562,15.010199746699982,15.049188209843658,1051.4050169436086,2.4868995751603507e-14,1066.4542051534522,152.351191,1271.808274,0.0,1424.159465
2026-07-16_ttft_component_regression/phase1/input8000_rate2p5_reuse00_seed3,105,0.035071491830524125,13.23545941797755,13.270530909808073,1051.4050169436086,2.4868995751603507e-14,1064.6755478534167,4.271349,1015.689697,0.0,1019.961046
2026-07-16_ttft_component_regression/phase1/input8000_rate2p5_reuse00_seed3,112,0.039653673192492175,14.990458375115823,15.030112048308315,1051.4050169436086,2.4868995751603507e-14,1066.435128991917,10.322213,1038.218267,0.0,1048.54048
2026-07-16_ttft_component_regression/phase1/input8000_rate2p5_reuse00_seed3,116,1.0427390736362165,22.76997725677873,23.812716330414947,1051.4050169436086,0.6219692977832142,1075.8397025718068,870.140108,1276.118042,0.625374,2146.883524
2026-07-16_ttft_component_regression/phase1/input8000_rate2p5_reuse00_seed3,115,1.0626283542176653,22.810963641437397,23.87359199565506,1051.4050169436086,0.6219692977832142,1075.9005782370468,206.547174,1334.136145,0.625374,1541.308693
2026-07-16_ttft_component_regression/phase1/input8000_rate2p5_reuse00_seed3,144,0.0,15.532694430208783,15.532694430208783,1051.4050169436086,2.4868995751603507e-14,1066.9377113738174,16.586997,1034.174072,0.0,1050.761069
2026-07-16_ttft_component_regression/phase1/input8000_rate2p5_reuse00_seed3,159,0.2262224715381205,295.08641630738026,295.31263877891837,1051.4050169436086,2.4868995751603507e-14,1346.717655722527,1336.379986,1299.15713,0.0,2635.537116
2026-07-16_ttft_component_regression/phase1/input8000_rate2p5_reuse00_seed3,177,0.0,16.33851386876689,16.33851386876689,1051.4050169436086,2.4868995751603507e-14,1067.7435308123756,0.563809,1020.750819,0.0,1021.314628
2026-07-16_ttft_component_regression/phase1/input8000_rate2p5_reuse00_seed3,155,0.0,15.529838595200708,15.529838595200708,1051.4050169436086,2.4868995751603507e-14,1066.9348555388094,4.283359,1033.621452,0.0,1037.904811
2026-07-16_ttft_component_regression/phase1/input8000_rate2p5_reuse00_seed3,183,0.19641376256759813,19.102176481297608,19.298590243865206,1051.4050169436086,2.4868995751603507e-14,1070.7036071874738,4.13786,1027.62122,0.0,1031.75908
2026-07-16_ttft_component_regression/phase1/input8000_rate2p5_reuse00_seed3,157,0.0,16.33267820044124,16.33267820044124,1051.4050169436086,2.4868995751603507e-14,1067.73769514405,355.497726,1353.684151,0.0,1709.181877
2026-07-16_ttft_component_regression/phase1/input8000_rate2p5_reuse00_seed3,171,0.23559572615725224,19.228356323385537,19.46395204954279,1051.4050169436086,2.4868995751603507e-14,1070.8689689931514,17.749222,1033.677946,0.0,1051.427168
2026-07-16_ttft_component_regression/phase1/input8000_rate2p5_reuse00_seed3,213,0.0,16.258469539471093,16.258469539471093,1051.4050169436086,2.4868995751603507e-14,1067.6634864830799,8.564731,1044.54884,0.0,1053.113571
2026-07-16_ttft_component_regression/phase1/input8000_rate2p5_reuse00_seed3,209,0.9855250090988016,22.650456576745125,23.635981585843926,1051.4050169436086,0.6219692977832142,1075.6629678272357,0.845839,1025.727521,0.625374,1027.198734
2026-07-16_ttft_component_regression/phase1/input8000_rate2p5_reuse00_seed3,215,0.1976896772715817,20.377468449049374,20.575158126320957,1051.4050169436086,2.4868995751603507e-14,1071.9801750699296,120.274286,1327.12255,0.0,1447.396836
2026-07-16_ttft_component_regression/phase1/input8000_rate2p5_reuse00_seed3,234,0.035277917626149465,13.248274585495855,13.283552503122005,1051.4050169436086,2.4868995751603507e-14,1064.6885694467308,8.690694,1002.822781,0.0,1011.513475
2026-07-16_ttft_component_regression/phase1/input8000_rate2p5_reuse00_seed3,242,0.0679442898485696,15.118383777645276,15.186328067493845,1051.4050169436086,2.4868995751603507e-14,1066.5913450111025,4.89747,1001.848149,0.0,1006.745619
2026-07-16_ttft_component_regression/phase1/input8000_rate2p5_reuse00_seed3,250,0.0,15.527005969460646,15.527005969460646,1051.4050169436086,2.4868995751603507e-14,1066.9320229130692,23.701428,1021.048807,0.0,1044.750235
2026-07-16_ttft_component_regression/phase1/input8000_rate2p5_reuse00_seed3,254,0.0,16.246473641245803,16.246473641245803,1051.4050169436086,2.4868995751603507e-14,1067.6514905848544,9.86505,1026.057536,0.0,1035.922586
2026-07-16_ttft_component_regression/phase1/input8000_rate2p5_reuse00_seed3,274,0.0728004593417695,14.96752725860772,15.04032771794949,1051.4050169436086,2.4868995751603507e-14,1066.4453446615582,166.861024,1024.305597,0.0,1191.166621
2026-07-16_ttft_component_regression/phase1/input8000_rate2p5_reuse00_seed3,272,1.0867523391645573,22.859053453860696,23.945805793025254,1051.4050169436086,0.6219692977832142,1075.9727920344171,16.208735,1005.053409,0.625374,1021.887518
2026-07-16_ttft_component_regression/phase1/input8000_rate2p5_reuse00_seed3,279,0.0,17.22702350109723,17.22702350109723,1051.4050169436086,2.4868995751603507e-14,1068.6320404447058,8.280721,1028.171125,0.0,1036.451846
2026-07-16_ttft_component_regression/phase1/input8000_rate2p5_reuse00_seed3,278,0.0,15.533488560434428,15.533488560434428,1051.4050169436086,2.4868995751603507e-14,1066.9385055040432,3.128678,1028.547219,0.0,1031.675897
2026-07-16_ttft_component_regression/phase1/input8000_rate2p5_reuse00_seed3,18,0.0161790588716509,0.5693202440181822,0.5854993028898331,1051.4050169436086,2.4868995751603507e-14,1051.9905162464984,0.003346,936.703457,0.0,936.706803
2026-07-16_ttft_component_regression/phase1/input8000_rate2p5_reuse00_seed3,60,1.1200968646750522,24.012405048427546,25.132501913102598,1051.4050169436086,0.6219692977832142,1077.1594881544943,0.023166,936.703457,0.625374,937.351997
2026-07-16_ttft_component_regression/phase1/input8000_rate2p5_reuse00_seed3,68,0.03806521994437391,6.437478563722972,6.475543783667346,1051.4050169436086,2.4868995751603507e-14,1057.880560727276,2.947063,966.552828,0.0,969.499891
2026-07-16_ttft_component_regression/phase1/input8000_rate2p5_reuse00_seed3,75,1.0915421923813087,23.949985675415412,25.04152786779672,1051.4050169436086,0.6219692977832142,1077.0685141091885,99.275267,1244.523969,0.625374,1344.42461
2026-07-16_ttft_component_regression/phase1/input8000_rate2p5_reuse00_seed3,72,0.0,10.406267437561139,10.406267437561139,1051.4050169436086,2.4868995751603507e-14,1061.8112843811698,12.342382,993.782385,0.0,1006.124767
2026-07-16_ttft_component_regression/phase1/input8000_rate2p5_reuse00_seed3,101,0.9765790514730717,22.624776005046968,23.60135505652004,1051.4050169436086,0.6219692977832142,1075.628341297912,239.320536,1291.982102,0.625374,1531.928012
2026-07-16_ttft_component_regression/phase1/input8000_rate2p5_reuse00_seed3,114,0.978492539198723,22.629169698255634,23.607662237454356,1051.4050169436086,0.6219692977832142,1075.6346484788462,10.940574,1017.966258,0.625374,1029.532206
2026-07-16_ttft_component_regression/phase1/input8000_rate2p5_reuse00_seed3,120,0.0,16.241812138537842,16.241812138537842,1051.4050169436086,2.4868995751603507e-14,1067.6468290821465,12.869779,1042.544843,0.0,1055.414622
2026-07-16_ttft_component_regression/phase1/input8000_rate2p5_reuse00_seed3,131,99.71580493552361,23.825272020800604,123.54107695632422,1051.4050169436086,0.6219692977832142,1175.568063197716,103.683829,1050.900958,0.625374,1155.210161
2026-07-16_ttft_component_regression/phase1/input8000_rate2p5_reuse00_seed3,100,1.0035467963527664,22.68562412673359,23.689170923086355,1051.4050169436086,0.6219692977832142,1075.716157164478,4.792191000000001,1003.766815,0.625374,1009.18438
2026-07-16_ttft_component_regression/phase1/input8000_rate2p5_reuse00_seed3,103,0.0,15.526009091109989,15.526009091109989,1051.4050169436086,2.4868995751603507e-14,1066.9310260347186,578.202795,1245.540995,0.0,1823.74379
2026-07-16_ttft_component_regression/phase1/input8000_rate2p5_reuse00_seed3,122,0.174058352633219,20.24239278576722,20.416451138400436,1051.4050169436086,2.4868995751603507e-14,1071.821468082009,633.025649,1297.961795,0.0,1930.987444
2026-07-16_ttft_component_regression/phase1/input8000_rate2p5_reuse00_seed3,153,0.8630481963421966,23.795671291762496,24.65871948810469,1051.4050169436086,0.6219692977832142,1076.6857057294965,18.721449000000003,1053.285461,0.625374,1072.632284
2026-07-16_ttft_component_regression/phase1/input8000_rate2p5_reuse00_seed3,164,1.0774151793930666,23.918187662993127,24.995602842386194,1051.4050169436086,0.6219692977832142,1077.022589083778,9.27748,1049.223835,0.625374,1059.126689
2026-07-16_ttft_component_regression/phase1/input8000_rate2p5_reuse00_seed3,169,2514.2545285565925,23.806334918407902,2538.0608634750006,1051.4050169436086,2.4868995751603507e-14,3589.4658804186092,1639.553263,1053.264613,0.0,2692.817876
2026-07-16_ttft_component_regression/phase1/input8000_rate2p5_reuse00_seed3,174,619.5830907330553,22.58044895849477,642.1635396915501,1051.4050169436086,2.4868995751603507e-14,1693.5685566351588,627.728747,1044.403711,0.0,1672.132458
2026-07-16_ttft_component_regression/phase1/input8000_rate2p5_reuse00_seed3,185,0.0,15.532962422867321,15.532962422867321,1051.4050169436086,2.4868995751603507e-14,1066.937979366476,1.281916,1019.777788,0.0,1021.059704
2026-07-16_ttft_component_regression/phase1/input8000_rate2p5_reuse00_seed3,187,0.17176862839006252,21.49929526804966,21.671063896439723,1051.4050169436086,2.4868995751603507e-14,1073.0760808400485,577.199583,1298.448958,0.0,1875.648541
2026-07-16_ttft_component_regression/phase1/input8000_rate2p5_reuse00_seed3,179,275.8669198651613,22.64667229758509,298.5135921627464,1051.4050169436086,2.4868995751603507e-14,1349.918609106355,249.963796,1041.462032,0.0,1291.425828
2026-07-16_ttft_component_regression/phase1/input8000_rate2p5_reuse00_seed3,186,0.0,18.34802213209281,18.34802213209281,1051.4050169436086,2.4868995751603507e-14,1069.7530390757015,22.531822,1035.159783,0.0,1057.691605
2026-07-16_ttft_component_regression/phase1/input8000_rate2p5_reuse00_seed3,219,0.0,16.253331068395937,16.253331068395937,1051.4050169436086,2.4868995751603507e-14,1067.6583480120046,14.11182,1054.917827,0.0,1069.029647
2026-07-16_ttft_component_regression/phase1/input8000_rate2p5_reuse00_seed3,211,0.2337082836755544,19.218509037968907,19.45221732164446,1051.4050169436086,2.4868995751603507e-14,1070.857234265253,14.528227,1041.428742,0.0,1055.956969
2026-07-16_ttft_component_regression/phase1/input8000_rate2p5_reuse00_seed3,221,0.2130655801146431,19.190673938240316,19.40373951835496,1051.4050169436086,2.4868995751603507e-14,1070.8087564619636,22.842039,1313.252042,0.0,1336.094081
2026-07-16_ttft_component_regression/phase1/input8000_rate2p5_reuse00_seed3,247,0.034760574745833814,13.2162764774913,13.251037052237134,1051.4050169436086,2.4868995751603507e-14,1064.6560539958457,4.861336,1003.129583,0.0,1007.990919
2026-07-16_ttft_component_regression/phase1/input8000_rate2p5_reuse00_seed3,262,0.0,10.414936691554226,10.414936691554226,1051.4050169436086,2.4868995751603507e-14,1061.8199536351628,6.192848,991.657417,0.0,997.850265
2026-07-16_ttft_component_regression/phase1/input8000_rate2p5_reuse00_seed3,290,0.0,6.797500303659819,6.797500303659819,1051.4050169436086,2.4868995751603507e-14,1058.2025172472684,5.107679,992.966238,0.0,998.073917
2026-07-16_ttft_component_regression/phase1/input8000_rate2p5_reuse00_seed3,299,0.0,7.2731697741260115,7.2731697741260115,1051.4050169436086,2.4868995751603507e-14,1058.6781867177347,14.066995,984.063327,0.0,998.130322
2026-07-16_ttft_component_regression/phase1/input8000_rate2p5_reuse00_seed3,12,0.0,7.266234735044173,7.266234735044173,1051.4050169436086,2.4868995751603507e-14,1058.6712516786529,8.784774,966.30278,0.0,975.087554
2026-07-16_ttft_component_regression/phase1/input8000_rate2p5_reuse00_seed3,17,0.0,11.805438964281242,11.805438964281242,1051.4050169436086,2.4868995751603507e-14,1063.2104559078898,17.034912,976.799569,0.0,993.834481
2026-07-16_ttft_component_regression/phase1/input8000_rate2p5_reuse00_seed3,5,0.01744915028297327,0.5978689609196248,0.615318111202598,1051.4050169436086,2.4868995751603507e-14,1052.0203350548113,0.004816,936.703457,0.0,936.708273
2026-07-16_ttft_component_regression/phase1/input8000_rate2p5_reuse00_seed3,37,0.018821970433229307,13.963838130440191,13.98266010087342,1051.4050169436086,2.4868995751603507e-14,1065.387677044482,0.582655,987.663223,0.0,988.245878
2026-07-16_ttft_component_regression/phase1/input8000_rate2p5_reuse00_seed3,53,0.02436270959702958,15.938806044896422,15.963168754493452,1051.4050169436086,2.4868995751603507e-14,1067.368185698102,17.904294,992.733471,0.0,1010.637765
2026-07-16_ttft_component_regression/phase1/input8000_rate2p5_reuse00_seed3,64,0.11427518108441286,11.19662213784186,11.310897318926273,1051.4050169436086,2.4868995751603507e-14,1062.7159142625349,3.611134,977.506193,0.0,981.117327
2026-07-16_ttft_component_regression/phase1/input8000_rate2p5_reuse00_seed3,83,0.11427518108441286,11.19662213784186,11.310897318926273,1051.4050169436086,2.4868995751603507e-14,1062.7159142625349,18.490857,978.094417,0.0,996.585274
2026-07-16_ttft_component_regression/phase1/input8000_rate2p5_reuse00_seed3,96,0.17586367678838682,14.191451115341753,14.36731479213014,1051.4050169436086,2.4868995751603507e-14,1065.7723317357388,5.93056,987.973559,0.0,993.904119
2026-07-16_ttft_component_regression/phase1/input8000_rate2p5_reuse00_seed3,98,0.0692030858613367,15.083208961725823,15.15241204758716,1051.4050169436086,2.4868995751603507e-14,1066.5574289911958,14.53633,1000.343923,0.0,1014.880253
2026-07-16_ttft_component_regression/phase1/input8000_rate2p5_reuse00_seed3,102,0.0,15.529838595200708,15.529838595200708,1051.4050169436086,2.4868995751603507e-14,1066.9348555388094,13.762385,1027.598299,0.0,1041.360684
2026-07-16_ttft_component_regression/phase1/input8000_rate2p5_reuse00_seed3,108,0.0,16.233908995683883,16.233908995683883,1051.4050169436086,2.4868995751603507e-14,1067.6389259392924,18.583548,1048.486883,0.0,1067.070431
2026-07-16_ttft_component_regression/phase1/input8000_rate2p5_reuse00_seed3,123,0.9230779239473439,354.8107894227432,355.73386734669054,1051.4050169436086,0.6219692977832142,1407.7608535880825,27.448174,1036.650278,0.625374,1064.723826
2026-07-16_ttft_component_regression/phase1/input8000_rate2p5_reuse00_seed3,110,0.19278190432261058,19.082668677231474,19.275450581554086,1051.4050169436086,2.4868995751603507e-14,1070.6804675251628,399.248417,1301.75942,0.0,1701.007837
2026-07-16_ttft_component_regression/phase1/input8000_rate2p5_reuse00_seed3,141,0.16089500550985247,20.165670273803407,20.32656527931326,1051.4050169436086,2.4868995751603507e-14,1071.7315822229218,11.094082,1033.315686,0.0,1044.409768
2026-07-16_ttft_component_regression/phase1/input8000_rate2p5_reuse00_seed3,133,232.7476670378429,23.876747132761956,256.62441417060484,1051.4050169436086,2.4868995751603507e-14,1308.0294311142134,287.97026800000003,1033.349466,0.0,1321.319734
2026-07-16_ttft_component_regression/phase1/input8000_rate2p5_reuse00_seed3,173,0.9518828979411045,22.56701479085505,23.518897688796155,1051.4050169436086,0.6219692977832142,1075.545883930188,13.100702,986.240936,0.625374,999.967012
2026-07-16_ttft_component_regression/phase1/input8000_rate2p5_reuse00_seed3,178,0.9708503968222356,22.61155201952106,23.582402416343296,1051.4050169436086,0.6219692977832142,1075.609388657735,21.162241,997.825481,0.625374,1019.613096
2026-07-16_ttft_component_regression/phase1/input8000_rate2p5_reuse00_seed3,180,0.06974695862527332,15.067263957636857,15.137010916262131,1051.4050169436086,2.4868995751603507e-14,1066.5420278598708,200.687838,1020.596567,0.0,1221.284405
2026-07-16_ttft_component_regression/phase1/input8000_rate2p5_reuse00_seed3,202,0.0,15.612138922658662,15.612138922658662,1051.4050169436086,2.4868995751603507e-14,1067.0171558662673,2.21566,1024.829338,0.0,1027.044998
2026-07-16_ttft_component_regression/phase1/input8000_rate2p5_reuse00_seed3,199,0.1146499934975108,15.95113976434109,16.0657897578386,1051.4050169436086,2.4868995751603507e-14,1067.4708067014471,9.225353,1019.360651,0.0,1028.586004
2026-07-16_ttft_component_regression/phase1/input8000_rate2p5_reuse00_seed3,208,0.18031848428595867,20.27850649405237,20.458824978338328,1051.4050169436086,2.4868995751603507e-14,1071.863841921947,635.687151,1295.341391,0.0,1931.028542
2026-07-16_ttft_component_regression/phase1/input8000_rate2p5_reuse00_seed3,190,0.020164900939488528,14.051282450400308,14.071447351339796,1051.4050169436086,2.4868995751603507e-14,1065.4764642949485,10.312405,1016.109003,0.0,1026.421408
2026-07-16_ttft_component_regression/phase1/input8000_rate2p5_reuse00_seed3,207,0.0,17.25640007820293,17.25640007820293,1051.4050169436086,2.4868995751603507e-14,1068.6614170218115,7.712827,1042.727347,0.0,1050.440174
2026-07-16_ttft_component_regression/phase1/input8000_rate2p5_reuse00_seed3,227,0.0,17.246325583501033,17.246325583501033,1051.4050169436086,2.4868995751603507e-14,1068.6513425271096,10.998511,1044.105165,0.0,1055.103676
2026-07-16_ttft_component_regression/phase1/input8000_rate2p5_reuse00_seed3,251,0.008990566576030838,6.4000812836974745,6.409071850273506,1051.4050169436086,2.4868995751603507e-14,1057.814088793882,17.097023,982.069332,0.0,999.166355
2026-07-16_ttft_component_regression/phase1/input8000_rate2p5_reuse00_seed3,256,0.0,10.402593134308676,10.402593134308676,1051.4050169436086,2.4868995751603507e-14,1061.8076100779174,10.922072,991.010292,0.0,1001.932364
2026-07-16_ttft_component_regression/phase1/input8000_rate2p5_reuse00_seed3,260,0.03297104512740851,13.108506615954488,13.141477661081897,1051.4050169436086,2.4868995751603507e-14,1064.5464946046905,118.019487,1014.782153,0.0,1132.80164
2026-07-16_ttft_component_regression/phase1/input8000_rate2p5_reuse00_seed3,268,0.034343676505131454,13.190774590977265,13.225118267482395,1051.4050169436086,2.4868995751603507e-14,1064.630135211091,2.259586,1011.79574,0.0,1014.055326
2026-07-16_ttft_component_regression/phase1/input8000_rate2p5_reuse00_seed3,280,0.0,16.490220149128163,16.490220149128163,1051.4050169436086,2.4868995751603507e-14,1067.8952370927368,7.329188,1036.553365,0.0,1043.882553
2026-07-16_ttft_component_regression/phase1/input8000_rate2p5_reuse00_seed3,271,0.06808652303427619,15.114523273913939,15.182609796948215,1051.4050169436086,2.4868995751603507e-14,1066.587626740557,0.209412,1011.534781,0.0,1011.744193
2026-07-16_ttft_component_regression/phase1/input8000_rate2p5_reuse00_seed3,30,0.013766047195578309,0.4836943399283509,0.49746038712392926,1051.4050169436086,2.4868995751603507e-14,1051.9024773307326,0.02877,954.519522,0.0,954.548292
2026-07-16_ttft_component_regression/phase1/input8000_rate2p5_reuse00_seed3,31,0.0,6.803989026837071,6.803989026837071,1051.4050169436086,2.4868995751603507e-14,1058.2090059704458,527.753871,1211.748136,0.0,1739.502007
2026-07-16_ttft_component_regression/phase1/input8000_rate2p5_reuse00_seed3,86,0.1684888464977599,0.4960709100381305,0.6645597565358904,1051.4050169436086,2.4868995751603507e-14,1052.0695767001446,0.001347,936.703457,0.0,936.704804
2026-07-16_ttft_component_regression/phase1/input8000_rate2p5_reuse00_seed3,93,0.144716636809755,6.875845715605195,7.02056235241495,1051.4050169436086,2.4868995751603507e-14,1058.4255792960237,16.293309,966.33526,0.0,982.628569
2026-07-16_ttft_component_regression/phase1/input8000_rate2p5_reuse00_seed3,97,0.11421571705954552,11.195981194180742,11.310196911240288,1051.4050169436086,2.4868995751603507e-14,1062.715213854849,3.39314,976.592977,0.0,979.986117
2026-07-16_ttft_component_regression/phase1/input8000_rate2p5_reuse00_seed3,129,0.06542728060113208,13.339639507919534,13.405066788520665,1051.4050169436086,2.4868995751603507e-14,1064.8100837321292,217.571759,1246.745825,0.0,1464.317584
2026-07-16_ttft_component_regression/phase1/input8000_rate2p5_reuse00_seed3,139,0.0,15.60260753807692,15.60260753807692,1051.4050169436086,2.4868995751603507e-14,1067.0076244816855,18.545076,1009.738344,0.0,1028.28342
2026-07-16_ttft_component_regression/phase1/input8000_rate2p5_reuse00_seed3,127,0.0,10.421266062715626,10.421266062715626,1051.4050169436086,2.4868995751603507e-14,1061.8262830063243,8.004892,996.148241,0.0,1004.153133
2026-07-16_ttft_component_regression/phase1/input8000_rate2p5_reuse00_seed3,134,0.11209768391381825,16.019621530127395,16.131719214041212,1051.4050169436086,2.4868995751603507e-14,1067.5367361576498,43.28016,993.62263,0.0,1036.90279
2026-07-16_ttft_component_regression/phase1/input8000_rate2p5_reuse00_seed3,182,0.027852716317322206,0.39208022900479306,0.4199329453221153,1051.4050169436086,2.4868995751603507e-14,1051.8249498889309,0.003392,959.837077,0.0,959.840469
2026-07-16_ttft_component_regression/phase1/input8000_rate2p5_reuse00_seed3,184,0.0078979719830438,6.380416808320117,6.388314780303161,1051.4050169436086,2.4868995751603507e-14,1057.7933317239117,14.293583,980.682651,0.0,994.976234
2026-07-16_ttft_component_regression/phase1/input8000_rate2p5_reuse00_seed3,195,0.0,10.41031732420028,10.41031732420028,1051.4050169436086,2.4868995751603507e-14,1061.815334267809,19.13384,987.066532,0.0,1006.200372
2026-07-16_ttft_component_regression/phase1/input8000_rate2p5_reuse00_seed3,214,0.020164900939488528,14.051282450400308,14.071447351339796,1051.4050169436086,2.4868995751603507e-14,1065.4764642949485,10.200262,996.201945,0.0,1006.402207
2026-07-16_ttft_component_regression/phase1/input8000_rate2p5_reuse00_seed3,205,0.06468460534039187,13.29454155206494,13.359226157405333,1051.4050169436086,2.4868995751603507e-14,1064.764243101014,9.917366,998.520976,0.0,1008.438342
2026-07-16_ttft_component_regression/phase1/input8000_rate2p5_reuse00_seed3,232,0.0,17.248273998652127,17.248273998652127,1051.4050169436086,2.4868995751603507e-14,1068.6532909422608,6.880857,1034.151287,0.0,1041.032144
2026-07-16_ttft_component_regression/phase1/input8000_rate2p5_reuse00_seed3,224,0.0,16.488819623449526,16.488819623449526,1051.4050169436086,2.4868995751603507e-14,1067.893836567058,7.431964,1034.283229,0.0,1041.715193
2026-07-16_ttft_component_regression/phase1/input8000_rate2p5_reuse00_seed3,237,0.19097527407226486,19.072937102274043,19.26391237634631,1051.4050169436086,2.4868995751603507e-14,1070.668929319955,112.7943,1030.359035,0.0,1143.153335
2026-07-16_ttft_component_regression/phase1/input8000_rate2p5_reuse00_seed3,223,0.03817101789262002,15.033495902313645,15.071666920206265,1051.4050169436086,2.4868995751603507e-14,1066.476683863815,18.187239,1008.381891,0.0,1026.56913
2026-07-16_ttft_component_regression/phase1/input8000_rate2p5_reuse00_seed3,253,0.041436764782999014,14.93358640658105,14.975023171364048,1051.4050169436086,2.4868995751603507e-14,1066.3800401149726,19.838718,1004.95594,0.0,1024.794658
2026-07-16_ttft_component_regression/phase1/input8000_rate2p5_reuse00_seed3,285,0.0,6.808272993099926,6.808272993099926,1051.4050169436086,2.4868995751603507e-14,1058.2132899367086,0.457419,979.356471,0.0,979.81389
2026-07-16_ttft_component_regression/phase1/input8000_rate2p5_reuse00_seed3,276,0.006804243393103799,6.359941598629955,6.366745842023058,1051.4050169436086,2.4868995751603507e-14,1057.7717627856316,8.852688,984.411176,0.0,993.263864
2026-07-16_ttft_component_regression/phase1/input8000_rate2p5_reuse00_seed3,292,0.0,11.807561159574893,11.807561159574893,1051.4050169436086,2.4868995751603507e-14,1063.2125781031834,2.641936,986.491091,0.0,989.133027
2026-07-16_ttft_component_regression/phase1/input8000_rate2p5_reuse00_seed3,4,0.017355885325429508,0.5957023302890461,0.6130582156144756,1051.4050169436086,2.4868995751603507e-14,1052.0180751592231,0.074023,936.703457,0.0,936.77748
2026-07-16_ttft_component_regression/phase1/input8000_rate2p5_reuse00_seed3,27,0.0,11.08065636130269,11.08065636130269,1051.4050169436086,2.4868995751603507e-14,1062.4856733049114,13.252514,977.266417,0.0,990.518931
2026-07-16_ttft_component_regression/phase1/input8000_rate2p5_reuse00_seed3,19,0.0,7.2449741451306275,7.2449741451306275,1051.4050169436086,2.4868995751603507e-14,1058.6499910887392,3.757545,967.119484,0.0,970.877029
2026-07-16_ttft_component_regression/phase1/input8000_rate2p5_reuse00_seed3,35,0.020977495369524972,14.105573595640745,14.12655109101027,1051.4050169436086,2.4868995751603507e-14,1065.5315680346189,17.289241,986.981879,0.0,1004.27112
2026-07-16_ttft_component_regression/phase1/input8000_rate2p5_reuse00_seed3,49,0.0,15.522505236533458,15.522505236533458,1051.4050169436086,2.4868995751603507e-14,1066.9275221801422,240.381713,1021.476483,0.0,1261.858196
2026-07-16_ttft_component_regression/phase1/input8000_rate2p5_reuse00_seed3,50,0.0,256.02558082480124,256.02558082480124,1051.4050169436086,2.4868995751603507e-14,1307.4305977684098,850.207782,1316.88708,0.0,2167.094862
2026-07-16_ttft_component_regression/phase1/input8000_rate2p5_reuse00_seed3,69,0.2074586978193179,19.161048247221867,19.368506945041187,1051.4050169436086,2.4868995751603507e-14,1070.7735238886498,17.595787,1025.520459,0.0,1043.116246
2026-07-16_ttft_component_regression/phase1/input8000_rate2p5_reuse00_seed3,56,0.22062945607261025,19.230364115091707,19.450993571164318,1051.4050169436086,2.4868995751603507e-14,1070.856010514773,718.894501,1274.458892,0.0,1993.353393
2026-07-16_ttft_component_regression/phase1/input8000_rate2p5_reuse00_seed3,47,0.03618447594219169,15.086195537477689,15.12238001341988,1051.4050169436086,2.4868995751603507e-14,1066.5273969570285,4.261926,995.081862,0.0,999.343788
2026-07-16_ttft_component_regression/phase1/input8000_rate2p5_reuse00_seed3,88,0.368949742684735,20.52822942358681,20.897179166271545,1051.4050169436086,2.4868995751603507e-14,1072.3021961098802,2.033824,1044.405369,0.0,1046.439193
2026-07-16_ttft_component_regression/phase1/input8000_rate2p5_reuse00_seed3,91,2148.261937971441,21.94257927766078,2170.2045172491016,1051.4050169436086,2.4868995751603507e-14,3221.6095341927103,1109.051263,1036.934076,0.0,2145.985339
2026-07-16_ttft_component_regression/phase1/input8000_rate2p5_reuse00_seed3,121,0.0,16.48952595595631,16.48952595595631,1051.4050169436086,2.4868995751603507e-14,1067.8945428995648,2.370177,1033.975608,0.0,1036.345785
2026-07-16_ttft_component_regression/phase1/input8000_rate2p5_reuse00_seed3,107,0.0,16.251332002920723,16.251332002920723,1051.4050169436086,2.4868995751603507e-14,1067.6563489465293,10.299317,1042.120133,0.0,1052.41945
2026-07-16_ttft_component_regression/phase1/input8000_rate2p5_reuse00_seed3,135,0.0,15.530728383806292,15.530728383806292,1051.4050169436086,2.4868995751603507e-14,1066.935745327415,2.664805,1030.416888,0.0,1033.081693
2026-07-16_ttft_component_regression/phase1/input8000_rate2p5_reuse00_seed3,126,0.0,16.34463832776167,16.34463832776167,1051.4050169436086,2.4868995751603507e-14,1067.7496552713703,238.814329,1316.345118,0.0,1555.159447
2026-07-16_ttft_component_regression/phase1/input8000_rate2p5_reuse00_seed3,150,0.0,16.244585566918897,16.244585566918897,1051.4050169436086,2.4868995751603507e-14,1067.6496025105275,665.463172,1290.566646,0.0,1956.029818
2026-07-16_ttft_component_regression/phase1/input8000_rate2p5_reuse00_seed3,149,0.0,15.526344238686114,15.526344238686114,1051.4050169436086,2.4868995751603507e-14,1066.9313611822947,13.724948,1043.586165,0.0,1057.311113
2026-07-16_ttft_component_regression/phase1/input8000_rate2p5_reuse00_seed3,140,0.0,16.331733338767084,16.331733338767084,1051.4050169436086,2.4868995751603507e-14,1067.7367502823756,4.122129,1032.751341,0.0,1036.87347
2026-07-16_ttft_component_regression/phase1/input8000_rate2p5_reuse00_seed3,154,0.8811470369478512,23.84285770566153,24.72400474260938,1051.4050169436086,0.6219692977832142,1076.7509909840012,18.86872,1052.803914,0.625374,1072.298008
2026-07-16_ttft_component_regression/phase1/input8000_rate2p5_reuse00_seed3,175,2137.9536453185,22.707002111191702,2160.660647429692,1051.4050169436086,2.4868995751603507e-14,3212.0656643733005,1532.3227960000002,1049.367897,0.0,2581.690693
2026-07-16_ttft_component_regression/phase1/input8000_rate2p5_reuse00_seed3,191,0.0,16.49056264201328,16.49056264201328,1051.4050169436086,2.4868995751603507e-14,1067.8955795856218,8.578916,1038.715498,0.0,1047.294414
2026-07-16_ttft_component_regression/phase1/input8000_rate2p5_reuse00_seed3,196,652.7964672769438,22.50598542888184,675.3024527058255,1051.4050169436086,0.6219692977832142,1727.3294389472173,874.4215340000001,1035.104655,0.625374,1910.151563
2026-07-16_ttft_component_regression/phase1/input8000_rate2p5_reuse00_seed3,192,0.0,17.255354993631517,17.255354993631517,1051.4050169436086,2.4868995751603507e-14,1068.6603719372401,235.315373,1335.624345,0.0,1570.939718
2026-07-16_ttft_component_regression/phase1/input8000_rate2p5_reuse00_seed3,193,0.1930643048278547,20.35129679268276,20.544361097510613,1051.4050169436086,2.4868995751603507e-14,1071.9493780411192,453.036247,1306.91944,0.0,1759.955687
2026-07-16_ttft_component_regression/phase1/input8000_rate2p5_reuse00_seed3,217,0.0,15.524640406640458,15.524640406640458,1051.4050169436086,2.4868995751603507e-14,1066.929657350249,17.741743,1036.487481,0.0,1054.229224
2026-07-16_ttft_component_regression/phase1/input8000_rate2p5_reuse00_seed3,225,0.0,17.268458496757845,17.268458496757845,1051.4050169436086,2.4868995751603507e-14,1068.6734754403665,4.544248,1024.841729,0.0,1029.385977
2026-07-16_ttft_component_regression/phase1/input8000_rate2p5_reuse00_seed3,231,0.20733854957660655,21.71426285454455,21.92160140412116,1051.4050169436086,2.4868995751603507e-14,1073.32661834773,13.410702,1046.910484,0.0,1060.321186
2026-07-16_ttft_component_regression/phase1/input8000_rate2p5_reuse00_seed3,245,0.0,15.522505236533458,15.522505236533458,1051.4050169436086,2.4868995751603507e-14,1066.9275221801422,15.04028,1017.30628,0.0,1032.34656
2026-07-16_ttft_component_regression/phase1/input8000_rate2p5_reuse00_seed3,265,0.034760574745833814,13.2162764774913,13.251037052237134,1051.4050169436086,2.4868995751603507e-14,1064.6560539958457,15.204134,997.085355,0.0,1012.289489
2026-07-16_ttft_component_regression/phase1/input8000_rate2p5_reuse00_seed3,273,0.0679442898485696,15.118383777645276,15.186328067493845,1051.4050169436086,2.4868995751603507e-14,1066.5913450111025,16.202328,1006.254536,0.0,1022.456864
2026-07-16_ttft_component_regression/phase1/input8000_rate2p5_reuse00_seed3,3,0.0,7.280025910640319,7.280025910640319,1051.4050169436086,2.4868995751603507e-14,1058.6850428542489,1.665525,966.204988,0.0,967.870513
2026-07-16_ttft_component_regression/phase1/input8000_rate2p5_reuse00_seed3,13,0.02804689047722014,306.8400118349159,306.86805872539315,1051.4050169436086,2.4868995751603507e-14,1358.2730756690019,1352.611834,1298.053078,0.0,2650.664912
2026-07-16_ttft_component_regression/phase1/input8000_rate2p5_reuse00_seed3,0,0.016878514503596603,0.584795010469679,0.6016735249732755,1051.4050169436086,2.4868995751603507e-14,1052.0066904685818,0.0,936.703457,0.0,936.703457
2026-07-16_ttft_component_regression/phase1/input8000_rate2p5_reuse00_seed3,23,0.0,18.354013736991792,18.354013736991792,1051.4050169436086,2.4868995751603507e-14,1069.7590306806005,14.298006,1028.063315,0.0,1042.361321
2026-07-16_ttft_component_regression/phase1/input8000_rate2p5_reuse00_seed3,11,0.022283363535534447,14.929210002146508,14.951493365682042,1051.4050169436086,2.4868995751603507e-14,1066.3565103092908,677.257117,1283.187887,0.0,1960.445004
2026-07-16_ttft_component_regression/phase1/input8000_rate2p5_reuse00_seed3,10,0.0,11.809952872462677,11.809952872462677,1051.4050169436086,2.4868995751603507e-14,1063.2149698160713,10.307929,993.547633,0.0,1003.855562
2026-07-16_ttft_component_regression/phase1/input8000_rate2p5_reuse00_seed3,16,0.0,292.8516913015681,292.8516913015681,1051.4050169436086,2.4868995751603507e-14,1344.2567082451767,1480.914057,1230.185682,0.0,2711.099739
2026-07-16_ttft_component_regression/phase1/input8000_rate2p5_reuse00_seed3,26,0.18789407155804908,21.59775555703537,21.78564962859342,1051.4050169436086,2.4868995751603507e-14,1073.190666572202,98.70416,1286.550682,0.0,1385.254842
2026-07-16_ttft_component_regression/phase1/input8000_rate2p5_reuse00_seed3,61,1379.4189799328285,23.945466720298285,1403.3644466531268,1051.4050169436086,2.4868995751603507e-14,2454.7694635967355,803.2863359999999,1034.607527,0.0,1837.893863
2026-07-16_ttft_component_regression/phase1/input8000_rate2p5_reuse00_seed3,80,1.0074307586669813,22.694198045790134,23.701628804457116,1051.4050169436086,0.6219692977832142,1075.728615045849,353.237119,1353.432717,0.625374,1707.29521
2026-07-16_ttft_component_regression/phase1/input8000_rate2p5_reuse00_seed3,82,0.3005658002714914,312.51155358407823,312.8121193843497,1051.4050169436086,2.4868995751603507e-14,1364.2171363279583,1340.017662,1301.934816,0.0,2641.952478
2026-07-16_ttft_component_regression/phase1/input8000_rate2p5_reuse00_seed3,62,3017.1819681262195,23.994734019095336,3041.1767021453147,1051.4050169436086,2.4868995751603507e-14,4092.5817190889234,2026.7622509999999,1053.296302,0.0,3080.058553
2026-07-16_ttft_component_regression/phase1/input8000_rate2p5_reuse00_seed3,76,0.0,15.601430226956907,15.601430226956907,1051.4050169436086,2.4868995751603507e-14,1067.0064471705655,10.08743,1036.778295,0.0,1046.865725
2026-07-16_ttft_component_regression/phase1/input8000_rate2p5_reuse00_seed3,119,0.07054439900015737,15.042984961316328,15.113529360316486,1051.4050169436086,2.4868995751603507e-14,1066.5185463039252,14.778656,1013.064608,0.0,1027.843264
2026-07-16_ttft_component_regression/phase1/input8000_rate2p5_reuse00_seed3,124,0.0,15.61426858487903,15.61426858487903,1051.4050169436086,2.4868995751603507e-14,1067.0192855284877,5.021176,1035.404603,0.0,1040.425779
2026-07-16_ttft_component_regression/phase1/input8000_rate2p5_reuse00_seed3,130,0.2337082836755544,19.218509037968907,19.45221732164446,1051.4050169436086,2.4868995751603507e-14,1070.857234265253,544.020802,1304.0918,0.0,1848.112602
2026-07-16_ttft_component_regression/phase1/input8000_rate2p5_reuse00_seed3,125,0.0,16.334591623130734,16.334591623130734,1051.4050169436086,2.4868995751603507e-14,1067.7396085667394,622.12326,1337.837535,0.0,1959.960795
2026-07-16_ttft_component_regression/phase1/input8000_rate2p5_reuse00_seed3,142,0.0374741027863551,15.052582861677985,15.09005696446434,1051.4050169436086,2.4868995751603507e-14,1066.495073908073,9.835938,1010.153033,0.0,1019.988971
2026-07-16_ttft_component_regression/phase1/input8000_rate2p5_reuse00_seed3,148,0.0,15.520275227782749,15.520275227782749,1051.4050169436086,2.4868995751603507e-14,1066.9252921713914,9.727319,1020.62093,0.0,1030.348249
2026-07-16_ttft_component_regression/phase1/input8000_rate2p5_reuse00_seed3,152,0.0,17.282814509828135,17.282814509828135,1051.4050169436086,2.4868995751603507e-14,1068.6878314534367,127.450513,1023.909393,0.0,1151.359906
2026-07-16_ttft_component_regression/phase1/input8000_rate2p5_reuse00_seed3,162,0.268670138139324,19.39786755136534,19.666537689504665,1051.4050169436086,2.4868995751603507e-14,1071.0715546331132,14.600034,1029.993693,0.0,1044.593727
2026-07-16_ttft_component_regression/phase1/input8000_rate2p5_reuse00_seed3,200,0.0,16.484879156847835,16.484879156847835,1051.4050169436086,2.4868995751603507e-14,1067.8898961004566,16.442558,1018.676606,0.0,1035.119164
2026-07-16_ttft_component_regression/phase1/input8000_rate2p5_reuse00_seed3,206,0.0,16.356632087523945,16.356632087523945,1051.4050169436086,2.4868995751603507e-14,1067.7616490311325,16.599884,1021.978292,0.0,1038.578176
2026-07-16_ttft_component_regression/phase1/input8000_rate2p5_reuse00_seed3,194,0.0346999780325482,15.122429012271606,15.157128990304155,1051.4050169436086,2.4868995751603507e-14,1066.5621459339127,16.763351,1016.154466,0.0,1032.917817
2026-07-16_ttft_component_regression/phase1/input8000_rate2p5_reuse00_seed3,212,0.30968841808730413,20.414095597453823,20.723784015541128,1051.4050169436086,2.4868995751603507e-14,1072.1288009591499,12.937347,1038.737694,0.0,1051.675041
2026-07-16_ttft_component_regression/phase1/input8000_rate2p5_reuse00_seed3,201,0.0,17.294835209748438,17.294835209748438,1051.4050169436086,2.4868995751603507e-14,1068.6998521533571,124.335951,1026.626898,0.0,1150.962849
2026-07-16_ttft_component_regression/phase1/input8000_rate2p5_reuse00_seed3,230,0.0,18.363591299712716,18.363591299712716,1051.4050169436086,2.4868995751603507e-14,1069.7686082433213,632.339373,1353.875455,0.0,1986.214828
2026-07-16_ttft_component_regression/phase1/input8000_rate2p5_reuse00_seed3,233,0.9630197626822086,24.04137638349956,25.00439614618177,1051.4050169436086,0.6219692977832142,1077.0313823875736,846.717944,1299.239382,0.625374,2146.5827
2026-07-16_ttft_component_regression/phase1/input8000_rate2p5_reuse00_seed3,229,0.0,17.54898515650401,17.54898515650401,1051.4050169436086,2.4868995751603507e-14,1068.9540021001126,3.995776,1033.65174,0.0,1037.647516
2026-07-16_ttft_component_regression/phase1/input8000_rate2p5_reuse00_seed3,246,773.6548646001277,22.62560385929163,796.2804684594194,1051.4050169436086,2.4868995751603507e-14,1847.685485403028,469.46383,1038.686518,0.0,1508.150348
2026-07-16_ttft_component_regression/phase1/input8000_rate2p5_reuse00_seed3,257,750.4058835374854,22.60046933715405,773.0063528746394,1051.4050169436086,2.4868995751603507e-14,1824.4113698182482,635.9324290000001,1032.403742,0.0,1668.336171
2026-07-16_ttft_component_regression/phase1/input8000_rate2p5_reuse00_seed3,244,1387.2483498754266,22.73240323630612,1409.9807531117326,1051.4050169436086,2.4868995751603507e-14,2461.3857700553413,792.509081,1038.466783,0.0,1830.975864
2026-07-16_ttft_component_regression/phase1/input8000_rate2p5_reuse00_seed3,248,4414.986709697373,22.650456576745125,4437.6371662741185,1051.4050169436086,2.4868995751603507e-14,5489.042183217727,2978.0690050000003,1041.101968,0.0,4019.170973
2026-07-16_ttft_component_regression/phase1/input8000_rate2p5_reuse00_seed3,269,0.19823900660514046,19.111952464360716,19.310191470965854,1051.4050169436086,2.4868995751603507e-14,1070.7152084145746,16.272861,1041.151562,0.0,1057.424423
2026-07-16_ttft_component_regression/phase1/input8000_rate2p5_reuse00_seed3,277,515.2747327692405,22.536435484902306,537.8111682541428,1051.4050169436086,2.4868995751603507e-14,1589.2161851977514,407.41418999999996,1043.06832,0.0,1450.48251
2026-07-16_ttft_component_regression/phase1/input8000_rate2p5_reuse00_seed3,281,0.17887422218816942,21.542888318904627,21.721762541092797,1051.4050169436086,2.4868995751603507e-14,1073.1267794847015,20.26667,1045.019199,0.0,1065.285869
2026-07-16_ttft_component_regression/phase1/input8000_rate2p5_reuse00_seed3,295,0.0,17.55515654423611,17.55515654423611,1051.4050169436086,2.4868995751603507e-14,1068.9601734878447,15.64378,1019.156779,0.0,1034.800559
2026-07-16_ttft_component_regression/phase1/input8000_rate2p5_reuse00_seed3,2,0.01628121761496424,0.5715453399947115,0.5878265576096757,1051.4050169436086,2.4868995751603507e-14,1051.9928435012184,0.015593,936.703457,0.0,936.71905
2026-07-16_ttft_component_regression/phase1/input8000_rate2p5_reuse00_seed3,14,0.0,7.297909505479692,7.297909505479692,1051.4050169436086,2.4868995751603507e-14,1058.7029264490884,14.413337,966.584988,0.0,980.998325
2026-07-16_ttft_component_regression/phase1/input8000_rate2p5_reuse00_seed3,25,0.0,11.801005574718564,11.801005574718564,1051.4050169436086,2.4868995751603507e-14,1063.2060225183272,13.533563,977.491025,0.0,991.024588
2026-07-16_ttft_component_regression/phase1/input8000_rate2p5_reuse00_seed3,39,0.026277153203777447,15.874989455258513,15.90126660846229,1051.4050169436086,2.4868995751603507e-14,1067.306283552071,13.26196,993.771142,0.0,1007.033102
2026-07-16_ttft_component_regression/phase1/input8000_rate2p5_reuse00_seed3,29,0.9403301874373146,23.98877652252075,24.929106709958067,1051.4050169436086,0.6219692977832142,1076.9560929513498,8.926058000000001,986.159991,0.625374,995.711423
2026-07-16_ttft_component_regression/phase1/input8000_rate2p5_reuse00_seed3,43,0.0,16.49442513808484,16.49442513808484,1051.4050169436086,2.4868995751603507e-14,1067.8994420816935,13.300564,1020.958883,0.0,1034.259447
2026-07-16_ttft_component_regression/phase1/input8000_rate2p5_reuse00_seed3,45,0.9568826945065019,22.587798084057866,23.544680778564366,1051.4050169436086,0.6219692977832142,1075.571667019956,594.362537,1278.279392,0.625374,1873.267303
2026-07-16_ttft_component_regression/phase1/input8000_rate2p5_reuse00_seed3,57,0.24320970248979232,19.267888651014932,19.511098353504725,1051.4050169436086,2.4868995751603507e-14,1070.9161152971133,177.922062,1021.199825,0.0,1199.121887
2026-07-16_ttft_component_regression/phase1/input8000_rate2p5_reuse00_seed3,52,0.9384515686845364,23.984339240405077,24.922790809089612,1051.4050169436086,0.6219692977832142,1076.9497770504813,20.05985,1013.648578,0.625374,1034.333802
2026-07-16_ttft_component_regression/phase1/input8000_rate2p5_reuse00_seed3,89,3845.1514884464636,21.967405967806272,3867.11889441427,1051.4050169436086,0.6219692977832142,4919.145880655662,6015.146350999999,1045.73883,0.625374,7061.510555
2026-07-16_ttft_component_regression/phase1/input8000_rate2p5_reuse00_seed3,74,1.1050285177751753,22.89431308012088,23.999341597896056,1051.4050169436086,0.6219692977832142,1076.026327839288,15.735862,1041.933566,0.625374,1058.294802
2026-07-16_ttft_component_regression/phase1/input8000_rate2p5_reuse00_seed3,87,3925.858054954759,24.255103612960756,3950.11315856772,1051.4050169436086,0.6219692977832142,5002.140144809111,2425.735306,1039.984023,0.625374,3466.344703
2026-07-16_ttft_component_regression/phase1/input8000_rate2p5_reuse00_seed3,85,1.2584643908692836,381.5501379509012,382.8086023417705,1051.4050169436086,0.6219692977832142,1434.8355885831622,12.372309999999999,1040.668896,0.625374,1053.66658
2026-07-16_ttft_component_regression/phase1/input8000_rate2p5_reuse00_seed3,92,1183.257284848783,24.237297661466645,1207.4945825102498,1051.4050169436086,0.6219692977832142,2259.5215687516416,8544.874549,1047.732158,0.625374,9593.232081
2026-07-16_ttft_component_regression/phase1/input8000_rate2p5_reuse00_seed3,137,1.0230450405377909,22.728189049655263,23.751234090193055,1051.4050169436086,0.6219692977832142,1075.7782203315849,23.806708,1038.89382,0.625374,1063.325902
2026-07-16_ttft_component_regression/phase1/input8000_rate2p5_reuse00_seed3,138,1.0506713891025699,22.78646943752672,23.837140826629287,1051.4050169436086,0.6219692977832142,1075.8641270680212,334.887506,1298.649321,0.625374,1634.162201
2026-07-16_ttft_component_regression/phase1/input8000_rate2p5_reuse00_seed3,161,0.00790393899597729,10.462827594954273,10.47073153395025,1051.4050169436086,2.4868995751603507e-14,1061.875748477559,9.280883,1005.053779,0.0,1014.334662
2026-07-16_ttft_component_regression/phase1/input8000_rate2p5_reuse00_seed3,172,1.14905120332731,24.073195176716126,25.222246380043437,1051.4050169436086,0.6219692977832142,1077.2492326214353,33.610641,1022.287697,0.625374,1056.523712
2026-07-16_ttft_component_regression/phase1/input8000_rate2p5_reuse00_seed3,167,0.05829557163818029,278.7821046094547,278.84040018109283,1051.4050169436086,2.4868995751603507e-14,1330.2454171247014,1950.285384,1257.398411,0.0,3207.683795
2026-07-16_ttft_component_regression/phase1/input8000_rate2p5_reuse00_seed3,181,1.0606306570641735,22.806901801868825,23.867532458933,1051.4050169436086,0.6219692977832142,1075.8945187003249,6.640516,1030.219632,0.625374,1037.485522
2026-07-16_ttft_component_regression/phase1/input8000_rate2p5_reuse00_seed3,166,0.18142401303504802,16.087334162506814,16.268758175541862,1051.4050169436086,2.4868995751603507e-14,1067.6737751191506,971.812805,1337.825749,0.0,2309.638554
2026-07-16_ttft_component_regression/phase1/input8000_rate2p5_reuse00_seed3,165,1.3004290384721395,24.359050888914798,25.659479927386936,1051.4050169436086,0.6219692977832142,1077.6864661687787,164.923966,1295.871316,0.625374,1461.420656
2026-07-16_ttft_component_regression/phase1/input8000_rate2p5_reuse00_seed3,204,0.2102550816501784,19.175845625953443,19.38610070760362,1051.4050169436086,2.4868995751603507e-14,1070.7911176512123,15.672062,1045.358935,0.0,1061.030997
2026-07-16_ttft_component_regression/phase1/input8000_rate2p5_reuse00_seed3,228,0.0,16.471473978093524,16.471473978093524,1051.4050169436086,2.4868995751603507e-14,1067.8764909217023,284.557882,1295.949332,0.0,1580.507214
2026-07-16_ttft_component_regression/phase1/input8000_rate2p5_reuse00_seed3,198,0.24320970248979232,19.267888651014932,19.511098353504725,1051.4050169436086,2.4868995751603507e-14,1070.9161152971133,22.444532,1047.618888,0.0,1070.06342
2026-07-16_ttft_component_regression/phase1/input8000_rate2p5_reuse00_seed3,222,1.0263411266528546,22.735143859083124,23.76148498573598,1051.4050169436086,0.6219692977832142,1075.7884712271277,33.048789,1030.283839,0.625374,1063.958002
2026-07-16_ttft_component_regression/phase1/input8000_rate2p5_reuse00_seed3,238,0.9493170844159731,22.570796748473995,23.52011383288997,1051.4050169436086,0.6219692977832142,1075.5471000742818,197.950433,1300.583373,0.625374,1499.15918
2026-07-16_ttft_component_regression/phase1/input8000_rate2p5_reuse00_seed3,220,0.033006552958756166,15.160943703776613,15.19395025673537,1051.4050169436086,2.4868995751603507e-14,1066.598967200344,5.020682,1004.905056,0.0,1009.925738
2026-07-16_ttft_component_regression/phase1/input8000_rate2p5_reuse00_seed3,226,0.01708154087494576,16.131201934337856,16.1482834752128,1051.4050169436086,2.4868995751603507e-14,1067.5533004188214,9.251345,1032.709965,0.0,1041.96131
2026-07-16_ttft_component_regression/phase1/input8000_rate2p5_reuse00_seed3,236,0.9682882640295609,356.36529206239175,357.3335803264213,1051.4050169436086,0.6219692977832142,1409.360566567813,23.446275,1036.119275,0.625374,1060.190924
2026-07-16_ttft_component_regression/phase1/input8000_rate2p5_reuse00_seed3,270,652.5138949221677,22.715499987377395,675.229394909545,1051.4050169436086,0.6219692977832142,1727.256381150937,461.380544,1037.582856,0.625374,1499.588774
2026-07-16_ttft_component_regression/phase1/input8000_rate2p5_reuse00_seed3,264,628.1529745307508,22.61725673051895,650.7702312612698,1051.4050169436086,0.6219692977832142,1702.7972175026616,582.514986,1042.588727,0.625374,1625.729087
2026-07-16_ttft_component_regression/phase1/input8000_rate2p5_reuse00_seed3,275,2279.371700698965,22.65972276737615,2302.031423466341,1051.4050169436086,0.6219692977832142,3354.058409707733,1283.313175,1041.351307,0.625374,2325.289856
2026-07-16_ttft_component_regression/phase1/input8000_rate2p5_reuse00_seed3,287,0.8975973873979212,23.884696606961864,24.782293994359787,1051.4050169436086,0.6219692977832142,1076.8092802357517,13.68625,1020.528757,0.625374,1034.840381
2026-07-16_ttft_component_regression/phase1/input8000_rate2p5_reuse00_seed3,283,0.0,16.4839439360235,16.4839439360235,1051.4050169436086,2.4868995751603507e-14,1067.8889608796321,3.111696,1017.039912,0.0,1020.151608
2026-07-16_ttft_component_regression/phase1/input8000_rate2p5_reuse00_seed3,1,0.01586808710073337,0.5626164847796692,0.5784845718804026,1051.4050169436086,2.4868995751603507e-14,1051.983501515489,2.313429,936.703457,0.0,939.016886
2026-07-16_ttft_component_regression/phase1/input8000_rate2p5_reuse00_seed3,15,0.021556119231221436,14.879352200784556,14.900908320015777,1051.4050169436086,2.4868995751603507e-14,1066.3059252636244,7.128809,985.725943,0.0,992.854752
2026-07-16_ttft_component_regression/phase1/input8000_rate2p5_reuse00_seed3,22,0.0,17.55344040354759,17.55344040354759,1051.4050169436086,2.4868995751603507e-14,1068.9584573471561,59.2249,1264.199231,0.0,1323.424131
2026-07-16_ttft_component_regression/phase1/input8000_rate2p5_reuse00_seed3,6,0.0,7.28904157895164,7.28904157895164,1051.4050169436086,2.4868995751603507e-14,1058.6940585225602,14.024539,983.313857,0.0,997.338396
2026-07-16_ttft_component_regression/phase1/input8000_rate2p5_reuse00_seed3,7,0.0,11.807561159574893,11.807561159574893,1051.4050169436086,2.4868995751603507e-14,1063.2125781031834,513.090702,1229.843609,0.0,1742.934311
2026-07-16_ttft_component_regression/phase1/input8000_rate2p5_reuse00_seed3,34,0.0,17.24252721261433,17.24252721261433,1051.4050169436086,2.4868995751603507e-14,1068.647544156223,10.531357,1013.463266,0.0,1023.994623
2026-07-16_ttft_component_regression/phase1/input8000_rate2p5_reuse00_seed3,20,0.02700664190019001,16.967118003068183,16.994124644968373,1051.4050169436086,2.4868995751603507e-14,1068.399141588577,16.591907,1008.212711,0.0,1024.804618
2026-07-16_ttft_component_regression/phase1/input8000_rate2p5_reuse00_seed3,44,0.18031848428595867,20.27850649405237,20.458824978338328,1051.4050169436086,2.4868995751603507e-14,1071.863841921947,2.297501,1022.870257,0.0,1025.167758
2026-07-16_ttft_component_regression/phase1/input8000_rate2p5_reuse00_seed3,55,0.19490980875596353,20.361754659283232,20.556664468039195,1051.4050169436086,2.4868995751603507e-14,1071.9616814116478,18.291462,1026.064073,0.0,1044.355535
2026-07-16_ttft_component_regression/phase1/input8000_rate2p5_reuse00_seed3,65,385.0949123832975,24.281559458573405,409.3764718418709,1051.4050169436086,2.4868995751603507e-14,1460.7814887854795,393.93598699999995,1043.211902,0.0,1437.147889
2026-07-16_ttft_component_regression/phase1/input8000_rate2p5_reuse00_seed3,90,400.9451895787048,22.106731253006483,423.0519208317113,1051.4050169436086,2.4868995751603507e-14,1474.45693777532,303.42779,1036.307599,0.0,1339.735389
2026-07-16_ttft_component_regression/phase1/input8000_rate2p5_reuse00_seed3,79,7150.907855014599,22.88263816256048,7173.790493177159,1051.4050169436086,2.4868995751603507e-14,8225.195510120768,149.539749,1046.280442,0.0,1195.820191
2026-07-16_ttft_component_regression/phase1/input8000_rate2p5_reuse00_seed3,73,0.2399825456283598,19.330485682489332,19.570468228117694,1051.4050169436086,2.4868995751603507e-14,1070.9754851717264,16.931381,1052.09038,0.0,1069.021761
2026-07-16_ttft_component_regression/phase1/input8000_rate2p5_reuse00_seed3,99,0.0,16.370875241473595,16.370875241473595,1051.4050169436086,2.4868995751603507e-14,1067.7758921850823,19.530937,1035.337962,0.0,1054.868899
2026-07-16_ttft_component_regression/phase1/input8000_rate2p5_reuse00_seed3,113,0.22540817853316794,19.255277070638638,19.480685249171806,1051.4050169436086,2.4868995751603507e-14,1070.8857021927804,18.616054,1055.89974,0.0,1074.515794
2026-07-16_ttft_component_regression/phase1/input8000_rate2p5_reuse00_seed3,136,0.21494710074914308,19.20057645629857,19.415523557047713,1051.4050169436086,2.4868995751603507e-14,1070.8205405006563,24.840261,1053.318753,0.0,1078.159014
2026-07-16_ttft_component_regression/phase1/input8000_rate2p5_reuse00_seed3,147,0.0,15.527976862971915,15.527976862971915,1051.4050169436086,2.4868995751603507e-14,1066.9329938065805,5.440387,1014.528104,0.0,1019.968491
2026-07-16_ttft_component_regression/phase1/input8000_rate2p5_reuse00_seed3,132,0.0,17.277459142004354,17.277459142004354,1051.4050169436086,2.4868995751603507e-14,1068.682476085613,12.978635,1028.629147,0.0,1041.607782
2026-07-16_ttft_component_regression/phase1/input8000_rate2p5_reuse00_seed3,170,0.06371729276932482,13.23694680538673,13.300664098156055,1051.4050169436086,2.4868995751603507e-14,1064.7056810417646,6.605989,996.595926,0.0,1003.201915
2026-07-16_ttft_component_regression/phase1/input8000_rate2p5_reuse00_seed3,239,0.05811129508439025,0.41108160354900247,0.46919289863339275,1051.4050169436086,2.4868995751603507e-14,1051.874209842242,0.002901,954.498872,0.0,954.501773
2026-07-16_ttft_component_regression/phase1/input8000_rate2p5_reuse00_seed3,258,0.007132400941525561,6.366165753765249,6.373298154706775,1051.4050169436086,2.4868995751603507e-14,1057.7783150983155,8.806974,984.190603,0.0,992.997577
2026-07-16_ttft_component_regression/phase1/input8000_rate2p5_reuse00_seed3,289,0.0,6.795320907413278,6.795320907413278,1051.4050169436086,2.4868995751603507e-14,1058.200337851022,13.284753,955.257015,0.0,968.541768
2026-07-16_ttft_component_regression/phase1/input8000_rate2p5_reuse00_seed3,297,0.024957347328072157,17.031794189922294,17.056751537250367,1051.4050169436086,2.4868995751603507e-14,1068.461768480859,20.173335,1001.674331,0.0,1021.847666
2026-07-16_ttft_component_regression/phase1/input8000_rate2p5_reuse00_seed3,288,0.014736797990175746,0.5043755082779386,0.5191123062681144,1051.4050169436086,2.4868995751603507e-14,1051.9241292498768,0.013077,952.655922,0.0,952.668999
2026-07-16_ttft_component_regression/phase1/input8000_rate2p5_reuse00_seed3,291,0.0,11.079308362388089,11.079308362388089,1051.4050169436086,2.4868995751603507e-14,1062.4843253059967,190.967816,1003.343924,0.0,1194.31174
2026-07-16_ttft_component_regression/phase1/input8000_rate2p5_reuse00_seed3,294,0.023915339811302963,15.044285919797353,15.068201259608657,1051.4050169436086,2.4868995751603507e-14,1066.4732182032174,20.321922,1003.93891,0.0,1024.260832
2026-07-16_ttft_component_regression/phase1/input8000_rate2p5_reuse00_seed3,8,0.01744915028297327,0.5978689609196248,0.615318111202598,1051.4050169436086,2.4868995751603507e-14,1052.0203350548113,0.005455,936.703457,0.0,936.708912
2026-07-16_ttft_component_regression/phase1/input8000_rate2p5_reuse00_seed3,28,0.0,6.795320907413278,6.795320907413278,1051.4050169436086,2.4868995751603507e-14,1058.200337851022,16.683578,967.68934,0.0,984.372918
2026-07-16_ttft_component_regression/phase1/input8000_rate2p5_reuse00_seed3,42,0.019548441357134027,14.010801130648266,14.0303495720054,1051.4050169436086,2.4868995751603507e-14,1065.435366515614,11.530319,987.244183,0.0,998.774502
2026-07-16_ttft_component_regression/phase1/input8000_rate2p5_reuse00_seed3,36,0.0,11.078023153195307,11.078023153195307,1051.4050169436086,2.4868995751603507e-14,1062.483040096804,16.367257,977.889137,0.0,994.256394
2026-07-16_ttft_component_regression/phase1/input8000_rate2p5_reuse00_seed3,54,0.025144396219235393,15.913622317261298,15.938766713480534,1051.4050169436086,2.4868995751603507e-14,1067.3437836570893,1.477628,994.572774,0.0,996.050402
2026-07-16_ttft_component_regression/phase1/input8000_rate2p5_reuse00_seed3,67,1.2694324531905117,24.299025473774087,25.568457926964598,1051.4050169436086,0.6219692977832142,1077.5954441683564,7.538906,993.97623,0.625374,1002.14051
2026-07-16_ttft_component_regression/phase1/input8000_rate2p5_reuse00_seed3,71,0.0,16.313676495068798,16.313676495068798,1051.4050169436086,2.4868995751603507e-14,1067.7186934386775,527.183418,1268.99999,0.0,1796.183408
2026-07-16_ttft_component_regression/phase1/input8000_rate2p5_reuse00_seed3,81,0.20616052002697824,19.072616956795745,19.27877747682272,1051.4050169436086,2.4868995751603507e-14,1070.6837944204315,521.706661,1299.850337,0.0,1821.556998
2026-07-16_ttft_component_regression/phase1/input8000_rate2p5_reuse00_seed3,78,0.0,16.31446055526761,16.31446055526761,1051.4050169436086,2.4868995751603507e-14,1067.7194774988764,21.232243,1032.188615,0.0,1053.420858
2026-07-16_ttft_component_regression/phase1/input8000_rate2p5_reuse00_seed3,70,0.0,15.615696073143386,15.615696073143386,1051.4050169436086,2.4868995751603507e-14,1067.020713016752,12.195623,1021.682243,0.0,1033.877866
2026-07-16_ttft_component_regression/phase1/input8000_rate2p5_reuse00_seed3,109,0.9913047717144332,22.662775571928243,23.654080343642676,1051.4050169436086,0.6219692977832142,1075.6810665850344,5.383101999999999,1032.808243,0.625374,1038.816719
2026-07-16_ttft_component_regression/phase1/input8000_rate2p5_reuse00_seed3,118,0.1964152332081564,19.020026265015687,19.216441498223844,1051.4050169436086,2.4868995751603507e-14,1070.6214584418326,13.503941,1038.48902,0.0,1051.992961
2026-07-16_ttft_component_regression/phase1/input8000_rate2p5_reuse00_seed3,111,0.0,16.219221078238817,16.219221078238817,1051.4050169436086,2.4868995751603507e-14,1067.6242380218475,3.36553,1038.599005,0.0,1041.964535
2026-07-16_ttft_component_regression/phase1/input8000_rate2p5_reuse00_seed3,128,0.1715090353465359,18.966909784349035,19.13841881969557,1051.4050169436086,2.4868995751603507e-14,1070.5434357633042,8.572457,1035.299023,0.0,1043.87148
2026-07-16_ttft_component_regression/phase1/input8000_rate2p5_reuse00_seed3,151,0.0,17.237073100736893,17.237073100736893,1051.4050169436086,2.4868995751603507e-14,1068.6420900443454,20.299873,1024.511663,0.0,1044.811536
2026-07-16_ttft_component_regression/phase1/input8000_rate2p5_reuse00_seed3,146,0.0,15.531018764813052,15.531018764813052,1051.4050169436086,2.4868995751603507e-14,1066.9360357084217,556.021532,1293.10109,0.0,1849.122622
2026-07-16_ttft_component_regression/phase1/input8000_rate2p5_reuse00_seed3,156,0.17850169571421862,19.005244270294753,19.18374596600897,1051.4050169436086,2.4868995751603507e-14,1070.5887629096176,8.873966,1031.331067,0.0,1040.205033
2026-07-16_ttft_component_regression/phase1/input8000_rate2p5_reuse00_seed3,145,0.040432370570228214,14.966373493724245,15.006805864294472,1051.4050169436086,2.4868995751603507e-14,1066.411822807903,11.475391,1034.560231,0.0,1046.035622
2026-07-16_ttft_component_regression/phase1/input8000_rate2p5_reuse00_seed3,188,0.0,6.808272993099926,6.808272993099926,1051.4050169436086,2.4868995751603507e-14,1058.2132899367086,8.463723,978.702044,0.0,987.165767
2026-07-16_ttft_component_regression/phase1/input8000_rate2p5_reuse00_seed3,203,0.03660362755029345,6.411623945241585,6.448227572791879,1051.4050169436086,2.4868995751603507e-14,1057.8532445164005,5.021406,980.272639,0.0,985.294045
2026-07-16_ttft_component_regression/phase1/input8000_rate2p5_reuse00_seed3,243,0.05747089356356518,0.39911528877592545,0.4565861823394906,1051.4050169436086,2.4868995751603507e-14,1051.861603125948,0.008843,951.130719,0.0,951.139562
2026-07-16_ttft_component_regression/phase1/input8000_rate2p5_reuse00_seed3,249,0.009317922134643934,6.4058136291136565,6.4151315512483,1051.4050169436086,2.4868995751603507e-14,1057.820148494857,16.914832,976.058548,0.0,992.97338
2026-07-16_ttft_component_regression/phase1/input8000_rate2p5_reuse00_seed3,255,0.03265060486870789,13.089658801825978,13.122309406694686,1051.4050169436086,2.4868995751603507e-14,1064.5273263503034,15.206063,1010.06939,0.0,1025.275453
2026-07-16_ttft_component_regression/phase1/input8000_rate2p5_reuse00_seed3,263,0.0,15.531018764813052,15.531018764813052,1051.4050169436086,2.4868995751603507e-14,1066.9360357084217,110.583038,1010.642435,0.0,1121.225473
2026-07-16_ttft_component_regression/phase1/input8000_rate2p5_reuse00_seed3,252,0.0,10.405189973577667,10.405189973577667,1051.4050169436086,2.4868995751603507e-14,1061.8102069171864,7.265499,992.319203,0.0,999.584702
2026-07-16_ttft_component_regression/phase1/input8000_rate2p5_reuse00_seed3,259,0.040175198233003466,14.974449804810767,15.01462500304377,1051.4050169436086,2.4868995751603507e-14,1066.4196419466525,72.371863,1010.451929,0.0,1082.823792
2026-07-16_ttft_component_regression/phase1/input8000_rate2p5_reuse00_seed3,293,0.0,11.814782204237309,11.814782204237309,1051.4050169436086,2.4868995751603507e-14,1063.219799147846,14.948832,991.181151,0.0,1006.129983
2026-07-16_ttft_component_regression/phase1/input8000_rate2p5_reuse00_seed3,296,0.024316372993971058,15.073287154583921,15.097603527577892,1051.4050169436086,2.4868995751603507e-14,1066.5026204711864,8.45816,1000.509642,0.0,1008.967802
2026-07-16_ttft_component_regression/phase1/input8000_rate2p5_reuse00_seed3,24,0.0,7.2685550707676985,7.2685550707676985,1051.4050169436086,2.4868995751603507e-14,1058.6735720143763,4.391793,966.163356,0.0,970.555149
2026-07-16_ttft_component_regression/phase1/input8000_rate2p5_reuse00_seed3,21,0.01744915028297327,0.5978689609196248,0.615318111202598,1051.4050169436086,2.4868995751603507e-14,1052.0203350548113,0.014397,936.703457,0.0,936.717854
2026-07-16_ttft_component_regression/phase1/input8000_rate2p5_reuse00_seed3,33,0.0,11.079308362388089,11.079308362388089,1051.4050169436086,2.4868995751603507e-14,1062.4843253059967,1.383877,976.722865,0.0,978.106742
2026-07-16_ttft_component_regression/phase1/input8000_rate2p5_reuse00_seed3,46,0.03789395027760564,15.041166226852122,15.079060177129728,1051.4050169436086,2.4868995751603507e-14,1066.4840771207384,17.931474,993.509734,0.0,1011.441208
2026-07-16_ttft_component_regression/phase1/input8000_rate2p5_reuse00_seed3,38,0.021279365775517037,14.126023398850085,14.147302764625602,1051.4050169436086,2.4868995751603507e-14,1065.5523197082343,10.512882,986.020055,0.0,996.532937
2026-07-16_ttft_component_regression/phase1/input8000_rate2p5_reuse00_seed3,48,0.0,15.5228677976592,15.5228677976592,1051.4050169436086,2.4868995751603507e-14,1066.927884741268,22.135971,1004.363876,0.0,1026.499847
2026-07-16_ttft_component_regression/phase1/input8000_rate2p5_reuse00_seed3,58,0.0,17.27864239356983,17.27864239356983,1051.4050169436086,2.4868995751603507e-14,1068.6836593371784,8.704638,1013.89197,0.0,1022.596608
2026-07-16_ttft_component_regression/phase1/input8000_rate2p5_reuse00_seed3,63,0.3158463765878272,20.44575059146751,20.76159696805534,1051.4050169436086,2.4868995751603507e-14,1072.166613911664,3.417843,1021.970897,0.0,1025.38874
2026-07-16_ttft_component_regression/phase1/input8000_rate2p5_reuse00_seed3,95,75.36336591110212,24.337813288731777,99.7011791998339,1051.4050169436086,2.4868995751603507e-14,1151.1061961434425,65.20819,1052.634579,0.0,1117.842769
2026-07-16_ttft_component_regression/phase1/input8000_rate2p5_reuse00_seed3,84,1.2782456545962573,24.316352519276776,25.594598173873035,1051.4050169436086,0.6219692977832142,1077.6215844152648,20.036505000000002,1030.08847,0.625374,1050.750349
2026-07-16_ttft_component_regression/phase1/input8000_rate2p5_reuse00_seed3,104,755.1899878221684,22.654570919686144,777.8445587418546,1051.4050169436086,2.4868995751603507e-14,1829.2495756854632,719.655627,1038.997232,0.0,1758.652859
2026-07-16_ttft_component_regression/phase1/input8000_rate2p5_reuse00_seed3,94,956.146831568317,24.066510271290742,980.2133418396078,1051.4050169436086,0.6219692977832142,2032.2403280809997,4002.149312,1051.161116,0.625374,5053.935802
2026-07-16_ttft_component_regression/phase1/input8000_rate2p5_reuse00_seed3,117,0.2499565121205753,19.3026627152802,19.552619227400776,1051.4050169436086,2.4868995751603507e-14,1070.9576361710094,8.929572,1047.780566,0.0,1056.710138
2026-07-16_ttft_component_regression/phase1/input8000_rate2p5_reuse00_seed3,143,0.0,15.525330328814775,15.525330328814775,1051.4050169436086,2.4868995751603507e-14,1066.9303472724234,10.673172,1015.901396,0.0,1026.574568
2026-07-16_ttft_component_regression/phase1/input8000_rate2p5_reuse00_seed3,158,0.06447083413024919,13.281704435608756,13.346175269739005,1051.4050169436086,2.4868995751603507e-14,1064.7511922133476,0.262339,1001.426676,0.0,1001.689015
2026-07-16_ttft_component_regression/phase1/input8000_rate2p5_reuse00_seed3,163,1.0774151793930666,23.918187662993127,24.995602842386194,1051.4050169436086,0.6219692977832142,1077.022589083778,306.077665,1286.426654,0.625374,1593.129693
2026-07-16_ttft_component_regression/phase1/input8000_rate2p5_reuse00_seed3,160,0.9746675316212171,22.620375144271986,23.595042675893204,1051.4050169436086,0.6219692977832142,1075.622028917285,134.249107,1020.023465,0.625374,1154.897946
2026-07-16_ttft_component_regression/phase1/input8000_rate2p5_reuse00_seed3,168,1.0574079572120751,23.87210466680287,24.929512624014944,1051.4050169436086,0.6219692977832142,1076.9564988654067,167.862028,1018.989205,0.625374,1187.476607
2026-07-16_ttft_component_regression/phase1/input8000_rate2p5_reuse00_seed3,176,0.0,15.601032937368208,15.601032937368208,1051.4050169436086,2.4868995751603507e-14,1067.006049880977,3.00467,1012.032352,0.0,1015.037022
2026-07-16_ttft_component_regression/phase1/input8000_rate2p5_reuse00_seed3,189,0.0,17.279105912939805,17.279105912939805,1051.4050169436086,2.4868995751603507e-14,1068.6841228565484,2.768176,1041.601259,0.0,1044.369435
2026-07-16_ttft_component_regression/phase1/input8000_rate2p5_reuse00_seed3,197,0.22733075245724693,19.265264657812047,19.492595410269292,1051.4050169436086,2.4868995751603507e-14,1070.897612353878,8.752143,1047.86707,0.0,1056.619213
2026-07-16_ttft_component_regression/phase1/input8000_rate2p5_reuse00_seed3,210,0.21683491486002054,19.21049240907602,19.42732732393604,1051.4050169436086,2.4868995751603507e-14,1070.8323442675446,3.029195,1054.91439,0.0,1057.943585
2026-07-16_ttft_component_regression/phase1/input8000_rate2p5_reuse00_seed3,216,0.22733075245724693,19.265264657812047,19.492595410269292,1051.4050169436086,2.4868995751603507e-14,1070.897612353878,24.271582,1050.067329,0.0,1074.338911
2026-07-16_ttft_component_regression/phase1/input8000_rate2p5_reuse00_seed3,218,0.23216497120478152,19.29028852459484,19.52245349579962,1051.4050169436086,2.4868995751603507e-14,1070.9274704394084,108.969851,1044.224475,0.0,1153.194326
2026-07-16_ttft_component_regression/phase1/input8000_rate2p5_reuse00_seed3,235,0.0,15.525330328814775,15.525330328814775,1051.4050169436086,2.4868995751603507e-14,1066.9303472724234,1.174779,1016.727992,0.0,1017.902771
2026-07-16_ttft_component_regression/phase1/input8000_rate2p5_reuse00_seed3,241,0.2074586978193179,19.161048247221867,19.368506945041187,1051.4050169436086,2.4868995751603507e-14,1070.7735238886498,114.238203,1031.85623,0.0,1146.094433
2026-07-16_ttft_component_regression/phase1/input8000_rate2p5_reuse00_seed3,240,1.1234610766068898,22.928859889965825,24.052320966572715,1051.4050169436086,0.6219692977832142,1076.0793072079646,2.345621,1036.155889,0.625374,1039.126884
2026-07-16_ttft_component_regression/phase1/input8000_rate2p5_reuse00_seed3,266,1.0322399834184492,22.746941305325524,23.779181288743974,1051.4050169436086,0.6219692977832142,1075.8061675301358,20.945406,1063.394033,0.625374,1084.964813
2026-07-16_ttft_component_regression/phase1/input8000_rate2p5_reuse00_seed3,261,0.0,15.52498675298923,15.52498675298923,1051.4050169436086,2.4868995751603507e-14,1066.9300036965979,22.63313,1018.095382,0.0,1040.728512
2026-07-16_ttft_component_regression/phase1/input8000_rate2p5_reuse00_seed3,267,1.028764835867187,24.183592788802542,25.21235762466973,1051.4050169436086,0.6219692977832142,1077.2393438660615,420.21754200000004,1320.497409,0.625374,1741.340325
2026-07-16_ttft_component_regression/phase1/input8000_rate2p5_reuse00_seed3,284,0.0,16.492551850972617,16.492551850972617,1051.4050169436086,2.4868995751603507e-14,1067.8975687945813,76.710847,1343.723578,0.0,1420.434425
2026-07-16_ttft_component_regression/phase1/input8000_rate2p5_reuse00_seed3,282,0.024494441547031124,15.934640394729959,15.95913483627699,1051.4050169436086,2.4868995751603507e-14,1067.3641517798856,0.541278,1023.962263,0.0,1024.503541
2026-07-16_ttft_component_regression/phase1/input8000_rate2p5_reuse00_seed3,286,0.0,17.248273998652127,17.248273998652127,1051.4050169436086,2.4868995751603507e-14,1068.6532909422608,251.396037,1285.759647,0.0,1537.155684
2026-07-16_ttft_component_regression/phase1/input8000_rate2p5_reuse00_seed3,298,0.0,18.354013736991792,18.354013736991792,1051.4050169436086,2.4868995751603507e-14,1069.7590306806005,24.331815,1038.965169,0.0,1063.296984
2026-07-16_ttft_component_regression/phase1/input8000_rate2p5_reuse00_seed3,9,0.01628121761496424,0.5715453399947115,0.5878265576096757,1051.4050169436086,2.4868995751603507e-14,1051.9928435012184,0.018114,936.703457,0.0,936.721571
2026-07-16_ttft_component_regression/phase1/input8000_rate2p5_reuse00_seed3,32,0.0,6.8312123668786775,6.8312123668786775,1051.4050169436086,2.4868995751603507e-14,1058.2362293104873,17.241235,967.68934,0.0,984.930575
2026-07-16_ttft_component_regression/phase1/input8000_rate2p5_reuse00_seed3,41,0.01808801023560344,13.917169250457686,13.93525726069329,1051.4050169436086,2.4868995751603507e-14,1065.340274204302,187.191504,986.380215,0.0,1173.571719
2026-07-16_ttft_component_regression/phase1/input8000_rate2p5_reuse00_seed3,40,0.0,11.070023931581797,11.070023931581797,1051.4050169436086,2.4868995751603507e-14,1062.4750408751904,9.415624,977.881905,0.0,987.297529
2026-07-16_ttft_component_regression/phase1/input8000_rate2p5_reuse00_seed3,59,1.0996598007693703,23.96798180358227,25.06764160435164,1051.4050169436086,0.6219692977832142,1077.0946278457434,6.023421999999999,993.181542,0.625374,999.830338
2026-07-16_ttft_component_regression/phase1/input8000_rate2p5_reuse00_seed3,51,0.01861301623463223,13.950473764353754,13.969086780588386,1051.4050169436086,2.4868995751603507e-14,1065.374103724197,2.387663,986.432951,0.0,988.820614
2026-07-16_ttft_component_regression/phase1/input8000_rate2p5_reuse00_seed3,66,0.05829557163818029,16.66339000238244,16.72168557402062,1051.4050169436086,2.4868995751603507e-14,1068.1267025176292,12.152982,1004.392004,0.0,1016.544986
2026-07-16_ttft_component_regression/phase1/input8000_rate2p5_reuse00_seed3,77,1.058634906908991,22.802831717617458,23.86146662452645,1051.4050169436086,0.6219692977832142,1075.8884528659182,9.307697999999998,1005.811748,0.625374,1015.74482
2026-07-16_ttft_component_regression/phase1/input8000_rate2p5_reuse00_seed3,106,0.03898846314367562,15.010199746699982,15.049188209843658,1051.4050169436086,2.4868995751603507e-14,1066.4542051534522,152.351191,1271.808274,0.0,1424.159465
2026-07-16_ttft_component_regression/phase1/input8000_rate2p5_reuse00_seed3,105,0.035071491830524125,13.23545941797755,13.270530909808073,1051.4050169436086,2.4868995751603507e-14,1064.6755478534167,4.271349,1015.689697,0.0,1019.961046
2026-07-16_ttft_component_regression/phase1/input8000_rate2p5_reuse00_seed3,112,0.039653673192492175,14.990458375115823,15.030112048308315,1051.4050169436086,2.4868995751603507e-14,1066.435128991917,10.322213,1038.218267,0.0,1048.54048
2026-07-16_ttft_component_regression/phase1/input8000_rate2p5_reuse00_seed3,116,1.0427390736362165,22.76997725677873,23.812716330414947,1051.4050169436086,0.6219692977832142,1075.8397025718068,870.140108,1276.118042,0.625374,2146.883524
2026-07-16_ttft_component_regression/phase1/input8000_rate2p5_reuse00_seed3,115,1.0626283542176653,22.810963641437397,23.87359199565506,1051.4050169436086,0.6219692977832142,1075.9005782370468,206.547174,1334.136145,0.625374,1541.308693
2026-07-16_ttft_component_regression/phase1/input8000_rate2p5_reuse00_seed3,144,0.0,15.532694430208783,15.532694430208783,1051.4050169436086,2.4868995751603507e-14,1066.9377113738174,16.586997,1034.174072,0.0,1050.761069
2026-07-16_ttft_component_regression/phase1/input8000_rate2p5_reuse00_seed3,159,0.2262224715381205,295.08641630738026,295.31263877891837,1051.4050169436086,2.4868995751603507e-14,1346.717655722527,1336.379986,1299.15713,0.0,2635.537116
2026-07-16_ttft_component_regression/phase1/input8000_rate2p5_reuse00_seed3,177,0.0,16.33851386876689,16.33851386876689,1051.4050169436086,2.4868995751603507e-14,1067.7435308123756,0.563809,1020.750819,0.0,1021.314628
2026-07-16_ttft_component_regression/phase1/input8000_rate2p5_reuse00_seed3,155,0.0,15.529838595200708,15.529838595200708,1051.4050169436086,2.4868995751603507e-14,1066.9348555388094,4.283359,1033.621452,0.0,1037.904811
2026-07-16_ttft_component_regression/phase1/input8000_rate2p5_reuse00_seed3,183,0.19641376256759813,19.102176481297608,19.298590243865206,1051.4050169436086,2.4868995751603507e-14,1070.7036071874738,4.13786,1027.62122,0.0,1031.75908
2026-07-16_ttft_component_regression/phase1/input8000_rate2p5_reuse00_seed3,157,0.0,16.33267820044124,16.33267820044124,1051.4050169436086,2.4868995751603507e-14,1067.73769514405,355.497726,1353.684151,0.0,1709.181877
2026-07-16_ttft_component_regression/phase1/input8000_rate2p5_reuse00_seed3,171,0.23559572615725224,19.228356323385537,19.46395204954279,1051.4050169436086,2.4868995751603507e-14,1070.8689689931514,17.749222,1033.677946,0.0,1051.427168
2026-07-16_ttft_component_regression/phase1/input8000_rate2p5_reuse00_seed3,213,0.0,16.258469539471093,16.258469539471093,1051.4050169436086,2.4868995751603507e-14,1067.6634864830799,8.564731,1044.54884,0.0,1053.113571
2026-07-16_ttft_component_regression/phase1/input8000_rate2p5_reuse00_seed3,209,0.9855250090988016,22.650456576745125,23.635981585843926,1051.4050169436086,0.6219692977832142,1075.6629678272357,0.845839,1025.727521,0.625374,1027.198734
2026-07-16_ttft_component_regression/phase1/input8000_rate2p5_reuse00_seed3,215,0.1976896772715817,20.377468449049374,20.575158126320957,1051.4050169436086,2.4868995751603507e-14,1071.9801750699296,120.274286,1327.12255,0.0,1447.396836
2026-07-16_ttft_component_regression/phase1/input8000_rate2p5_reuse00_seed3,234,0.035277917626149465,13.248274585495855,13.283552503122005,1051.4050169436086,2.4868995751603507e-14,1064.6885694467308,8.690694,1002.822781,0.0,1011.513475
2026-07-16_ttft_component_regression/phase1/input8000_rate2p5_reuse00_seed3,242,0.0679442898485696,15.118383777645276,15.186328067493845,1051.4050169436086,2.4868995751603507e-14,1066.5913450111025,4.89747,1001.848149,0.0,1006.745619
2026-07-16_ttft_component_regression/phase1/input8000_rate2p5_reuse00_seed3,250,0.0,15.527005969460646,15.527005969460646,1051.4050169436086,2.4868995751603507e-14,1066.9320229130692,23.701428,1021.048807,0.0,1044.750235
2026-07-16_ttft_component_regression/phase1/input8000_rate2p5_reuse00_seed3,254,0.0,16.246473641245803,16.246473641245803,1051.4050169436086,2.4868995751603507e-14,1067.6514905848544,9.86505,1026.057536,0.0,1035.922586
2026-07-16_ttft_component_regression/phase1/input8000_rate2p5_reuse00_seed3,274,0.0728004593417695,14.96752725860772,15.04032771794949,1051.4050169436086,2.4868995751603507e-14,1066.4453446615582,166.861024,1024.305597,0.0,1191.166621
2026-07-16_ttft_component_regression/phase1/input8000_rate2p5_reuse00_seed3,272,1.0867523391645573,22.859053453860696,23.945805793025254,1051.4050169436086,0.6219692977832142,1075.9727920344171,16.208735,1005.053409,0.625374,1021.887518
2026-07-16_ttft_component_regression/phase1/input8000_rate2p5_reuse00_seed3,279,0.0,17.22702350109723,17.22702350109723,1051.4050169436086,2.4868995751603507e-14,1068.6320404447058,8.280721,1028.171125,0.0,1036.451846
2026-07-16_ttft_component_regression/phase1/input8000_rate2p5_reuse00_seed3,278,0.0,15.533488560434428,15.533488560434428,1051.4050169436086,2.4868995751603507e-14,1066.9385055040432,3.128678,1028.547219,0.0,1031.675897
2026-07-16_ttft_component_regression/phase1/input8000_rate2p5_reuse50_seed1,7,0.0,8.379591700302786,8.379591700302786,564.4709007289158,2.6645352591003757e-15,572.8504924292185,159.264103,516.688223,0.0,675.952326
2026-07-16_ttft_component_regression/phase1/input8000_rate2p5_reuse50_seed1,5,0.016752419283114654,0.748107605672364,0.7648600249554787,564.4709007289158,2.6645352591003757e-15,565.2357607538713,0.006882,503.866806,0.0,503.873688
2026-07-16_ttft_component_regression/phase1/input8000_rate2p5_reuse50_seed1,39,0.023744158368053343,17.636680114746884,17.660424273114938,564.4709007289158,2.6645352591003757e-15,582.1313250020307,12.258403,528.554537,0.0,540.81294
2026-07-16_ttft_component_regression/phase1/input8000_rate2p5_reuse50_seed1,35,0.0,14.076195255108084,14.076195255108084,564.4709007289158,2.6645352591003757e-15,578.5470959840239,2.193052,524.673272,0.0,526.866324
2026-07-16_ttft_component_regression/phase1/input8000_rate2p5_reuse50_seed1,71,0.015406148119049013,0.7125497733669939,0.7279559214860429,564.4709007289158,2.6645352591003757e-15,565.1988566504018,0.022246,503.866806,0.0,503.889052
2026-07-16_ttft_component_regression/phase1/input8000_rate2p5_reuse50_seed1,74,0.0,8.410197050772185,8.410197050772185,564.4709007289158,2.6645352591003757e-15,572.881097779688,16.516332,516.717567,0.0,533.233899
2026-07-16_ttft_component_regression/phase1/input8000_rate2p5_reuse50_seed1,105,0.0,14.026753474179147,14.026753474179147,564.4709007289158,2.6645352591003757e-15,578.497654203095,32.044334,817.758589,0.0,849.802923
2026-07-16_ttft_component_regression/phase1/input8000_rate2p5_reuse50_seed1,109,0.0,14.02843654048808,14.02843654048808,564.4709007289158,2.6645352591003757e-15,578.4993372694039,9.299104,530.222246,0.0,539.52135
2026-07-16_ttft_component_regression/phase1/input8000_rate2p5_reuse50_seed1,104,0.0,8.403017552450473,8.403017552450473,564.4709007289158,2.6645352591003757e-15,572.8739182813663,1.068577,558.173757,0.0,559.242334
2026-07-16_ttft_component_regression/phase1/input8000_rate2p5_reuse50_seed1,114,0.02178346389842127,17.464988010122255,17.486771474020678,564.4709007289158,2.6645352591003757e-15,581.9576722029365,0.470551,531.38824,0.0,531.858791
2026-07-16_ttft_component_regression/phase1/input8000_rate2p5_reuse50_seed1,144,0.020356946064971692,16.142391148319064,16.162748094384035,564.4709007289158,2.6645352591003757e-15,580.6336488232998,6.251195,568.10775,0.0,574.358945
2026-07-16_ttft_component_regression/phase1/input8000_rate2p5_reuse50_seed1,155,0.0,12.970255086433436,12.970255086433436,564.4709007289158,2.6645352591003757e-15,577.4411558153492,15.442794,529.650714,0.0,545.093508
2026-07-16_ttft_component_regression/phase1/input8000_rate2p5_reuse50_seed1,146,0.027526030808447628,18.361579087322724,18.389105118131173,564.4709007289158,2.6645352591003757e-15,582.860005847047,65.68865,837.259034,0.0,902.947684
2026-07-16_ttft_component_regression/phase1/input8000_rate2p5_reuse50_seed1,171,0.032721773297295316,17.33226640355394,17.364988176851238,564.4709007289158,2.6645352591003757e-15,581.8358889057671,9.626501,570.099283,0.0,579.725784
2026-07-16_ttft_component_regression/phase1/input8000_rate2p5_reuse50_seed1,169,0.027864712054322567,15.365119840095916,15.392984552150239,564.4709007289158,2.6645352591003757e-15,579.863885281066,19.896115,534.435623,0.0,554.331738
2026-07-16_ttft_component_regression/phase1/input8000_rate2p5_reuse50_seed1,173,0.0,18.63782602124755,18.63782602124755,564.4709007289158,2.6645352591003757e-15,583.1087267501633,106.21387,840.289669,0.0,946.503539
2026-07-16_ttft_component_regression/phase1/input8000_rate2p5_reuse50_seed1,215,0.0,12.246200544511707,12.246200544511707,564.4709007289158,2.6645352591003757e-15,576.7171012734275,9.77778,530.023953,0.0,539.801733
2026-07-16_ttft_component_regression/phase1/input8000_rate2p5_reuse50_seed1,238,0.07300063660427984,7.685873120124754,7.758873756729034,564.4709007289158,2.6645352591003757e-15,572.2297744856448,16.240201,560.939678,0.0,577.179879
2026-07-16_ttft_component_regression/phase1/input8000_rate2p5_reuse50_seed1,239,0.045697912828281825,12.928006202858832,12.973704115687113,564.4709007289158,2.6645352591003757e-15,577.444604844603,252.264338,825.710766,0.0,1077.975104
2026-07-16_ttft_component_regression/phase1/input8000_rate2p5_reuse50_seed1,253,0.02867604653840547,15.429358853169544,15.45803489970795,564.4709007289158,2.6645352591003757e-15,579.9289356286238,20.038342,535.944198,0.0,555.98254
2026-07-16_ttft_component_regression/phase1/input8000_rate2p5_reuse50_seed1,270,0.022009540089928028,16.276437539861803,16.298447079951732,564.4709007289158,2.6645352591003757e-15,580.7693478088676,10.974849,538.8944,0.0,549.869249
2026-07-16_ttft_component_regression/phase1/input8000_rate2p5_reuse50_seed1,272,0.02701783960509981,18.388150390916035,18.415168230521136,564.4709007289158,2.6645352591003757e-15,582.8860689594369,11.393444,539.157007,0.0,550.550451
2026-07-16_ttft_component_regression/phase1/input8000_rate2p5_reuse50_seed1,275,0.0,19.735690134241434,19.735690134241434,564.4709007289158,2.6645352591003757e-15,584.2065908631572,212.637792,542.866648,0.0,755.50444
2026-07-16_ttft_component_regression/phase1/input8000_rate2p5_reuse50_seed1,296,0.0283932601729772,18.314693663401606,18.34308692357458,564.4709007289158,2.6645352591003757e-15,582.8139876524904,13.904305,540.422481,0.0,554.326786
2026-07-16_ttft_component_regression/phase1/input8000_rate2p5_reuse50_seed1,14,0.015304521543447285,0.7099771605849715,0.7252816821284188,564.4709007289158,2.6645352591003757e-15,565.1961824110442,0.032465,503.866806,0.0,503.899271
2026-07-16_ttft_component_regression/phase1/input8000_rate2p5_reuse50_seed1,18,0.0,8.410197050772185,8.410197050772185,564.4709007289158,2.6645352591003757e-15,572.881097779688,147.04365,516.688223,0.0,663.731873
2026-07-16_ttft_component_regression/phase1/input8000_rate2p5_reuse50_seed1,33,0.0,14.009410063300784,14.009410063300784,564.4709007289158,2.6645352591003757e-15,578.4803107922166,0.463122,523.978392,0.0,524.441514
2026-07-16_ttft_component_regression/phase1/input8000_rate2p5_reuse50_seed1,50,0.021573884013287973,17.44708825913292,17.468662143146208,564.4709007289158,2.6645352591003757e-15,581.939562872062,205.832168,527.083401,0.0,732.915569
2026-07-16_ttft_component_regression/phase1/input8000_rate2p5_reuse50_seed1,41,0.0,7.735249685504574,7.735249685504574,564.4709007289158,2.6645352591003757e-15,572.2061504144203,8.192384,516.844799,0.0,525.037183
2026-07-16_ttft_component_regression/phase1/input8000_rate2p5_reuse50_seed1,49,0.0,14.035345036769998,14.035345036769998,564.4709007289158,2.6645352591003757e-15,578.5062457656858,12.961453,523.02604,0.0,535.987493
2026-07-16_ttft_component_regression/phase1/input8000_rate2p5_reuse50_seed1,73,0.022822429193502854,17.554985773797977,17.57780820299148,564.4709007289158,2.6645352591003757e-15,582.0487089319073,8.118078,528.614249,0.0,536.732327
2026-07-16_ttft_component_regression/phase1/input8000_rate2p5_reuse50_seed1,76,0.027673382160422703,19.926624889369698,19.95429827153012,564.4709007289158,2.6645352591003757e-15,584.4251990004459,8.54212,531.301677,0.0,539.843797
2026-07-16_ttft_component_regression/phase1/input8000_rate2p5_reuse50_seed1,88,0.024758611252180675,18.499298744971426,18.524057356223608,564.4709007289158,2.6645352591003757e-15,582.9949580851394,21.297453,570.80097,0.0,592.098423
2026-07-16_ttft_component_regression/phase1/input8000_rate2p5_reuse50_seed1,87,0.023818852806077987,16.429503521106998,16.453322373913075,564.4709007289158,2.6645352591003757e-15,580.9242231028289,4.508297,535.588117,0.0,540.096414
2026-07-16_ttft_component_regression/phase1/input8000_rate2p5_reuse50_seed1,89,0.0,19.810617874833856,19.810617874833856,564.4709007289158,2.6645352591003757e-15,584.2815186037496,221.671189,841.479794,0.0,1063.150983
2026-07-16_ttft_component_regression/phase1/input8000_rate2p5_reuse50_seed1,126,0.0,19.7901898884056,19.7901898884056,564.4709007289158,2.6645352591003757e-15,584.2610906173214,13.889638,546.168448,0.0,560.058086
2026-07-16_ttft_component_regression/phase1/input8000_rate2p5_reuse50_seed1,113,0.0,21.41896894040417,21.41896894040417,564.4709007289158,2.6645352591003757e-15,585.88986966932,2.332262,543.488724,0.0,545.820986
2026-07-16_ttft_component_regression/phase1/input8000_rate2p5_reuse50_seed1,132,0.0,19.751396778902485,19.751396778902485,564.4709007289158,2.6645352591003757e-15,584.2222975078183,21.4676,546.100572,0.0,567.568172
2026-07-16_ttft_component_regression/phase1/input8000_rate2p5_reuse50_seed1,141,0.0,18.627979829806073,18.627979829806073,564.4709007289158,2.6645352591003757e-15,583.0988805587219,15.675753,545.283349,0.0,560.959102
2026-07-16_ttft_component_regression/phase1/input8000_rate2p5_reuse50_seed1,156,0.0,19.709258104376424,19.709258104376424,564.4709007289158,2.6645352591003757e-15,584.1801588332922,22.95271,542.378506,0.0,565.331216
2026-07-16_ttft_component_regression/phase1/input8000_rate2p5_reuse50_seed1,150,0.0,20.333957460625495,20.333957460625495,564.4709007289158,2.6645352591003757e-15,584.8048581895413,22.471771,549.11876,0.0,571.590531
2026-07-16_ttft_component_regression/phase1/input8000_rate2p5_reuse50_seed1,174,0.0,20.26806393499755,20.26806393499755,564.4709007289158,2.6645352591003757e-15,584.7389646639134,7.433228,547.464142,0.0,554.89737
2026-07-16_ttft_component_regression/phase1/input8000_rate2p5_reuse50_seed1,181,0.15770309860772241,25.184203104096635,25.341906202704358,564.4709007289158,2.6645352591003757e-15,589.8128069316201,102.484637,852.691506,0.0,955.176143
2026-07-16_ttft_component_regression/phase1/input8000_rate2p5_reuse50_seed1,190,0.15686871698742294,25.177302508496854,25.334171225484276,564.4709007289158,2.6645352591003757e-15,589.8050719544001,23.762596,552.846285,0.0,576.608881
2026-07-16_ttft_component_regression/phase1/input8000_rate2p5_reuse50_seed1,166,0.0,20.271469754313987,20.271469754313987,564.4709007289158,2.6645352591003757e-15,584.7423704832298,13.696082,547.913791,0.0,561.609873
2026-07-16_ttft_component_regression/phase1/input8000_rate2p5_reuse50_seed1,180,0.0,21.485351893626884,21.485351893626884,564.4709007289158,2.6645352591003757e-15,585.9562526225427,22.84894,579.683746,0.0,602.532686
2026-07-16_ttft_component_regression/phase1/input8000_rate2p5_reuse50_seed1,223,0.05780998234839632,17.46507837683442,17.522888359182815,564.4709007289158,2.6645352591003757e-15,581.9937890880987,15.677255,540.146694,0.0,555.823949
2026-07-16_ttft_component_regression/phase1/input8000_rate2p5_reuse50_seed1,210,0.0,20.445604107206627,20.445604107206627,564.4709007289158,2.6645352591003757e-15,584.9165048361224,11.821411,548.539099,0.0,560.36051
2026-07-16_ttft_component_regression/phase1/input8000_rate2p5_reuse50_seed1,231,0.05214961132585707,15.400215608389388,15.452365219715245,564.4709007289158,2.6645352591003757e-15,579.9232659486311,2.920662,535.188341,0.0,538.109003
2026-07-16_ttft_component_regression/phase1/input8000_rate2p5_reuse50_seed1,233,0.05885224497435823,17.414406890036418,17.473259135010775,564.4709007289158,2.6645352591003757e-15,581.9441598639265,14.684621,534.994161,0.0,549.678782
2026-07-16_ttft_component_regression/phase1/input8000_rate2p5_reuse50_seed1,246,0.0,18.593147268174263,18.593147268174263,564.4709007289158,2.6645352591003757e-15,583.06404799709,12.58834,541.967421,0.0,554.555761
2026-07-16_ttft_component_regression/phase1/input8000_rate2p5_reuse50_seed1,251,0.0,18.565353219951454,18.565353219951454,564.4709007289158,2.6645352591003757e-15,583.0362539488673,6.50543,539.345651,0.0,545.851081
2026-07-16_ttft_component_regression/phase1/input8000_rate2p5_reuse50_seed1,261,0.0,20.346953114790175,20.346953114790175,564.4709007289158,2.6645352591003757e-15,584.817853843706,18.834599,546.170346,0.0,565.004945
2026-07-16_ttft_component_regression/phase1/input8000_rate2p5_reuse50_seed1,299,0.015332925320297347,0.622895413165706,0.6382283384860034,564.4709007289158,2.6645352591003757e-15,565.1091290674018,0.033011,507.267433,0.0,507.300444
2026-07-16_ttft_component_regression/phase1/input8000_rate2p5_reuse50_seed1,69,0.0,8.405125185210538,8.405125185210538,564.4709007289158,2.6645352591003757e-15,572.8760259141263,17.489092,516.755199,0.0,534.244291
2026-07-16_ttft_component_regression/phase1/input8000_rate2p5_reuse50_seed1,64,0.016192851678063325,0.7329747732847969,0.7491676249628602,564.4709007289158,2.6645352591003757e-15,565.2200683538787,0.012131,503.866806,0.0,503.878937
2026-07-16_ttft_component_regression/phase1/input8000_rate2p5_reuse50_seed1,91,0.0,14.018603507188216,14.018603507188216,564.4709007289158,2.6645352591003757e-15,578.489504236104,17.604939,524.3886,0.0,541.993539
2026-07-16_ttft_component_regression/phase1/input8000_rate2p5_reuse50_seed1,103,0.0,8.41404737230338,8.41404737230338,564.4709007289158,2.6645352591003757e-15,572.8849481012192,10.449875,516.806655,0.0,527.25653
2026-07-16_ttft_component_regression/phase1/input8000_rate2p5_reuse50_seed1,106,0.0,14.003638642583335,14.003638642583335,564.4709007289158,2.6645352591003757e-15,578.4745393714992,10.219292,522.968152,0.0,533.187444
2026-07-16_ttft_component_regression/phase1/input8000_rate2p5_reuse50_seed1,116,0.020729878852258677,17.37582838871482,17.396558267567077,564.4709007289158,2.6645352591003757e-15,581.8674589964829,3.461744,527.180905,0.0,530.642649
2026-07-16_ttft_component_regression/phase1/input8000_rate2p5_reuse50_seed1,131,0.028635800655183504,18.301207494719588,18.329843295374772,564.4709007289158,2.6645352591003757e-15,582.8007440242906,12.281274,530.813581,0.0,543.094855
2026-07-16_ttft_component_regression/phase1/input8000_rate2p5_reuse50_seed1,125,0.028995189999297327,18.28090282774885,18.309898017748147,564.4709007289158,2.6645352591003757e-15,582.780798746664,18.634532,530.865869,0.0,549.500401
2026-07-16_ttft_component_regression/phase1/input8000_rate2p5_reuse50_seed1,143,0.02662793068859011,15.269598458202701,15.296226388891291,564.4709007289158,2.6645352591003757e-15,579.7671271178071,11.716174,534.167476,0.0,545.88365
2026-07-16_ttft_component_regression/phase1/input8000_rate2p5_reuse50_seed1,151,0.032721773297295316,17.33226640355394,17.364988176851238,564.4709007289158,2.6645352591003757e-15,581.8358889057671,10.915652,535.388169,0.0,546.303821
2026-07-16_ttft_component_regression/phase1/input8000_rate2p5_reuse50_seed1,157,0.0,19.764401441492705,19.764401441492705,564.4709007289158,2.6645352591003757e-15,584.2353021704085,1.788461,541.176628,0.0,542.965089
2026-07-16_ttft_component_regression/phase1/input8000_rate2p5_reuse50_seed1,192,0.0,12.233075383309522,12.233075383309522,564.4709007289158,2.6645352591003757e-15,576.7039761122253,15.396719,526.650826,0.0,542.047545
2026-07-16_ttft_component_regression/phase1/input8000_rate2p5_reuse50_seed1,212,0.0,12.300589733511021,12.300589733511021,564.4709007289158,2.6645352591003757e-15,576.7714904624269,2.461553,532.768977,0.0,535.23053
2026-07-16_ttft_component_regression/phase1/input8000_rate2p5_reuse50_seed1,205,0.0,12.99632839998706,12.99632839998706,564.4709007289158,2.6645352591003757e-15,577.4672291289029,6.789412,526.080624,0.0,532.870036
2026-07-16_ttft_component_regression/phase1/input8000_rate2p5_reuse50_seed1,219,0.05193711349427208,15.384248092803036,15.436185206297308,564.4709007289158,2.6645352591003757e-15,579.9070859352131,7.827714,535.313911,0.0,543.141625
2026-07-16_ttft_component_regression/phase1/input8000_rate2p5_reuse50_seed1,244,0.026105962128838797,15.230102143680138,15.256208105808977,564.4709007289158,2.6645352591003757e-15,579.7271088347247,15.121466,538.489038,0.0,553.610504
2026-07-16_ttft_component_regression/phase1/input8000_rate2p5_reuse50_seed1,259,0.0,12.294049612438664,12.294049612438664,564.4709007289158,2.6645352591003757e-15,576.7649503413545,18.312893,526.649242,0.0,544.962135
2026-07-16_ttft_component_regression/phase1/input8000_rate2p5_reuse50_seed1,267,0.0,12.218982183214468,12.218982183214468,564.4709007289158,2.6645352591003757e-15,576.6898829121303,0.067398,532.549174,0.0,532.616572
2026-07-16_ttft_component_regression/phase1/input8000_rate2p5_reuse50_seed1,268,0.02261877863706973,16.327199390327987,16.349818168965058,564.4709007289158,2.6645352591003757e-15,580.8207188978809,46.945539,533.779085,0.0,580.724624
2026-07-16_ttft_component_regression/phase1/input8000_rate2p5_reuse50_seed1,287,0.02420428180292069,18.525034396629017,18.549238678431937,564.4709007289158,2.6645352591003757e-15,583.0201394073478,10.099855,536.426602,0.0,546.526457
2026-07-16_ttft_component_regression/phase1/input8000_rate2p5_reuse50_seed1,285,0.023620598880745747,16.412381842276254,16.436002441157,564.4709007289158,2.6645352591003757e-15,580.9069031700728,0.338689,535.99499,0.0,536.333679
2026-07-16_ttft_component_regression/phase1/input8000_rate2p5_reuse50_seed1,293,0.0,19.8182338489581,19.8182338489581,564.4709007289158,2.6645352591003757e-15,584.2891345778739,10.502666,541.648575,0.0,552.151241
2026-07-16_ttft_component_regression/phase1/input8000_rate2p5_reuse50_seed1,10,0.0,8.396430998918406,8.396430998918406,564.4709007289158,2.6645352591003757e-15,572.8673317278342,14.275374,516.837375,0.0,531.112749
2026-07-16_ttft_component_regression/phase1/input8000_rate2p5_reuse50_seed1,0,0.016752419283114654,0.748107605672364,0.7648600249554787,564.4709007289158,2.6645352591003757e-15,565.2357607538713,0.0,503.866806,0.0,503.866806
2026-07-16_ttft_component_regression/phase1/input8000_rate2p5_reuse50_seed1,13,0.0,14.037116117493985,14.037116117493985,564.4709007289158,2.6645352591003757e-15,578.5080168464098,9.881927,522.966424,0.0,532.848351
2026-07-16_ttft_component_regression/phase1/input8000_rate2p5_reuse50_seed1,16,0.023233694293431112,17.591214083872263,17.614447778165694,564.4709007289158,2.6645352591003757e-15,582.0853485070814,226.169708,527.027977,0.0,753.197685
2026-07-16_ttft_component_regression/phase1/input8000_rate2p5_reuse50_seed1,43,0.0,8.397555839606996,8.397555839606996,564.4709007289158,2.6645352591003757e-15,572.8684565685228,5.189193,558.432925,0.0,563.622118
2026-07-16_ttft_component_regression/phase1/input8000_rate2p5_reuse50_seed1,44,0.0,14.031855582937675,14.031855582937675,564.4709007289158,2.6645352591003757e-15,578.5027563118534,99.662794,867.395206,0.0,967.058
2026-07-16_ttft_component_regression/phase1/input8000_rate2p5_reuse50_seed1,53,0.030905298098480083,19.73918003142845,19.770085329526932,564.4709007289158,2.6645352591003757e-15,584.2409860584428,1.433178,530.205389,0.0,531.638567
2026-07-16_ttft_component_regression/phase1/input8000_rate2p5_reuse50_seed1,47,0.02167874654610509,17.456033931582695,17.4777126781288,564.4709007289158,2.6645352591003757e-15,581.9486134070446,528.628281,810.841566,0.0,1339.469847
2026-07-16_ttft_component_regression/phase1/input8000_rate2p5_reuse50_seed1,61,0.03258663702626477,19.627704324888963,19.660290961915226,564.4709007289158,2.6645352591003757e-15,584.1311916908311,1.034742,535.565879,0.0,536.600621
2026-07-16_ttft_component_regression/phase1/input8000_rate2p5_reuse50_seed1,77,0.14938970877157487,27.115321270333578,27.264710979105153,564.4709007289158,2.6645352591003757e-15,591.735611708021,7.486161,548.8175,0.0,556.303661
2026-07-16_ttft_component_regression/phase1/input8000_rate2p5_reuse50_seed1,65,0.0,21.260745654452347,21.260745654452347,564.4709007289158,2.6645352591003757e-15,585.7316463833681,8.024173,539.457454,0.0,547.481627
2026-07-16_ttft_component_regression/phase1/input8000_rate2p5_reuse50_seed1,67,0.0,23.17801691080287,23.17801691080287,564.4709007289158,2.6645352591003757e-15,587.6489176397187,18.708421,542.258473,0.0,560.966894
2026-07-16_ttft_component_regression/phase1/input8000_rate2p5_reuse50_seed1,92,0.02970869347412358,19.812138548431022,19.841847241905146,564.4709007289158,2.6645352591003757e-15,584.312747970821,15.35706,537.1928,0.0,552.54986
2026-07-16_ttft_component_regression/phase1/input8000_rate2p5_reuse50_seed1,100,0.0,21.338351020261623,21.338351020261623,564.4709007289158,2.6645352591003757e-15,585.8092517491774,2.825523,541.937983,0.0,544.763506
2026-07-16_ttft_component_regression/phase1/input8000_rate2p5_reuse50_seed1,118,0.18693234900032013,25.419542967795316,25.606475316795635,564.4709007289158,2.6645352591003757e-15,590.0773760457114,5.206457,549.25052,0.0,554.456977
2026-07-16_ttft_component_regression/phase1/input8000_rate2p5_reuse50_seed1,101,0.0,23.283176755169897,23.283176755169897,564.4709007289158,2.6645352591003757e-15,587.7540774840857,4.48548,544.377118,0.0,548.862598
2026-07-16_ttft_component_regression/phase1/input8000_rate2p5_reuse50_seed1,127,0.0,21.355249465105473,21.355249465105473,564.4709007289158,2.6645352591003757e-15,585.8261501940212,7.650279,541.874743,0.0,549.525022
2026-07-16_ttft_component_regression/phase1/input8000_rate2p5_reuse50_seed1,110,0.0,23.344122053009162,23.344122053009162,564.4709007289158,2.6645352591003757e-15,587.815022781925,3.410669,545.771005,0.0,549.181674
2026-07-16_ttft_component_regression/phase1/input8000_rate2p5_reuse50_seed1,135,0.18428561804438182,25.398732109396104,25.583017727440485,564.4709007289158,2.6645352591003757e-15,590.0539184563563,47.40156,855.526824,0.0,902.928384
2026-07-16_ttft_component_regression/phase1/input8000_rate2p5_reuse50_seed1,134,0.0,21.566263241638204,21.566263241638204,564.4709007289158,2.6645352591003757e-15,586.037163970554,8.18832,581.179421,0.0,589.367741
2026-07-16_ttft_component_regression/phase1/input8000_rate2p5_reuse50_seed1,148,6248.5428934994325,26.97540764603683,6275.518301145469,564.4709007289158,2.6645352591003757e-15,6839.989201874385,5592.590893,554.583376,0.0,6147.174269
2026-07-16_ttft_component_regression/phase1/input8000_rate2p5_reuse50_seed1,142,0.1940548996869783,25.47506832389001,25.66912322357699,564.4709007289158,2.6645352591003757e-15,590.1400239524928,11.997278,548.152529,0.0,560.149807
2026-07-16_ttft_component_regression/phase1/input8000_rate2p5_reuse50_seed1,161,5767.517445093572,28.60125116797927,5796.118696261551,564.4709007289158,2.6645352591003757e-15,6360.589596990467,4715.95348,548.157331,0.0,5264.110811
2026-07-16_ttft_component_regression/phase1/input8000_rate2p5_reuse50_seed1,153,5667.954946179816,28.62522057350453,5696.580166753321,564.4709007289158,2.6645352591003757e-15,6261.051067482236,4166.876016,550.972654,0.0,4717.84867
2026-07-16_ttft_component_regression/phase1/input8000_rate2p5_reuse50_seed1,162,6308.603977416616,28.60125116797927,6337.205228584595,564.4709007289158,2.6645352591003757e-15,6901.6761293135105,6170.1718,546.789261,0.0,6716.961061
2026-07-16_ttft_component_regression/phase1/input8000_rate2p5_reuse50_seed1,159,4379.79638053391,28.62858802157405,4408.424968555484,564.4709007289158,2.6645352591003757e-15,4972.8958692844,2687.996879,548.258954,0.0,3236.255833
2026-07-16_ttft_component_regression/phase1/input8000_rate2p5_reuse50_seed1,176,6874.725829020376,26.958355409113523,6901.6841844294895,564.4709007289158,2.6645352591003757e-15,7466.155085158405,11000.133926,551.841202,0.0,11551.975128
2026-07-16_ttft_component_regression/phase1/input8000_rate2p5_reuse50_seed1,172,6800.208472490016,26.978778936153997,6827.18725142617,564.4709007289158,2.6645352591003757e-15,7391.658152155086,9183.684018999998,552.020848,0.0,9735.704867
2026-07-16_ttft_component_regression/phase1/input8000_rate2p5_reuse50_seed1,194,6776.70835046341,26.951443663259372,6803.659794126669,564.4709007289158,2.6645352591003757e-15,7368.130694855585,9351.101682999999,548.851452,0.0,9899.953135
2026-07-16_ttft_component_regression/phase1/input8000_rate2p5_reuse50_seed1,182,7027.041473333339,27.01820341227739,7054.059676745616,564.4709007289158,2.6645352591003757e-15,7618.530577474532,11834.024447,551.190794,0.0,12385.215241
2026-07-16_ttft_component_regression/phase1/input8000_rate2p5_reuse50_seed1,222,5618.087897625375,27.06606588275224,5645.153963508127,564.4709007289158,2.6645352591003757e-15,6209.624864237043,4423.6268979999995,550.598129,0.0,4974.225027
2026-07-16_ttft_component_regression/phase1/input8000_rate2p5_reuse50_seed1,220,5558.645151954748,27.117096729632767,5585.762248684381,564.4709007289158,2.6645352591003757e-15,6150.233149413297,4138.814236,553.300627,0.0,4692.114863
2026-07-16_ttft_component_regression/phase1/input8000_rate2p5_reuse50_seed1,260,0.058335814883836365,17.439818852885317,17.498154667769153,564.4709007289158,2.6645352591003757e-15,581.969055396685,8.496033,538.884636,0.0,547.380669
2026-07-16_ttft_component_regression/phase1/input8000_rate2p5_reuse50_seed1,273,0.020981271723428927,16.192430102434066,16.213411374157495,564.4709007289158,2.6645352591003757e-15,580.6843121030734,12.508505,537.327792,0.0,549.836297
2026-07-16_ttft_component_regression/phase1/input8000_rate2p5_reuse50_seed1,282,0.022009540089928028,16.276437539861803,16.298447079951732,564.4709007289158,2.6645352591003757e-15,580.7693478088676,11.713689,535.529457,0.0,547.243146
2026-07-16_ttft_component_regression/phase1/input8000_rate2p5_reuse50_seed1,9,0.0,14.046234256738822,14.046234256738822,564.4709007289158,2.6645352591003757e-15,578.5171349856546,11.136442,522.866904,0.0,534.003346
2026-07-16_ttft_component_regression/phase1/input8000_rate2p5_reuse50_seed1,6,0.0,8.388261754210594,8.388261754210594,564.4709007289158,2.6645352591003757e-15,572.8591624831264,14.400377,516.693919,0.0,531.094296
2026-07-16_ttft_component_regression/phase1/input8000_rate2p5_reuse50_seed1,3,0.016752419283114654,0.748107605672364,0.7648600249554787,564.4709007289158,2.6645352591003757e-15,565.2357607538713,0.032568,503.866806,0.0,503.899374
2026-07-16_ttft_component_regression/phase1/input8000_rate2p5_reuse50_seed1,25,0.02251233507117558,17.52789988851837,17.550412223589547,564.4709007289158,2.6645352591003757e-15,582.0213129525054,15.96192,527.471145,0.0,543.433065
2026-07-16_ttft_component_regression/phase1/input8000_rate2p5_reuse50_seed1,26,0.029338236410040283,19.833814995869332,19.863153232279373,564.4709007289158,2.6645352591003757e-15,584.3340539611952,11.873225,530.400781,0.0,542.274006
2026-07-16_ttft_component_regression/phase1/input8000_rate2p5_reuse50_seed1,27,0.0,21.346815220108606,21.346815220108606,564.4709007289158,2.6645352591003757e-15,585.8177159490244,17.895632,536.147433,0.0,554.043065
2026-07-16_ttft_component_regression/phase1/input8000_rate2p5_reuse50_seed1,38,0.0,23.259314146856596,23.259314146856596,564.4709007289158,2.6645352591003757e-15,587.7302148757724,0.335498,542.264582,0.0,542.60008
2026-07-16_ttft_component_regression/phase1/input8000_rate2p5_reuse50_seed1,40,0.18068001229368702,27.390679100609535,27.571359112903224,564.4709007289158,2.6645352591003757e-15,592.042259841819,6.048427,546.214666,0.0,552.263093
2026-07-16_ttft_component_regression/phase1/input8000_rate2p5_reuse50_seed1,66,0.024451827308657487,17.700664115611943,17.7251159429206,564.4709007289158,2.6645352591003757e-15,582.1960166718364,12.451201,567.938467,0.0,580.389668
2026-07-16_ttft_component_regression/phase1/input8000_rate2p5_reuse50_seed1,68,0.025496080353022352,20.0383644081079,20.06386048846092,564.4709007289158,2.6645352591003757e-15,584.5347612173767,132.604611,836.908792,0.0,969.513403
2026-07-16_ttft_component_regression/phase1/input8000_rate2p5_reuse50_seed1,75,0.0,21.429890049863808,21.429890049863808,564.4709007289158,2.6645352591003757e-15,585.9007907787797,1.609496,544.525211,0.0,546.134707
2026-07-16_ttft_component_regression/phase1/input8000_rate2p5_reuse50_seed1,98,0.0,21.37759803173316,21.37759803173316,564.4709007289158,2.6645352591003757e-15,585.848498760649,12.994449,541.462141,0.0,554.45659
2026-07-16_ttft_component_regression/phase1/input8000_rate2p5_reuse50_seed1,85,0.02349954418783879,18.55698170438804,18.58048124857588,564.4709007289158,2.6645352591003757e-15,583.0513819774917,12.396776,538.799999,0.0,551.196775
2026-07-16_ttft_component_regression/phase1/input8000_rate2p5_reuse50_seed1,93,0.026191282867314834,20.00373946764103,20.029930750508345,564.4709007289158,2.6645352591003757e-15,584.5008314794242,4.281163,538.135929,0.0,542.417092
2026-07-16_ttft_component_regression/phase1/input8000_rate2p5_reuse50_seed1,120,0.0,20.319874577711943,20.319874577711943,564.4709007289158,2.6645352591003757e-15,584.7907753066278,19.867965,552.363782,0.0,572.231747
2026-07-16_ttft_component_regression/phase1/input8000_rate2p5_reuse50_seed1,124,0.16442992143275328,25.239458074892347,25.4038879963251,564.4709007289158,2.6645352591003757e-15,589.8747887252409,62.439281,861.339894,0.0,923.779175
2026-07-16_ttft_component_regression/phase1/input8000_rate2p5_reuse50_seed1,123,0.0,21.50706463736306,21.50706463736306,564.4709007289158,2.6645352591003757e-15,585.9779653662789,20.211541,584.559993,0.0,604.771534
2026-07-16_ttft_component_regression/phase1/input8000_rate2p5_reuse50_seed1,129,3433.5933599101722,28.43523494544912,3462.0285948556216,564.4709007289158,2.6645352591003757e-15,4026.4994955845373,2050.5640470000003,547.622777,0.0,2598.186824
2026-07-16_ttft_component_regression/phase1/input8000_rate2p5_reuse50_seed1,133,6202.534301846618,28.43523494544912,6230.969536792068,564.4709007289158,2.6645352591003757e-15,6795.440437520983,3280.251919,548.026133,0.0,3828.278052
2026-07-16_ttft_component_regression/phase1/input8000_rate2p5_reuse50_seed1,128,0.16352096246637565,27.241596017896946,27.40511698036332,564.4709007289158,2.6645352591003757e-15,591.8760177092792,19.896052,549.077846,0.0,568.973898
2026-07-16_ttft_component_regression/phase1/input8000_rate2p5_reuse50_seed1,147,0.15106817810822998,25.129040543774096,25.280108721882325,564.4709007289158,2.6645352591003757e-15,589.7510094507982,22.242024,546.03053,0.0,568.272554
2026-07-16_ttft_component_regression/phase1/input8000_rate2p5_reuse50_seed1,163,0.14778503911789853,25.10149728840911,25.24928232752701,564.4709007289158,2.6645352591003757e-15,589.7201830564428,14.877243,550.283003,0.0,565.160246
2026-07-16_ttft_component_regression/phase1/input8000_rate2p5_reuse50_seed1,164,2554.977559628294,26.79073106246084,2581.768290690755,564.4709007289158,2.6645352591003757e-15,3146.2391914196705,1629.596638,549.037308,0.0,2178.633946
2026-07-16_ttft_component_regression/phase1/input8000_rate2p5_reuse50_seed1,165,5164.207199855444,26.778685554663294,5190.985885410107,564.4709007289158,2.6645352591003757e-15,5755.456786139022,4218.616764,549.652301,0.0,4768.269065
2026-07-16_ttft_component_regression/phase1/input8000_rate2p5_reuse50_seed1,187,0.15731694583088474,23.71449446173173,23.871811407562614,564.4709007289158,2.6645352591003757e-15,588.3427121364784,13.255195,548.668644,0.0,561.923839
2026-07-16_ttft_component_regression/phase1/input8000_rate2p5_reuse50_seed1,202,0.0,21.460345892263057,21.460345892263057,564.4709007289158,2.6645352591003757e-15,585.9312466211788,1.687532,544.955532,0.0,546.643064
2026-07-16_ttft_component_regression/phase1/input8000_rate2p5_reuse50_seed1,197,0.0,20.285161204252876,20.285161204252876,564.4709007289158,2.6645352591003757e-15,584.7560619331687,20.560773,546.045337,0.0,566.60611
2026-07-16_ttft_component_regression/phase1/input8000_rate2p5_reuse50_seed1,209,0.15980774886506258,23.7340496555117,23.893857404376764,564.4709007289158,2.6645352591003757e-15,588.3647581332925,11.678208,550.327993,0.0,562.006201
2026-07-16_ttft_component_regression/phase1/input8000_rate2p5_reuse50_seed1,226,488.41268633000533,27.084575294795663,515.497261624801,564.4709007289158,2.6645352591003757e-15,1079.9681623537167,418.62889900000005,552.851181,0.0,971.48008
2026-07-16_ttft_component_regression/phase1/input8000_rate2p5_reuse50_seed1,218,0.17160316304287043,23.8254729158978,23.997076078940673,564.4709007289158,2.6645352591003757e-15,588.4679768078565,37.40354,853.8303,0.0,891.23384
2026-07-16_ttft_component_regression/phase1/input8000_rate2p5_reuse50_seed1,229,4579.380712041063,27.09189112597923,4606.4726031670425,564.4709007289158,2.6645352591003757e-15,5170.943503895958,3102.930921,546.979021,0.0,3649.909942
2026-07-16_ttft_component_regression/phase1/input8000_rate2p5_reuse50_seed1,217,0.0,20.247770530369152,20.247770530369152,564.4709007289158,2.6645352591003757e-15,584.718671259285,20.3072,580.360598,0.0,600.667798
2026-07-16_ttft_component_regression/phase1/input8000_rate2p5_reuse50_seed1,221,895.2395096403945,27.095530086941277,922.3350397273358,564.4709007289158,2.6645352591003757e-15,1486.8059404562516,553.475654,546.244414,0.0,1099.720068
2026-07-16_ttft_component_regression/phase1/input8000_rate2p5_reuse50_seed1,230,6449.146525455642,27.088239519290834,6476.234764974934,564.4709007289158,2.6645352591003757e-15,7040.705665703849,6676.401283,548.743428,0.0,7225.144711
2026-07-16_ttft_component_regression/phase1/input8000_rate2p5_reuse50_seed1,236,6985.131313440006,27.117096729632767,7012.248410169639,564.4709007289158,2.6645352591003757e-15,7576.719310898555,10177.976859,547.728219,0.0,10725.705078
2026-07-16_ttft_component_regression/phase1/input8000_rate2p5_reuse50_seed1,235,6986.727640736805,27.138201096536967,7013.8658418333425,564.4709007289158,2.6645352591003757e-15,7578.336742562258,9566.787295,550.662513,0.0,10117.449808
2026-07-16_ttft_component_regression/phase1/input8000_rate2p5_reuse50_seed1,241,7432.491452919333,28.434957842777113,7460.92641076211,564.4709007289158,2.6645352591003757e-15,8025.397311491026,13770.151276999999,551.28807,0.0,14321.439347
2026-07-16_ttft_component_regression/phase1/input8000_rate2p5_reuse50_seed1,249,6795.964061718407,26.912512951594373,6822.876574670001,564.4709007289158,2.6645352591003757e-15,7387.347475398917,16648.285217999997,551.434722,0.0,17199.71994
2026-07-16_ttft_component_regression/phase1/input8000_rate2p5_reuse50_seed1,256,7601.418817887325,27.102769960034138,7628.521587847359,564.4709007289158,2.6645352591003757e-15,8192.992488576276,16642.459419000003,545.670856,0.0,17188.130275
2026-07-16_ttft_component_regression/phase1/input8000_rate2p5_reuse50_seed1,248,6858.794986816483,26.940979395403044,6885.735966211886,564.4709007289158,2.6645352591003757e-15,7450.206866940802,16097.51213,554.926774,0.0,16652.438904
2026-07-16_ttft_component_regression/phase1/input8000_rate2p5_reuse50_seed1,254,6869.557521675587,26.94448033433872,6896.5020020099255,564.4709007289158,2.6645352591003757e-15,7460.972902738841,15849.467602,548.452358,0.0,16397.91996
2026-07-16_ttft_component_regression/phase1/input8000_rate2p5_reuse50_seed1,258,10549.117211100887,27.141673124894265,10576.258884225781,564.4709007289158,2.6645352591003757e-15,11140.729784954698,17522.669816999998,552.948073,0.0,18075.61789
2026-07-16_ttft_component_regression/phase1/input8000_rate2p5_reuse50_seed1,269,14752.762499455599,28.551258103425795,14781.313757559024,564.4709007289158,2.6645352591003757e-15,15345.784658287941,23560.475096000002,552.078125,0.0,24112.553221
2026-07-16_ttft_component_regression/phase1/input8000_rate2p5_reuse50_seed1,262,14443.060155532554,27.13121804316597,14470.191373575719,564.4709007289158,2.6645352591003757e-15,15034.662274304636,22718.056268,551.829718,0.0,23269.885986
2026-07-16_ttft_component_regression/phase1/input8000_rate2p5_reuse50_seed1,278,15041.259593481744,28.583708303851044,15069.843301785595,564.4709007289158,2.6645352591003757e-15,15634.314202514512,24689.92001,554.58712,0.0,25244.50713
2026-07-16_ttft_component_regression/phase1/input8000_rate2p5_reuse50_seed1,290,15170.21544249593,28.615032867442146,15198.830475363373,564.4709007289158,2.6645352591003757e-15,15763.30137609229,22964.519842,551.150662,0.0,23515.670504
2026-07-16_ttft_component_regression/phase1/input8000_rate2p5_reuse50_seed1,291,15112.005922482576,28.60125116797927,15140.607173650556,564.4709007289158,2.6645352591003757e-15,15705.078074379473,25277.421567999998,550.522451,0.0,25827.944019
2026-07-16_ttft_component_regression/phase1/input8000_rate2p5_reuse50_seed1,298,15112.15701901054,26.985482138176025,15139.142501148715,564.4709007289158,2.6645352591003757e-15,15703.613401877632,23676.634874000003,547.413375,0.0,24224.048249
2026-07-16_ttft_component_regression/phase1/input8000_rate2p5_reuse50_seed1,280,15270.531877957577,28.638604596936954,15299.170482554515,564.4709007289158,2.6645352591003757e-15,15863.641383283431,24816.518434999998,552.154447,0.0,25368.672882
2026-07-16_ttft_component_regression/phase1/input8000_rate2p5_reuse50_seed1,4,0.016752419283114654,0.748107605672364,0.7648600249554787,564.4709007289158,2.6645352591003757e-15,565.2357607538713,0.018294,503.866806,0.0,503.8851
2026-07-16_ttft_component_regression/phase1/input8000_rate2p5_reuse50_seed1,22,0.0,8.384606028374465,8.384606028374465,564.4709007289158,2.6645352591003757e-15,572.8555067572903,2.254746,517.235167,0.0,519.489913
2026-07-16_ttft_component_regression/phase1/input8000_rate2p5_reuse50_seed1,28,0.0,14.053842855920239,14.053842855920239,564.4709007289158,2.6645352591003757e-15,578.5247435848361,13.943854,523.537176,0.0,537.48103
2026-07-16_ttft_component_regression/phase1/input8000_rate2p5_reuse50_seed1,36,0.028195817122429762,19.898261705823536,19.926457522945967,564.4709007289158,2.6645352591003757e-15,584.3973582518618,11.539373,530.739021,0.0,542.278394
2026-07-16_ttft_component_regression/phase1/input8000_rate2p5_reuse50_seed1,32,0.023540462179748735,17.618469792101088,17.642010254280837,564.4709007289158,2.6645352591003757e-15,582.1129109831967,10.525997,527.863817,0.0,538.389814
2026-07-16_ttft_component_regression/phase1/input8000_rate2p5_reuse50_seed1,46,0.0,21.327017987160374,21.327017987160374,564.4709007289158,2.6645352591003757e-15,585.7979187160762,13.589198,537.249705,0.0,550.838903
2026-07-16_ttft_component_regression/phase1/input8000_rate2p5_reuse50_seed1,51,0.0,21.292682765624228,21.292682765624228,564.4709007289158,2.6645352591003757e-15,585.7635834945401,16.904012,536.565481,0.0,553.469493
2026-07-16_ttft_component_regression/phase1/input8000_rate2p5_reuse50_seed1,54,0.0,23.17422931575366,23.17422931575366,564.4709007289158,2.6645352591003757e-15,587.6451300446695,4.336177,541.336774,0.0,545.672951
2026-07-16_ttft_component_regression/phase1/input8000_rate2p5_reuse50_seed1,80,0.0,12.939950631669157,12.939950631669157,564.4709007289158,2.6645352591003757e-15,577.410851360585,0.60298,527.25412,0.0,527.8571
2026-07-16_ttft_component_regression/phase1/input8000_rate2p5_reuse50_seed1,94,0.0,14.063744142148131,14.063744142148131,564.4709007289158,2.6645352591003757e-15,578.534644871064,13.104678,530.314666,0.0,543.419344
2026-07-16_ttft_component_regression/phase1/input8000_rate2p5_reuse50_seed1,81,0.022009540089928028,16.276437539861803,16.298447079951732,564.4709007289158,2.6645352591003757e-15,580.7693478088676,143.46786,535.464924,0.0,678.932784
2026-07-16_ttft_component_regression/phase1/input8000_rate2p5_reuse50_seed1,115,0.024652479660941536,17.71901523815493,17.74366771781587,564.4709007289158,2.6645352591003757e-15,582.2145684467317,0.133472,536.340398,0.0,536.47387
2026-07-16_ttft_component_regression/phase1/input8000_rate2p5_reuse50_seed1,136,0.0,12.27679249067171,12.27679249067171,564.4709007289158,2.6645352591003757e-15,576.7476932195875,15.066278,572.94629,0.0,588.012568
2026-07-16_ttft_component_regression/phase1/input8000_rate2p5_reuse50_seed1,137,0.031137121366216245,15.632843793179386,15.663980914545602,564.4709007289158,2.6645352591003757e-15,580.1348816434614,102.770495,840.573196,0.0,943.343691
2026-07-16_ttft_component_regression/phase1/input8000_rate2p5_reuse50_seed1,152,0.029575429901947097,15.50214487716026,15.531720307062207,564.4709007289158,2.6645352591003757e-15,580.002621035978,5.256383,536.36749,0.0,541.623873
2026-07-16_ttft_component_regression/phase1/input8000_rate2p5_reuse50_seed1,185,0.0,18.681588624735348,18.681588624735348,564.4709007289158,2.6645352591003757e-15,583.1524893536512,21.129035,545.382249,0.0,566.511284
2026-07-16_ttft_component_regression/phase1/input8000_rate2p5_reuse50_seed1,191,0.0,20.373282373943304,20.373282373943304,564.4709007289158,2.6645352591003757e-15,584.8441831028591,2.7592,548.77386,0.0,551.53306
2026-07-16_ttft_component_regression/phase1/input8000_rate2p5_reuse50_seed1,168,0.0294762193170578,15.494030986041073,15.523507205358131,564.4709007289158,2.6645352591003757e-15,579.9944079342739,20.205242,537.971479,0.0,558.176721
2026-07-16_ttft_component_regression/phase1/input8000_rate2p5_reuse50_seed1,178,0.028624393700295906,17.51624553436233,17.544869928062624,564.4709007289158,2.6645352591003757e-15,582.0157706569785,4.549963,540.263187,0.0,544.81315
2026-07-16_ttft_component_regression/phase1/input8000_rate2p5_reuse50_seed1,207,0.0,18.65738368023039,18.65738368023039,564.4709007289158,2.6645352591003757e-15,583.1282844091462,14.404607,545.607016,0.0,560.011623
2026-07-16_ttft_component_regression/phase1/input8000_rate2p5_reuse50_seed1,225,0.05518761166694756,17.582988850637634,17.638176462304582,564.4709007289158,2.6645352591003757e-15,582.1090771912204,6.142868,536.69561,0.0,542.838478
2026-07-16_ttft_component_regression/phase1/input8000_rate2p5_reuse50_seed1,243,0.0,12.323541028278841,12.323541028278841,564.4709007289158,2.6645352591003757e-15,576.7944417571947,17.035107,527.060268,0.0,544.095375
2026-07-16_ttft_component_regression/phase1/input8000_rate2p5_reuse50_seed1,266,0.027864712054322567,15.365119840095916,15.392984552150239,564.4709007289158,2.6645352591003757e-15,579.863885281066,4.458274,537.242795,0.0,541.701069
2026-07-16_ttft_component_regression/phase1/input8000_rate2p5_reuse50_seed1,252,0.029376826106820655,15.485923680262049,15.51530050636887,564.4709007289158,2.6645352591003757e-15,579.9862012352846,0.090889,536.921427,0.0,537.012316
2026-07-16_ttft_component_regression/phase1/input8000_rate2p5_reuse50_seed1,289,0.0,12.960048394695281,12.960048394695281,564.4709007289158,2.6645352591003757e-15,577.4309491236111,7.488383,532.076872,0.0,539.565255
2026-07-16_ttft_component_regression/phase1/input8000_rate2p5_reuse50_seed1,19,0.015202160477332784,0.7074002822876715,0.7226024427650043,564.4709007289158,2.6645352591003757e-15,565.1935031716808,0.060122,503.866806,0.0,503.926928
2026-07-16_ttft_component_regression/phase1/input8000_rate2p5_reuse50_seed1,23,0.0,14.02843654048808,14.02843654048808,564.4709007289158,2.6645352591003757e-15,578.4993372694039,1.283221,560.737179,0.0,562.0204
2026-07-16_ttft_component_regression/phase1/input8000_rate2p5_reuse50_seed1,24,0.021573884013287973,17.44708825913292,17.468662143146208,564.4709007289158,2.6645352591003757e-15,581.939562872062,199.371136,823.035839,0.0,1022.406975
2026-07-16_ttft_component_regression/phase1/input8000_rate2p5_reuse50_seed1,21,0.0,8.398669934995318,8.398669934995318,564.4709007289158,2.6645352591003757e-15,572.8695706639111,14.575767,516.711871,0.0,531.287638
2026-07-16_ttft_component_regression/phase1/input8000_rate2p5_reuse50_seed1,37,0.029338236410040283,19.833814995869332,19.863153232279373,564.4709007289158,2.6645352591003757e-15,584.3340539611952,2.39503,531.270061,0.0,533.665091
2026-07-16_ttft_component_regression/phase1/input8000_rate2p5_reuse50_seed1,57,0.024048458642848138,17.664054869776844,17.688103328419693,564.4709007289158,2.6645352591003757e-15,582.1590040573356,19.235462,528.048329,0.0,547.283791
2026-07-16_ttft_component_regression/phase1/input8000_rate2p5_reuse50_seed1,42,0.0,19.746173634789983,19.746173634789983,564.4709007289158,2.6645352591003757e-15,584.2170743637058,17.858232,537.165033,0.0,555.023265
2026-07-16_ttft_component_regression/phase1/input8000_rate2p5_reuse50_seed1,60,0.027541382172823346,19.933688844812462,19.961230226985286,564.4709007289158,2.6645352591003757e-15,584.4321309559011,6.587063,530.877645,0.0,537.464708
2026-07-16_ttft_component_regression/phase1/input8000_rate2p5_reuse50_seed1,79,0.0,21.53272860002387,21.53272860002387,564.4709007289158,2.6645352591003757e-15,586.0036293289397,3.701153,546.663904,0.0,550.365057
2026-07-16_ttft_component_regression/phase1/input8000_rate2p5_reuse50_seed1,70,0.02832502538047901,19.891144041969984,19.919469067350462,564.4709007289158,2.6645352591003757e-15,584.3903697962662,13.858447,537.395092,0.0,551.253539
2026-07-16_ttft_component_regression/phase1/input8000_rate2p5_reuse50_seed1,72,0.0,21.369241291931043,21.369241291931043,564.4709007289158,2.6645352591003757e-15,585.8401420208469,2.537067,541.940665,0.0,544.477732
2026-07-16_ttft_component_regression/phase1/input8000_rate2p5_reuse50_seed1,84,0.18077713443197707,25.370995291512237,25.551772425944215,564.4709007289158,2.6645352591003757e-15,590.0226731548601,6.215482,551.461948,0.0,557.67743
2026-07-16_ttft_component_regression/phase1/input8000_rate2p5_reuse50_seed1,95,0.0,23.33588758910309,23.33588758910309,564.4709007289158,2.6645352591003757e-15,587.8067883180189,9.918767,546.997308,0.0,556.916075
2026-07-16_ttft_component_regression/phase1/input8000_rate2p5_reuse50_seed1,112,0.0,23.36069296673493,23.36069296673493,564.4709007289158,2.6645352591003757e-15,587.8315936956508,215.726851,546.372968,0.0,762.099819
2026-07-16_ttft_component_regression/phase1/input8000_rate2p5_reuse50_seed1,111,0.0,21.405253115678942,21.405253115678942,564.4709007289158,2.6645352591003757e-15,585.8761538445948,3.235529,543.852845,0.0,547.088374
2026-07-16_ttft_component_regression/phase1/input8000_rate2p5_reuse50_seed1,117,0.2029512353761486,27.577560954501127,27.780512189877275,564.4709007289158,2.6645352591003757e-15,592.2514129187931,16.636477,547.228807,0.0,563.865284
2026-07-16_ttft_component_regression/phase1/input8000_rate2p5_reuse50_seed1,139,0.0,18.710300497598826,18.710300497598826,564.4709007289158,2.6645352591003757e-15,583.1812012265146,4.884887,546.695254,0.0,551.580141
2026-07-16_ttft_component_regression/phase1/input8000_rate2p5_reuse50_seed1,167,0.029904480380409475,17.461937374651853,17.491841855032263,564.4709007289158,2.6645352591003757e-15,581.962742583948,14.063341,534.90586,0.0,548.969201
2026-07-16_ttft_component_regression/phase1/input8000_rate2p5_reuse50_seed1,158,0.023214017341165287,18.5696916301837,18.592905647524866,564.4709007289158,2.6645352591003757e-15,583.0638063764407,14.057708,537.05521,0.0,551.112918
2026-07-16_ttft_component_regression/phase1/input8000_rate2p5_reuse50_seed1,193,0.02704274107598618,15.301325417892857,15.328368158968843,564.4709007289158,2.6645352591003757e-15,579.7992688878846,14.100997,535.015938,0.0,549.116935
2026-07-16_ttft_component_regression/phase1/input8000_rate2p5_reuse50_seed1,201,0.02118817449967052,16.20917116022097,16.23035933472064,564.4709007289158,2.6645352591003757e-15,580.7012600636365,19.787377,531.56489,0.0,551.352267
2026-07-16_ttft_component_regression/phase1/input8000_rate2p5_reuse50_seed1,203,0.026889374835019044,18.394768223353623,18.42165759818864,564.4709007289158,2.6645352591003757e-15,582.8925583271044,49.449223,538.614903,0.0,588.064126
2026-07-16_ttft_component_regression/phase1/input8000_rate2p5_reuse50_seed1,247,0.0,12.23490520950475,12.23490520950475,564.4709007289158,2.6645352591003757e-15,576.7058059384206,9.237455,533.502541,0.0,542.739996
2026-07-16_ttft_component_regression/phase1/input8000_rate2p5_reuse50_seed1,277,0.02570807375418365,18.453879888362412,18.479587962116597,564.4709007289158,2.6645352591003757e-15,582.9504886910324,118.518709,838.799573,0.0,957.318282
2026-07-16_ttft_component_regression/phase1/input8000_rate2p5_reuse50_seed1,271,0.0,12.988558291841795,12.988558291841795,564.4709007289158,2.6645352591003757e-15,577.4594590207575,0.800026,533.496867,0.0,534.296893
2026-07-16_ttft_component_regression/phase1/input8000_rate2p5_reuse50_seed1,265,0.0,7.237459601421481,7.237459601421481,564.4709007289158,2.6645352591003757e-15,571.7083603303373,0.880527,523.02347,0.0,523.903997
2026-07-16_ttft_component_regression/phase1/input8000_rate2p5_reuse50_seed1,281,0.0,19.766993388092274,19.766993388092274,564.4709007289158,2.6645352591003757e-15,584.2378941170081,15.099827,538.870401,0.0,553.970228
2026-07-16_ttft_component_regression/phase1/input8000_rate2p5_reuse50_seed1,276,0.02342163067773682,16.395288303296645,16.418709933974384,564.4709007289158,2.6645352591003757e-15,580.8896106628902,3.366192,570.322396,0.0,573.688588
2026-07-16_ttft_component_regression/phase1/input8000_rate2p5_reuse50_seed1,297,0.18428561804438182,25.398732109396104,25.583017727440485,564.4709007289158,2.6645352591003757e-15,590.0539184563563,15.681869,549.142038,0.0,564.823907
2026-07-16_ttft_component_regression/phase1/input8000_rate2p5_reuse50_seed1,286,0.0,21.581365834907054,21.581365834907054,564.4709007289158,2.6645352591003757e-15,586.0522665638229,13.985098,543.292399,0.0,557.277497
2026-07-16_ttft_component_regression/phase1/input8000_rate2p5_reuse50_seed1,12,0.016752419283114654,0.748107605672364,0.7648600249554787,564.4709007289158,2.6645352591003757e-15,565.2357607538713,0.000184,503.866806,0.0,503.86699
2026-07-16_ttft_component_regression/phase1/input8000_rate2p5_reuse50_seed1,29,0.0,8.383367318038017,8.383367318038017,564.4709007289158,2.6645352591003757e-15,572.8542680469538,16.144803,517.571679,0.0,533.716482
2026-07-16_ttft_component_regression/phase1/input8000_rate2p5_reuse50_seed1,34,0.0,14.059731693205741,14.059731693205741,564.4709007289158,2.6645352591003757e-15,578.5306324221216,12.375427,523.68188,0.0,536.057307
2026-07-16_ttft_component_regression/phase1/input8000_rate2p5_reuse50_seed1,55,0.0,14.042534533868785,14.042534533868785,564.4709007289158,2.6645352591003757e-15,578.5134352627846,11.922881,523.955704,0.0,535.878585
2026-07-16_ttft_component_regression/phase1/input8000_rate2p5_reuse50_seed1,62,0.022408662400140958,17.518887648730324,17.541296311130466,564.4709007289158,2.6645352591003757e-15,582.0121970400463,3.373903,528.422345,0.0,531.796248
2026-07-16_ttft_component_regression/phase1/input8000_rate2p5_reuse50_seed1,82,0.0,12.948881885002923,12.948881885002923,564.4709007289158,2.6645352591003757e-15,577.4197826139188,14.838049,524.145848,0.0,538.983897
2026-07-16_ttft_component_regression/phase1/input8000_rate2p5_reuse50_seed1,96,0.0,8.39529547849814,8.39529547849814,564.4709007289158,2.6645352591003757e-15,572.866196207414,4.999133,516.970367,0.0,521.9695
2026-07-16_ttft_component_regression/phase1/input8000_rate2p5_reuse50_seed1,119,0.02704274107598618,15.301325417892857,15.328368158968843,564.4709007289158,2.6645352591003757e-15,579.7992688878846,9.160142,536.667578,0.0,545.82772
2026-07-16_ttft_component_regression/phase1/input8000_rate2p5_reuse50_seed1,108,0.0,14.061729274938543,14.061729274938543,564.4709007289158,2.6645352591003757e-15,578.5326300038544,13.279162,523.623064,0.0,536.902226
2026-07-16_ttft_component_regression/phase1/input8000_rate2p5_reuse50_seed1,138,0.028373075882899033,15.405217846505302,15.4335909223882,564.4709007289158,2.6645352591003757e-15,579.904491651304,0.086467,538.370587,0.0,538.457054
2026-07-16_ttft_component_regression/phase1/input8000_rate2p5_reuse50_seed1,179,0.0,12.218982183214468,12.218982183214468,564.4709007289158,2.6645352591003757e-15,576.6898829121303,18.763067,526.519512,0.0,545.282579
2026-07-16_ttft_component_regression/phase1/input8000_rate2p5_reuse50_seed1,160,0.0,7.708934598541717,7.708934598541717,564.4709007289158,2.6645352591003757e-15,572.1798353274576,7.912502,521.215979,0.0,529.128481
2026-07-16_ttft_component_regression/phase1/input8000_rate2p5_reuse50_seed1,189,0.026630757840419187,18.4079739307929,18.434604688633318,564.4709007289158,2.6645352591003757e-15,582.9055054175491,17.06595,537.310259,0.0,554.376209
2026-07-16_ttft_component_regression/phase1/input8000_rate2p5_reuse50_seed1,196,0.0,18.575505013256283,18.575505013256283,564.4709007289158,2.6645352591003757e-15,583.046405742172,81.877,840.039337,0.0,921.916337
2026-07-16_ttft_component_regression/phase1/input8000_rate2p5_reuse50_seed1,195,0.03397606641554572,17.269055412672827,17.30303147908837,564.4709007289158,2.6645352591003757e-15,581.7739322080042,13.417374,569.822775,0.0,583.240149
2026-07-16_ttft_component_regression/phase1/input8000_rate2p5_reuse50_seed1,184,0.02796672130720957,15.373125636472729,15.401092357779937,564.4709007289158,2.6645352591003757e-15,579.8719930866957,20.256415,536.175208,0.0,556.431623
2026-07-16_ttft_component_regression/phase1/input8000_rate2p5_reuse50_seed1,206,0.1627395749084042,25.225636261445327,25.38837583635373,564.4709007289158,2.6645352591003757e-15,589.8592765652695,4.995054,545.197075,0.0,550.192129
2026-07-16_ttft_component_regression/phase1/input8000_rate2p5_reuse50_seed1,200,0.0,21.481758302651215,21.481758302651215,564.4709007289158,2.6645352591003757e-15,585.952659031567,8.908326,542.442691,0.0,551.351017
2026-07-16_ttft_component_regression/phase1/input8000_rate2p5_reuse50_seed1,213,5242.894541834643,27.043444039952707,5269.937985874596,564.4709007289158,2.6645352591003757e-15,5834.408886603512,3925.784807,551.906264,0.0,4477.691071
2026-07-16_ttft_component_regression/phase1/input8000_rate2p5_reuse50_seed1,232,2839.822317771768,27.035804868088903,2866.858122639857,564.4709007289158,2.6645352591003757e-15,3431.3290233687726,1761.736438,550.85608,0.0,2312.592518
2026-07-16_ttft_component_regression/phase1/input8000_rate2p5_reuse50_seed1,234,4156.729559491186,27.043444039952707,4183.773003531139,564.4709007289158,2.6645352591003757e-15,4748.2439042600545,2874.730709,549.24028,0.0,3423.970989
2026-07-16_ttft_component_regression/phase1/input8000_rate2p5_reuse50_seed1,224,188.6244599907478,27.09189112597923,215.71635111672703,564.4709007289158,2.6645352591003757e-15,780.1872518456428,178.796144,549.296816,0.0,728.09296
2026-07-16_ttft_component_regression/phase1/input8000_rate2p5_reuse50_seed1,257,0.17245655231146656,23.83201269035472,24.004469242666186,564.4709007289158,2.6645352591003757e-15,588.475369971582,6.124445,547.104903,0.0,553.229348
2026-07-16_ttft_component_regression/phase1/input8000_rate2p5_reuse50_seed1,245,1719.074736169802,26.90889769519347,1745.9836338649955,564.4709007289158,2.6645352591003757e-15,2310.4545345939114,1114.704119,547.542785,0.0,1662.246904
2026-07-16_ttft_component_regression/phase1/input8000_rate2p5_reuse50_seed1,279,0.0,19.695918540766574,19.695918540766574,564.4709007289158,2.6645352591003757e-15,584.1668192696824,3.891994,545.657965,0.0,549.549959
2026-07-16_ttft_component_regression/phase1/input8000_rate2p5_reuse50_seed1,288,0.0,19.730429511471407,19.730429511471407,564.4709007289158,2.6645352591003757e-15,584.2013302403872,0.248614,542.906986,0.0,543.1556
2026-07-16_ttft_component_regression/phase1/input8000_rate2p5_reuse50_seed1,294,0.0,21.453264693429094,21.453264693429094,564.4709007289158,2.6645352591003757e-15,585.9241654223449,16.671073,543.396017,0.0,560.06709
2026-07-16_ttft_component_regression/phase1/input8000_rate2p5_reuse50_seed1,292,0.0,19.711915984392903,19.711915984392903,564.4709007289158,2.6645352591003757e-15,584.1828167133087,8.211365,540.263012,0.0,548.474377
2026-07-16_ttft_component_regression/phase1/input8000_rate2p5_reuse50_seed1,283,0.0,21.481758302651215,21.481758302651215,564.4709007289158,2.6645352591003757e-15,585.952659031567,10.256101,549.318882,0.0,559.574983
2026-07-16_ttft_component_regression/phase1/input8000_rate2p5_reuse50_seed1,15,0.0,14.057751416432044,14.057751416432044,564.4709007289158,2.6645352591003757e-15,578.5286521453479,0.575064,560.824379,0.0,561.399443
2026-07-16_ttft_component_regression/phase1/input8000_rate2p5_reuse50_seed1,20,0.028581748389400863,19.87687643473766,19.90545818312706,564.4709007289158,2.6645352591003757e-15,584.3763589120429,173.804926,529.918925,0.0,703.723851
2026-07-16_ttft_component_regression/phase1/input8000_rate2p5_reuse50_seed1,17,0.023233694293431112,17.591214083872263,17.614447778165694,564.4709007289158,2.6645352591003757e-15,582.0853485070814,40.865526,823.151199,0.0,864.016725
2026-07-16_ttft_component_regression/phase1/input8000_rate2p5_reuse50_seed1,2,0.016752419283114654,0.748107605672364,0.7648600249554787,564.4709007289158,2.6645352591003757e-15,565.2357607538713,0.027802,503.866806,0.0,503.894608
2026-07-16_ttft_component_regression/phase1/input8000_rate2p5_reuse50_seed1,8,0.0,8.383367318038017,8.383367318038017,564.4709007289158,2.6645352591003757e-15,572.8542680469538,6.214291,516.773951,0.0,522.988242
2026-07-16_ttft_component_regression/phase1/input8000_rate2p5_reuse50_seed1,45,0.0,21.363654240426147,21.363654240426147,564.4709007289158,2.6645352591003757e-15,585.834554969342,19.24045,538.565993,0.0,557.806443
2026-07-16_ttft_component_regression/phase1/input8000_rate2p5_reuse50_seed1,52,0.0,14.074077081636972,14.074077081636972,564.4709007289158,2.6645352591003757e-15,578.5449778105528,3.704746,523.740024,0.0,527.44477
2026-07-16_ttft_component_regression/phase1/input8000_rate2p5_reuse50_seed1,63,0.0,14.05000375018145,14.05000375018145,564.4709007289158,2.6645352591003757e-15,578.5209044790972,4.376834,523.389144,0.0,527.765978
2026-07-16_ttft_component_regression/phase1/input8000_rate2p5_reuse50_seed1,78,0.021394460854565433,16.225942616999003,16.24733707785357,564.4709007289158,2.6645352591003757e-15,580.7182378067694,10.726609,531.22901,0.0,541.955619
2026-07-16_ttft_component_regression/phase1/input8000_rate2p5_reuse50_seed1,99,0.0,14.042534533868785,14.042534533868785,564.4709007289158,2.6645352591003757e-15,578.5134352627846,17.657133,532.085504,0.0,549.742637
2026-07-16_ttft_component_regression/phase1/input8000_rate2p5_reuse50_seed1,102,0.02230483744185155,17.50988364431239,17.53218848175424,564.4709007289158,2.6645352591003757e-15,582.00308921067,7.040306,534.402681,0.0,541.442987
2026-07-16_ttft_component_regression/phase1/input8000_rate2p5_reuse50_seed1,90,0.0,12.958404171665773,12.958404171665773,564.4709007289158,2.6645352591003757e-15,577.4293049005815,6.189821,528.194957,0.0,534.384778
2026-07-16_ttft_component_regression/phase1/input8000_rate2p5_reuse50_seed1,122,0.028148378813042357,18.32813965324304,18.35628803205608,564.4709007289158,2.6645352591003757e-15,582.8271887609719,216.57334,536.8471,0.0,753.42044
2026-07-16_ttft_component_regression/phase1/input8000_rate2p5_reuse50_seed1,121,0.020981271723428927,16.192430102434066,16.213411374157495,564.4709007289158,2.6645352591003757e-15,580.6843121030734,20.902646,537.048081,0.0,557.950727
2026-07-16_ttft_component_regression/phase1/input8000_rate2p5_reuse50_seed1,130,0.0,19.711915984392903,19.711915984392903,564.4709007289158,2.6645352591003757e-15,584.1828167133087,12.137412,542.667562,0.0,554.804974
2026-07-16_ttft_component_regression/phase1/input8000_rate2p5_reuse50_seed1,140,0.0,20.2817280728839,20.2817280728839,564.4709007289158,2.6645352591003757e-15,584.7526288017997,6.408479,547.849099,0.0,554.257578
2026-07-16_ttft_component_regression/phase1/input8000_rate2p5_reuse50_seed1,183,0.0,12.222414342847205,12.222414342847205,564.4709007289158,2.6645352591003757e-15,576.693315071763,14.032274,532.539683,0.0,546.571957
2026-07-16_ttft_component_regression/phase1/input8000_rate2p5_reuse50_seed1,177,0.0,7.2385647608865336,7.2385647608865336,564.4709007289158,2.6645352591003757e-15,571.7094654898024,13.224641,521.873863,0.0,535.098504
2026-07-16_ttft_component_regression/phase1/input8000_rate2p5_reuse50_seed1,188,0.05361861271121216,15.512783796594286,15.566402409305498,564.4709007289158,2.6645352591003757e-15,580.0373031382213,17.305851,534.133227,0.0,551.439078
2026-07-16_ttft_component_regression/phase1/input8000_rate2p5_reuse50_seed1,211,0.057543578152192985,17.477651067576556,17.535194645728748,564.4709007289158,2.6645352591003757e-15,582.0060953746446,21.842055,538.539159,0.0,560.381214
2026-07-16_ttft_component_regression/phase1/input8000_rate2p5_reuse50_seed1,204,0.022517653819117894,16.318720759667894,16.341238413487012,564.4709007289158,2.6645352591003757e-15,580.8121391424028,2.756271,535.87838,0.0,538.634651
2026-07-16_ttft_component_regression/phase1/input8000_rate2p5_reuse50_seed1,216,0.0,20.326901735973266,20.326901735973266,564.4709007289158,2.6645352591003757e-15,584.7978024648891,16.066927,545.352513,0.0,561.41944
2026-07-16_ttft_component_regression/phase1/input8000_rate2p5_reuse50_seed1,227,0.0,20.466738248304193,20.466738248304193,564.4709007289158,2.6645352591003757e-15,584.93763897722,9.81131,546.048305,0.0,555.859615
2026-07-16_ttft_component_regression/phase1/input8000_rate2p5_reuse50_seed1,214,0.0,18.650070252213563,18.650070252213563,564.4709007289158,2.6645352591003757e-15,583.1209709811294,19.558369,542.799588,0.0,562.357957
2026-07-16_ttft_component_regression/phase1/input8000_rate2p5_reuse50_seed1,255,0.17847100518199446,23.87782259465977,24.056293599841762,564.4709007289158,2.6645352591003757e-15,588.5271943287576,12.272423,548.71795,0.0,560.990373
2026-07-16_ttft_component_regression/phase1/input8000_rate2p5_reuse50_seed1,237,0.22085287443636034,24.13991038117561,24.36076325561197,564.4709007289158,2.6645352591003757e-15,588.8316639845277,8.466314,550.160575,0.0,558.626889
2026-07-16_ttft_component_regression/phase1/input8000_rate2p5_reuse50_seed1,250,0.0,20.326901735973266,20.326901735973266,564.4709007289158,2.6645352591003757e-15,584.7978024648891,10.667611,546.30474,0.0,556.972351
2026-07-16_ttft_component_regression/phase1/input8000_rate2p5_reuse50_seed1,274,0.0,21.55501686716581,21.55501686716581,564.4709007289158,2.6645352591003757e-15,586.0259175960816,22.90289,548.358235,0.0,571.261125
2026-07-16_ttft_component_regression/phase1/input8000_rate2p5_reuse50_seed1,264,0.0,20.33749608979606,20.33749608979606,564.4709007289158,2.6645352591003757e-15,584.8083968187119,10.77052,546.546246,0.0,557.316766
2026-07-16_ttft_component_regression/phase1/input8000_rate2p5_reuse50_seed1,295,0.025032581847944695,18.48637152534809,18.511404107196036,564.4709007289158,2.6645352591003757e-15,582.9823048361119,21.375089,541.37015,0.0,562.745239
2026-07-16_ttft_component_regression/phase1/input8000_rate2p5_reuse50_seed1,1,0.015202160477332784,0.7074002822876715,0.7226024427650043,564.4709007289158,2.6645352591003757e-15,565.1935031716808,1.557371,503.866806,0.0,505.424177
2026-07-16_ttft_component_regression/phase1/input8000_rate2p5_reuse50_seed1,11,0.0,8.412145535807447,8.412145535807447,564.4709007289158,2.6645352591003757e-15,572.8830462647232,2.085315,516.854079,0.0,518.939394
2026-07-16_ttft_component_regression/phase1/input8000_rate2p5_reuse50_seed1,30,0.0,8.40820244043451,8.40820244043451,564.4709007289158,2.6645352591003757e-15,572.8791031693503,4.141175,557.986653,0.0,562.127828
2026-07-16_ttft_component_regression/phase1/input8000_rate2p5_reuse50_seed1,31,0.0,14.035345036769998,14.035345036769998,564.4709007289158,2.6645352591003757e-15,578.5062457656858,25.420235,817.554365,0.0,842.9746
2026-07-16_ttft_component_regression/phase1/input8000_rate2p5_reuse50_seed1,48,0.0,14.037116117493985,14.037116117493985,564.4709007289158,2.6645352591003757e-15,578.5080168464098,8.579425,523.342296,0.0,531.921721
2026-07-16_ttft_component_regression/phase1/input8000_rate2p5_reuse50_seed1,59,0.0,21.343997172409413,21.343997172409413,564.4709007289158,2.6645352591003757e-15,585.8148979013253,89.420754,834.552929,0.0,923.973683
2026-07-16_ttft_component_regression/phase1/input8000_rate2p5_reuse50_seed1,56,0.022925482546662296,17.564030708490137,17.586956191036798,564.4709007289158,2.6645352591003757e-15,582.0578569199527,4.680138,527.688553,0.0,532.368691
2026-07-16_ttft_component_regression/phase1/input8000_rate2p5_reuse50_seed1,58,0.027673382160422703,19.926624889369698,19.95429827153012,564.4709007289158,2.6645352591003757e-15,584.4251990004459,15.079892,567.042153,0.0,582.122045
2026-07-16_ttft_component_regression/phase1/input8000_rate2p5_reuse50_seed1,83,0.027901171314772273,18.341545500875892,18.369446672190666,564.4709007289158,2.6645352591003757e-15,582.8403474011064,18.211838,539.810091,0.0,558.021929
2026-07-16_ttft_component_regression/phase1/input8000_rate2p5_reuse50_seed1,97,0.02845366975171425,19.884015620062222,19.912469289813934,564.4709007289158,2.6645352591003757e-15,584.3833700187297,14.964076,538.271873,0.0,553.235949
2026-07-16_ttft_component_regression/phase1/input8000_rate2p5_reuse50_seed1,86,0.026889374835019044,18.394768223353623,18.42165759818864,564.4709007289158,2.6645352591003757e-15,582.8925583271044,18.722612,538.563417,0.0,557.286029
2026-07-16_ttft_component_regression/phase1/input8000_rate2p5_reuse50_seed1,107,0.0292135909477459,19.84101887202519,19.870232462972936,564.4709007289158,2.6645352591003757e-15,584.3411331918887,15.787982,538.505367,0.0,554.293349
2026-07-16_ttft_component_regression/phase1/input8000_rate2p5_reuse50_seed1,149,0.0013569339367264079,7.265771937364455,7.267128871301182,564.4709007289158,2.6645352591003757e-15,571.738029600217,17.398512,526.013215,0.0,543.411727
2026-07-16_ttft_component_regression/phase1/input8000_rate2p5_reuse50_seed1,145,0.013988533693229565,0.589884491662218,0.6038730253554476,564.4709007289158,2.6645352591003757e-15,565.0747737542713,0.013778,509.173936,0.0,509.187714
2026-07-16_ttft_component_regression/phase1/input8000_rate2p5_reuse50_seed1,154,0.0,12.950427999332117,12.950427999332117,564.4709007289158,2.6645352591003757e-15,577.4213287282479,5.066287,530.781508,0.0,535.847795
2026-07-16_ttft_component_regression/phase1/input8000_rate2p5_reuse50_seed1,170,0.02515712851176113,15.159471564443578,15.18462869295534,564.4709007289158,2.6645352591003757e-15,579.6555294218712,2.49725,535.457162,0.0,537.954412
2026-07-16_ttft_component_regression/phase1/input8000_rate2p5_reuse50_seed1,175,0.03481917229931728,17.22424268331173,17.259061855611048,564.4709007289158,2.6645352591003757e-15,581.7299625845269,16.322322,536.209168,0.0,552.53149
2026-07-16_ttft_component_regression/phase1/input8000_rate2p5_reuse50_seed1,186,0.0,18.595655020873803,18.595655020873803,564.4709007289158,2.6645352591003757e-15,583.0665557497896,19.11764,541.278123,0.0,560.395763
2026-07-16_ttft_component_regression/phase1/input8000_rate2p5_reuse50_seed1,198,0.03246401698241307,17.344794981645684,17.377258998628097,564.4709007289158,2.6645352591003757e-15,581.8481597275439,1.795356,536.461932,0.0,538.257288
2026-07-16_ttft_component_regression/phase1/input8000_rate2p5_reuse50_seed1,208,0.0,20.319874577711943,20.319874577711943,564.4709007289158,2.6645352591003757e-15,584.7907753066278,11.387563,545.492069,0.0,556.879632
2026-07-16_ttft_component_regression/phase1/input8000_rate2p5_reuse50_seed1,199,0.0,19.764401441492705,19.764401441492705,564.4709007289158,2.6645352591003757e-15,584.2353021704085,3.326242,539.647797,0.0,542.974039
2026-07-16_ttft_component_regression/phase1/input8000_rate2p5_reuse50_seed1,242,0.0,21.419339891711758,21.419339891711758,564.4709007289158,2.6645352591003757e-15,585.8902406206275,92.604835,854.954165,0.0,947.559
2026-07-16_ttft_component_regression/phase1/input8000_rate2p5_reuse50_seed1,240,0.0,19.66716872067438,19.66716872067438,564.4709007289158,2.6645352591003757e-15,584.1380694495901,2.186419,579.904278,0.0,582.090697
2026-07-16_ttft_component_regression/phase1/input8000_rate2p5_reuse50_seed1,228,0.05713965469313949,17.49643887230542,17.553578526998557,564.4709007289158,2.6645352591003757e-15,582.0244792559143,0.315235,540.03882,0.0,540.354055
2026-07-16_ttft_component_regression/phase1/input8000_rate2p5_reuse50_seed1,263,0.051295843567960644,15.336519892804885,15.387815736372845,564.4709007289158,2.6645352591003757e-15,579.8587164652887,10.667601,537.181452,0.0,547.849053
2026-07-16_ttft_component_regression/phase1/input8000_rate2p5_reuse50_seed1,284,0.0,7.731461652474604,7.731461652474604,564.4709007289158,2.6645352591003757e-15,572.2023623813905,10.501753,520.749974,0.0,531.251727
2026-07-16_ttft_component_regression/phase1/input8000_rate2p5_reuse50_seed1,7,0.0,8.379591700302786,8.379591700302786,564.4709007289158,2.6645352591003757e-15,572.8504924292185,159.264103,516.688223,0.0,675.952326
2026-07-16_ttft_component_regression/phase1/input8000_rate2p5_reuse50_seed1,5,0.016752419283114654,0.748107605672364,0.7648600249554787,564.4709007289158,2.6645352591003757e-15,565.2357607538713,0.006882,503.866806,0.0,503.873688
2026-07-16_ttft_component_regression/phase1/input8000_rate2p5_reuse50_seed1,39,0.023744158368053343,17.636680114746884,17.660424273114938,564.4709007289158,2.6645352591003757e-15,582.1313250020307,12.258403,528.554537,0.0,540.81294
2026-07-16_ttft_component_regression/phase1/input8000_rate2p5_reuse50_seed1,35,0.0,14.076195255108084,14.076195255108084,564.4709007289158,2.6645352591003757e-15,578.5470959840239,2.193052,524.673272,0.0,526.866324
2026-07-16_ttft_component_regression/phase1/input8000_rate2p5_reuse50_seed1,71,0.015406148119049013,0.7125497733669939,0.7279559214860429,564.4709007289158,2.6645352591003757e-15,565.1988566504018,0.022246,503.866806,0.0,503.889052
2026-07-16_ttft_component_regression/phase1/input8000_rate2p5_reuse50_seed1,74,0.0,8.410197050772185,8.410197050772185,564.4709007289158,2.6645352591003757e-15,572.881097779688,16.516332,516.717567,0.0,533.233899
2026-07-16_ttft_component_regression/phase1/input8000_rate2p5_reuse50_seed1,105,0.0,14.026753474179147,14.026753474179147,564.4709007289158,2.6645352591003757e-15,578.497654203095,32.044334,817.758589,0.0,849.802923
2026-07-16_ttft_component_regression/phase1/input8000_rate2p5_reuse50_seed1,109,0.0,14.02843654048808,14.02843654048808,564.4709007289158,2.6645352591003757e-15,578.4993372694039,9.299104,530.222246,0.0,539.52135
2026-07-16_ttft_component_regression/phase1/input8000_rate2p5_reuse50_seed1,104,0.0,8.403017552450473,8.403017552450473,564.4709007289158,2.6645352591003757e-15,572.8739182813663,1.068577,558.173757,0.0,559.242334
2026-07-16_ttft_component_regression/phase1/input8000_rate2p5_reuse50_seed1,114,0.02178346389842127,17.464988010122255,17.486771474020678,564.4709007289158,2.6645352591003757e-15,581.9576722029365,0.470551,531.38824,0.0,531.858791
2026-07-16_ttft_component_regression/phase1/input8000_rate2p5_reuse50_seed1,144,0.020356946064971692,16.142391148319064,16.162748094384035,564.4709007289158,2.6645352591003757e-15,580.6336488232998,6.251195,568.10775,0.0,574.358945
2026-07-16_ttft_component_regression/phase1/input8000_rate2p5_reuse50_seed1,155,0.0,12.970255086433436,12.970255086433436,564.4709007289158,2.6645352591003757e-15,577.4411558153492,15.442794,529.650714,0.0,545.093508
2026-07-16_ttft_component_regression/phase1/input8000_rate2p5_reuse50_seed1,146,0.027526030808447628,18.361579087322724,18.389105118131173,564.4709007289158,2.6645352591003757e-15,582.860005847047,65.68865,837.259034,0.0,902.947684
2026-07-16_ttft_component_regression/phase1/input8000_rate2p5_reuse50_seed1,171,0.032721773297295316,17.33226640355394,17.364988176851238,564.4709007289158,2.6645352591003757e-15,581.8358889057671,9.626501,570.099283,0.0,579.725784
2026-07-16_ttft_component_regression/phase1/input8000_rate2p5_reuse50_seed1,169,0.027864712054322567,15.365119840095916,15.392984552150239,564.4709007289158,2.6645352591003757e-15,579.863885281066,19.896115,534.435623,0.0,554.331738
2026-07-16_ttft_component_regression/phase1/input8000_rate2p5_reuse50_seed1,173,0.0,18.766587579516507,18.766587579516507,564.4709007289158,2.6645352591003757e-15,583.2374883084323,106.21387,840.289669,0.0,946.503539
2026-07-16_ttft_component_regression/phase1/input8000_rate2p5_reuse50_seed1,215,0.04627968126757543,12.94751084600117,12.993790527268747,564.4709007289158,2.6645352591003757e-15,577.4646912561846,9.77778,530.023953,0.0,539.801733
2026-07-16_ttft_component_regression/phase1/input8000_rate2p5_reuse50_seed1,238,0.07300063660427984,7.685873120124754,7.758873756729034,564.4709007289158,2.6645352591003757e-15,572.2297744856448,16.240201,560.939678,0.0,577.179879
2026-07-16_ttft_component_regression/phase1/input8000_rate2p5_reuse50_seed1,239,0.045697912828281825,12.928006202858832,12.973704115687113,564.4709007289158,2.6645352591003757e-15,577.444604844603,252.264338,825.710766,0.0,1077.975104
2026-07-16_ttft_component_regression/phase1/input8000_rate2p5_reuse50_seed1,253,0.10437169631797277,16.299199119582305,16.403570815900277,564.4709007289158,2.6645352591003757e-15,580.8744715448161,20.038342,535.944198,0.0,555.98254
2026-07-16_ttft_component_regression/phase1/input8000_rate2p5_reuse50_seed1,270,0.05278321117706432,15.44829005287649,15.501073264053556,564.4709007289158,2.6645352591003757e-15,579.9719739929693,10.974849,538.8944,0.0,549.869249
2026-07-16_ttft_component_regression/phase1/input8000_rate2p5_reuse50_seed1,272,0.0325931791451627,17.338535418350457,17.37112859749562,564.4709007289158,2.6645352591003757e-15,581.8420293264114,11.393444,539.157007,0.0,550.550451
2026-07-16_ttft_component_regression/phase1/input8000_rate2p5_reuse50_seed1,275,0.0,18.613123494693514,18.613123494693514,564.4709007289158,2.6645352591003757e-15,583.0840242236093,212.637792,542.866648,0.0,755.50444
2026-07-16_ttft_component_regression/phase1/input8000_rate2p5_reuse50_seed1,296,0.059359151092162034,17.388842197650575,17.44820134874274,564.4709007289158,2.6645352591003757e-15,581.9191020776585,13.904305,540.422481,0.0,554.326786
2026-07-16_ttft_component_regression/phase1/input8000_rate2p5_reuse50_seed1,14,0.015304521543447285,0.7099771605849715,0.7252816821284188,564.4709007289158,2.6645352591003757e-15,565.1961824110442,0.032465,503.866806,0.0,503.899271
2026-07-16_ttft_component_regression/phase1/input8000_rate2p5_reuse50_seed1,18,0.0,8.410197050772185,8.410197050772185,564.4709007289158,2.6645352591003757e-15,572.881097779688,147.04365,516.688223,0.0,663.731873
2026-07-16_ttft_component_regression/phase1/input8000_rate2p5_reuse50_seed1,33,0.0,14.009410063300784,14.009410063300784,564.4709007289158,2.6645352591003757e-15,578.4803107922166,0.463122,523.978392,0.0,524.441514
2026-07-16_ttft_component_regression/phase1/input8000_rate2p5_reuse50_seed1,50,0.021573884013287973,17.44708825913292,17.468662143146208,564.4709007289158,2.6645352591003757e-15,581.939562872062,205.832168,527.083401,0.0,732.915569
2026-07-16_ttft_component_regression/phase1/input8000_rate2p5_reuse50_seed1,41,0.0,7.735249685504574,7.735249685504574,564.4709007289158,2.6645352591003757e-15,572.2061504144203,8.192384,516.844799,0.0,525.037183
2026-07-16_ttft_component_regression/phase1/input8000_rate2p5_reuse50_seed1,49,0.0,14.035345036769998,14.035345036769998,564.4709007289158,2.6645352591003757e-15,578.5062457656858,12.961453,523.02604,0.0,535.987493
2026-07-16_ttft_component_regression/phase1/input8000_rate2p5_reuse50_seed1,73,0.022822429193502854,17.554985773797977,17.57780820299148,564.4709007289158,2.6645352591003757e-15,582.0487089319073,8.118078,528.614249,0.0,536.732327
2026-07-16_ttft_component_regression/phase1/input8000_rate2p5_reuse50_seed1,76,0.027673382160422703,19.926624889369698,19.95429827153012,564.4709007289158,2.6645352591003757e-15,584.4251990004459,8.54212,531.301677,0.0,539.843797
2026-07-16_ttft_component_regression/phase1/input8000_rate2p5_reuse50_seed1,88,0.024758611252180675,18.499298744971426,18.524057356223608,564.4709007289158,2.6645352591003757e-15,582.9949580851394,21.297453,570.80097,0.0,592.098423
2026-07-16_ttft_component_regression/phase1/input8000_rate2p5_reuse50_seed1,87,0.023818852806077987,16.429503521106998,16.453322373913075,564.4709007289158,2.6645352591003757e-15,580.9242231028289,4.508297,535.588117,0.0,540.096414
2026-07-16_ttft_component_regression/phase1/input8000_rate2p5_reuse50_seed1,89,0.0,19.810617874833856,19.810617874833856,564.4709007289158,2.6645352591003757e-15,584.2815186037496,221.671189,841.479794,0.0,1063.150983
2026-07-16_ttft_component_regression/phase1/input8000_rate2p5_reuse50_seed1,126,0.0,19.7901898884056,19.7901898884056,564.4709007289158,2.6645352591003757e-15,584.2610906173214,13.889638,546.168448,0.0,560.058086
2026-07-16_ttft_component_regression/phase1/input8000_rate2p5_reuse50_seed1,113,0.0,21.41896894040417,21.41896894040417,564.4709007289158,2.6645352591003757e-15,585.88986966932,2.332262,543.488724,0.0,545.820986
2026-07-16_ttft_component_regression/phase1/input8000_rate2p5_reuse50_seed1,132,0.0,19.751396778902485,19.751396778902485,564.4709007289158,2.6645352591003757e-15,584.2222975078183,21.4676,546.100572,0.0,567.568172
2026-07-16_ttft_component_regression/phase1/input8000_rate2p5_reuse50_seed1,141,0.0,19.751396778902485,19.751396778902485,564.4709007289158,2.6645352591003757e-15,584.2222975078183,15.675753,545.283349,0.0,560.959102
2026-07-16_ttft_component_regression/phase1/input8000_rate2p5_reuse50_seed1,156,0.0,19.709258104376424,19.709258104376424,564.4709007289158,2.6645352591003757e-15,584.1801588332922,22.95271,542.378506,0.0,565.331216
2026-07-16_ttft_component_regression/phase1/input8000_rate2p5_reuse50_seed1,150,0.0,21.55501686716581,21.55501686716581,564.4709007289158,2.6645352591003757e-15,586.0259175960816,22.471771,549.11876,0.0,571.590531
2026-07-16_ttft_component_regression/phase1/input8000_rate2p5_reuse50_seed1,174,0.0,20.407514658854204,20.407514658854204,564.4709007289158,2.6645352591003757e-15,584.87841538777,7.433228,547.464142,0.0,554.89737
2026-07-16_ttft_component_regression/phase1/input8000_rate2p5_reuse50_seed1,181,0.1639878851152312,23.766670690296365,23.930658575411595,564.4709007289158,2.6645352591003757e-15,588.4015593043274,102.484637,852.691506,0.0,955.176143
2026-07-16_ttft_component_regression/phase1/input8000_rate2p5_reuse50_seed1,190,0.15686871698742294,25.177302508496854,25.334171225484276,564.4709007289158,2.6645352591003757e-15,589.8050719544001,23.762596,552.846285,0.0,576.608881
2026-07-16_ttft_component_regression/phase1/input8000_rate2p5_reuse50_seed1,166,0.0,20.410942809491946,20.410942809491946,564.4709007289158,2.6645352591003757e-15,584.8818435384078,13.696082,547.913791,0.0,561.609873
2026-07-16_ttft_component_regression/phase1/input8000_rate2p5_reuse50_seed1,180,0.0,20.407514658854204,20.407514658854204,564.4709007289158,2.6645352591003757e-15,584.87841538777,22.84894,579.683746,0.0,602.532686
2026-07-16_ttft_component_regression/phase1/input8000_rate2p5_reuse50_seed1,223,0.05780998234839632,17.46507837683442,17.522888359182815,564.4709007289158,2.6645352591003757e-15,581.9937890880987,15.677255,540.146694,0.0,555.823949
2026-07-16_ttft_component_regression/phase1/input8000_rate2p5_reuse50_seed1,210,0.0,20.445604107206627,20.445604107206627,564.4709007289158,2.6645352591003757e-15,584.9165048361224,11.821411,548.539099,0.0,560.36051
2026-07-16_ttft_component_regression/phase1/input8000_rate2p5_reuse50_seed1,231,0.10250712134585431,16.156024060998302,16.258531182344157,564.4709007289158,2.6645352591003757e-15,580.72943191126,2.920662,535.188341,0.0,538.109003
2026-07-16_ttft_component_regression/phase1/input8000_rate2p5_reuse50_seed1,233,0.10953055342214697,18.263039902528636,18.372570455950783,564.4709007289158,2.6645352591003757e-15,582.8434711848666,14.684621,534.994161,0.0,549.678782
2026-07-16_ttft_component_regression/phase1/input8000_rate2p5_reuse50_seed1,246,0.0,19.6304919748014,19.6304919748014,564.4709007289158,2.6645352591003757e-15,584.1013927037172,12.58834,541.967421,0.0,554.555761
2026-07-16_ttft_component_regression/phase1/input8000_rate2p5_reuse50_seed1,251,0.0,18.693639587595094,18.693639587595094,564.4709007289158,2.6645352591003757e-15,583.1645403165109,6.50543,539.345651,0.0,545.851081
2026-07-16_ttft_component_regression/phase1/input8000_rate2p5_reuse50_seed1,261,0.0,20.346953114790175,20.346953114790175,564.4709007289158,2.6645352591003757e-15,584.817853843706,18.834599,546.170346,0.0,565.004945
2026-07-16_ttft_component_regression/phase1/input8000_rate2p5_reuse50_seed1,299,0.020844831332604428,0.5350368351053233,0.5558816664379277,564.4709007289158,2.6645352591003757e-15,565.0267823953537,0.033011,507.267433,0.0,507.300444
2026-07-16_ttft_component_regression/phase1/input8000_rate2p5_reuse50_seed1,69,0.0,8.405125185210538,8.405125185210538,564.4709007289158,2.6645352591003757e-15,572.8760259141263,17.489092,516.755199,0.0,534.244291
2026-07-16_ttft_component_regression/phase1/input8000_rate2p5_reuse50_seed1,64,0.016192851678063325,0.7329747732847969,0.7491676249628602,564.4709007289158,2.6645352591003757e-15,565.2200683538787,0.012131,503.866806,0.0,503.878937
2026-07-16_ttft_component_regression/phase1/input8000_rate2p5_reuse50_seed1,91,0.0,14.018603507188216,14.018603507188216,564.4709007289158,2.6645352591003757e-15,578.489504236104,17.604939,524.3886,0.0,541.993539
2026-07-16_ttft_component_regression/phase1/input8000_rate2p5_reuse50_seed1,103,0.0,8.41404737230338,8.41404737230338,564.4709007289158,2.6645352591003757e-15,572.8849481012192,10.449875,516.806655,0.0,527.25653
2026-07-16_ttft_component_regression/phase1/input8000_rate2p5_reuse50_seed1,106,0.0,14.003638642583335,14.003638642583335,564.4709007289158,2.6645352591003757e-15,578.4745393714992,10.219292,522.968152,0.0,533.187444
2026-07-16_ttft_component_regression/phase1/input8000_rate2p5_reuse50_seed1,116,0.020729878852258677,17.37582838871482,17.396558267567077,564.4709007289158,2.6645352591003757e-15,581.8674589964829,3.461744,527.180905,0.0,530.642649
2026-07-16_ttft_component_regression/phase1/input8000_rate2p5_reuse50_seed1,131,0.028635800655183504,18.301207494719588,18.329843295374772,564.4709007289158,2.6645352591003757e-15,582.8007440242906,12.281274,530.813581,0.0,543.094855
2026-07-16_ttft_component_regression/phase1/input8000_rate2p5_reuse50_seed1,125,0.028995189999297327,18.28090282774885,18.309898017748147,564.4709007289158,2.6645352591003757e-15,582.780798746664,18.634532,530.865869,0.0,549.500401
2026-07-16_ttft_component_regression/phase1/input8000_rate2p5_reuse50_seed1,143,0.021084799656444882,16.200796820001628,16.221881619658074,564.4709007289158,2.6645352591003757e-15,580.6927823485739,11.716174,534.167476,0.0,545.88365
2026-07-16_ttft_component_regression/phase1/input8000_rate2p5_reuse50_seed1,151,0.027145739431455842,18.381522566015903,18.40866830544736,564.4709007289158,2.6645352591003757e-15,582.8795690343632,10.915652,535.388169,0.0,546.303821
2026-07-16_ttft_component_regression/phase1/input8000_rate2p5_reuse50_seed1,157,0.0,19.764401441492705,19.764401441492705,564.4709007289158,2.6645352591003757e-15,584.2353021704085,1.788461,541.176628,0.0,542.965089
2026-07-16_ttft_component_regression/phase1/input8000_rate2p5_reuse50_seed1,192,0.0,12.233075383309522,12.233075383309522,564.4709007289158,2.6645352591003757e-15,576.7039761122253,15.396719,526.650826,0.0,542.047545
2026-07-16_ttft_component_regression/phase1/input8000_rate2p5_reuse50_seed1,212,0.0,12.300589733511021,12.300589733511021,564.4709007289158,2.6645352591003757e-15,576.7714904624269,2.461553,532.768977,0.0,535.23053
2026-07-16_ttft_component_regression/phase1/input8000_rate2p5_reuse50_seed1,205,0.0,12.238610126022449,12.238610126022449,564.4709007289158,2.6645352591003757e-15,576.7095108549382,6.789412,526.080624,0.0,532.870036
2026-07-16_ttft_component_regression/phase1/input8000_rate2p5_reuse50_seed1,219,0.10228445303892239,16.139320678059015,16.241605131097938,564.4709007289158,2.6645352591003757e-15,580.7125058600137,7.827714,535.313911,0.0,543.141625
2026-07-16_ttft_component_regression/phase1/input8000_rate2p5_reuse50_seed1,244,0.10161249094070675,16.089392910820543,16.19100540176125,564.4709007289158,2.6645352591003757e-15,580.661906130677,15.121466,538.489038,0.0,553.610504
2026-07-16_ttft_component_regression/phase1/input8000_rate2p5_reuse50_seed1,259,0.0,12.294049612438664,12.294049612438664,564.4709007289158,2.6645352591003757e-15,576.7649503413545,18.312893,526.649242,0.0,544.962135
2026-07-16_ttft_component_regression/phase1/input8000_rate2p5_reuse50_seed1,267,0.0,12.305656581021976,12.305656581021976,564.4709007289158,2.6645352591003757e-15,576.7765573099377,0.067398,532.549174,0.0,532.616572
2026-07-16_ttft_component_regression/phase1/input8000_rate2p5_reuse50_seed1,268,0.053410794471420116,15.496618629769848,15.550029424241268,564.4709007289158,2.6645352591003757e-15,580.0209301531571,46.945539,533.779085,0.0,580.724624
2026-07-16_ttft_component_regression/phase1/input8000_rate2p5_reuse50_seed1,287,0.029764347469972016,17.468008944001948,17.49777329147192,564.4709007289158,2.6645352591003757e-15,581.9686740203878,10.099855,536.426602,0.0,546.526457
2026-07-16_ttft_component_regression/phase1/input8000_rate2p5_reuse50_seed1,285,0.02917749592662092,15.469728916587927,15.498906412514549,564.4709007289158,2.6645352591003757e-15,579.9698071414304,0.338689,535.99499,0.0,536.333679
2026-07-16_ttft_component_regression/phase1/input8000_rate2p5_reuse50_seed1,293,0.0,18.6911985459683,18.6911985459683,564.4709007289158,2.6645352591003757e-15,583.1620992748841,10.502666,541.648575,0.0,552.151241
2026-07-16_ttft_component_regression/phase1/input8000_rate2p5_reuse50_seed1,10,0.0,8.396430998918406,8.396430998918406,564.4709007289158,2.6645352591003757e-15,572.8673317278342,14.275374,516.837375,0.0,531.112749
2026-07-16_ttft_component_regression/phase1/input8000_rate2p5_reuse50_seed1,0,0.016752419283114654,0.748107605672364,0.7648600249554787,564.4709007289158,2.6645352591003757e-15,565.2357607538713,0.0,503.866806,0.0,503.866806
2026-07-16_ttft_component_regression/phase1/input8000_rate2p5_reuse50_seed1,13,0.0,14.037116117493985,14.037116117493985,564.4709007289158,2.6645352591003757e-15,578.5080168464098,9.881927,522.966424,0.0,532.848351
2026-07-16_ttft_component_regression/phase1/input8000_rate2p5_reuse50_seed1,16,0.023233694293431112,17.591214083872263,17.614447778165694,564.4709007289158,2.6645352591003757e-15,582.0853485070814,226.169708,527.027977,0.0,753.197685
2026-07-16_ttft_component_regression/phase1/input8000_rate2p5_reuse50_seed1,43,0.0,8.397555839606996,8.397555839606996,564.4709007289158,2.6645352591003757e-15,572.8684565685228,5.189193,558.432925,0.0,563.622118
2026-07-16_ttft_component_regression/phase1/input8000_rate2p5_reuse50_seed1,44,0.0,14.031855582937675,14.031855582937675,564.4709007289158,2.6645352591003757e-15,578.5027563118534,99.662794,867.395206,0.0,967.058
2026-07-16_ttft_component_regression/phase1/input8000_rate2p5_reuse50_seed1,53,0.030905298098480083,19.73918003142845,19.770085329526932,564.4709007289158,2.6645352591003757e-15,584.2409860584428,1.433178,530.205389,0.0,531.638567
2026-07-16_ttft_component_regression/phase1/input8000_rate2p5_reuse50_seed1,47,0.02167874654610509,17.456033931582695,17.4777126781288,564.4709007289158,2.6645352591003757e-15,581.9486134070446,528.628281,810.841566,0.0,1339.469847
2026-07-16_ttft_component_regression/phase1/input8000_rate2p5_reuse50_seed1,61,0.03258663702626477,19.627704324888963,19.660290961915226,564.4709007289158,2.6645352591003757e-15,584.1311916908311,1.034742,535.565879,0.0,536.600621
2026-07-16_ttft_component_regression/phase1/input8000_rate2p5_reuse50_seed1,77,0.14938970877157487,27.115321270333578,27.264710979105153,564.4709007289158,2.6645352591003757e-15,591.735611708021,7.486161,548.8175,0.0,556.303661
2026-07-16_ttft_component_regression/phase1/input8000_rate2p5_reuse50_seed1,65,0.0,21.260745654452347,21.260745654452347,564.4709007289158,2.6645352591003757e-15,585.7316463833681,8.024173,539.457454,0.0,547.481627
2026-07-16_ttft_component_regression/phase1/input8000_rate2p5_reuse50_seed1,67,0.0,23.17801691080287,23.17801691080287,564.4709007289158,2.6645352591003757e-15,587.6489176397187,18.708421,542.258473,0.0,560.966894
2026-07-16_ttft_component_regression/phase1/input8000_rate2p5_reuse50_seed1,92,0.02970869347412358,19.812138548431022,19.841847241905146,564.4709007289158,2.6645352591003757e-15,584.312747970821,15.35706,537.1928,0.0,552.54986
2026-07-16_ttft_component_regression/phase1/input8000_rate2p5_reuse50_seed1,100,0.0,21.338351020261623,21.338351020261623,564.4709007289158,2.6645352591003757e-15,585.8092517491774,2.825523,541.937983,0.0,544.763506
2026-07-16_ttft_component_regression/phase1/input8000_rate2p5_reuse50_seed1,118,0.18693234900032013,25.419542967795316,25.606475316795635,564.4709007289158,2.6645352591003757e-15,590.0773760457114,5.206457,549.25052,0.0,554.456977
2026-07-16_ttft_component_regression/phase1/input8000_rate2p5_reuse50_seed1,101,0.0,23.283176755169897,23.283176755169897,564.4709007289158,2.6645352591003757e-15,587.7540774840857,4.48548,544.377118,0.0,548.862598
2026-07-16_ttft_component_regression/phase1/input8000_rate2p5_reuse50_seed1,127,0.0,21.355249465105473,21.355249465105473,564.4709007289158,2.6645352591003757e-15,585.8261501940212,7.650279,541.874743,0.0,549.525022
2026-07-16_ttft_component_regression/phase1/input8000_rate2p5_reuse50_seed1,110,0.0,23.344122053009162,23.344122053009162,564.4709007289158,2.6645352591003757e-15,587.815022781925,3.410669,545.771005,0.0,549.181674
2026-07-16_ttft_component_regression/phase1/input8000_rate2p5_reuse50_seed1,135,0.18594131761162971,27.435488822119588,27.621430139731217,564.4709007289158,2.6645352591003757e-15,592.092330868647,47.40156,855.526824,0.0,902.928384
2026-07-16_ttft_component_regression/phase1/input8000_rate2p5_reuse50_seed1,134,0.0,21.566263241638204,21.566263241638204,564.4709007289158,2.6645352591003757e-15,586.037163970554,8.18832,581.179421,0.0,589.367741
2026-07-16_ttft_component_regression/phase1/input8000_rate2p5_reuse50_seed1,142,0.19572425727315468,27.51771464891193,27.713438906185086,564.4709007289158,2.6645352591003757e-15,592.1843396351009,11.997278,548.152529,0.0,560.149807
2026-07-16_ttft_component_regression/phase1/input8000_rate2p5_reuse50_seed1,161,755.4253488079765,26.99873025669407,782.4240790646707,564.4709007289158,2.6645352591003757e-15,1346.8949797935866,516.0377579999999,554.583376,0.0,1070.621134
2026-07-16_ttft_component_regression/phase1/input8000_rate2p5_reuse50_seed1,176,299.86759764625214,27.113534229041104,326.9811318752932,564.4709007289158,2.6645352591003757e-15,891.4520326042091,292.27370399999995,547.838363,0.0,840.112067
2026-07-16_ttft_component_regression/phase1/input8000_rate2p5_reuse50_seed1,162,1771.5004716233454,26.99873025669407,1798.4992018800394,564.4709007289158,2.6645352591003757e-15,2362.970102608955,1091.694113,550.972654,0.0,1642.666767
2026-07-16_ttft_component_regression/phase1/input8000_rate2p5_reuse50_seed1,172,0.18806686010598767,23.94990815375602,24.137975013862008,564.4709007289158,2.6645352591003757e-15,588.6088757427779,16.914796,550.516115,0.0,567.430911
2026-07-16_ttft_component_regression/phase1/input8000_rate2p5_reuse50_seed1,182,0.1790316580653768,25.357131986344225,25.5361636444096,564.4709007289158,2.6645352591003757e-15,590.0070643733254,12.005023,546.604208,0.0,558.609231
2026-07-16_ttft_component_regression/phase1/input8000_rate2p5_reuse50_seed1,222,0.10283985703823584,16.18113550165278,16.283975358691016,564.4709007289158,2.6645352591003757e-15,580.7548760876068,24.968616,537.451432,0.0,562.420048
2026-07-16_ttft_component_regression/phase1/input8000_rate2p5_reuse50_seed1,220,0.04564169083120404,12.926143247492075,12.971784938323278,564.4709007289158,2.6645352591003757e-15,577.4426856672391,4.448696,530.711094,0.0,535.15979
2026-07-16_ttft_component_regression/phase1/input8000_rate2p5_reuse50_seed1,260,0.023340802242688644,7.296945097241797,7.320285899484485,564.4709007289158,2.6645352591003757e-15,571.7911866284003,13.80076,522.521846,0.0,536.322606
2026-07-16_ttft_component_regression/phase1/input8000_rate2p5_reuse50_seed1,273,0.00030098241179925153,7.256916369059399,7.257217351471199,564.4709007289158,2.6645352591003757e-15,571.728118080387,8.579792,519.819722,0.0,528.399514
2026-07-16_ttft_component_regression/phase1/input8000_rate2p5_reuse50_seed1,282,0.0,12.207450823602889,12.207450823602889,564.4709007289158,2.6645352591003757e-15,576.6783515525187,0.635129,532.059304,0.0,532.694433
2026-07-16_ttft_component_regression/phase1/input8000_rate2p5_reuse50_seed1,9,0.0,14.046234256738822,14.046234256738822,564.4709007289158,2.6645352591003757e-15,578.5171349856546,11.136442,522.866904,0.0,534.003346
2026-07-16_ttft_component_regression/phase1/input8000_rate2p5_reuse50_seed1,6,0.0,8.388261754210594,8.388261754210594,564.4709007289158,2.6645352591003757e-15,572.8591624831264,14.400377,516.693919,0.0,531.094296
2026-07-16_ttft_component_regression/phase1/input8000_rate2p5_reuse50_seed1,3,0.016752419283114654,0.748107605672364,0.7648600249554787,564.4709007289158,2.6645352591003757e-15,565.2357607538713,0.032568,503.866806,0.0,503.899374
2026-07-16_ttft_component_regression/phase1/input8000_rate2p5_reuse50_seed1,25,0.02251233507117558,17.52789988851837,17.550412223589547,564.4709007289158,2.6645352591003757e-15,582.0213129525054,15.96192,527.471145,0.0,543.433065
2026-07-16_ttft_component_regression/phase1/input8000_rate2p5_reuse50_seed1,26,0.029338236410040283,19.833814995869332,19.863153232279373,564.4709007289158,2.6645352591003757e-15,584.3340539611952,11.873225,530.400781,0.0,542.274006
2026-07-16_ttft_component_regression/phase1/input8000_rate2p5_reuse50_seed1,27,0.0,21.346815220108606,21.346815220108606,564.4709007289158,2.6645352591003757e-15,585.8177159490244,17.895632,536.147433,0.0,554.043065
2026-07-16_ttft_component_regression/phase1/input8000_rate2p5_reuse50_seed1,38,0.0,23.259314146856596,23.259314146856596,564.4709007289158,2.6645352591003757e-15,587.7302148757724,0.335498,542.264582,0.0,542.60008
2026-07-16_ttft_component_regression/phase1/input8000_rate2p5_reuse50_seed1,40,0.18068001229368702,27.390679100609535,27.571359112903224,564.4709007289158,2.6645352591003757e-15,592.042259841819,6.048427,546.214666,0.0,552.263093
2026-07-16_ttft_component_regression/phase1/input8000_rate2p5_reuse50_seed1,66,0.024451827308657487,17.700664115611943,17.7251159429206,564.4709007289158,2.6645352591003757e-15,582.1960166718364,12.451201,567.938467,0.0,580.389668
2026-07-16_ttft_component_regression/phase1/input8000_rate2p5_reuse50_seed1,68,0.025496080353022352,20.0383644081079,20.06386048846092,564.4709007289158,2.6645352591003757e-15,584.5347612173767,132.604611,836.908792,0.0,969.513403
2026-07-16_ttft_component_regression/phase1/input8000_rate2p5_reuse50_seed1,75,0.0,21.429890049863808,21.429890049863808,564.4709007289158,2.6645352591003757e-15,585.9007907787797,1.609496,544.525211,0.0,546.134707
2026-07-16_ttft_component_regression/phase1/input8000_rate2p5_reuse50_seed1,98,0.0,21.37759803173316,21.37759803173316,564.4709007289158,2.6645352591003757e-15,585.848498760649,12.994449,541.462141,0.0,554.45659
2026-07-16_ttft_component_regression/phase1/input8000_rate2p5_reuse50_seed1,85,0.02349954418783879,18.55698170438804,18.58048124857588,564.4709007289158,2.6645352591003757e-15,583.0513819774917,12.396776,538.799999,0.0,551.196775
2026-07-16_ttft_component_regression/phase1/input8000_rate2p5_reuse50_seed1,93,0.026191282867314834,20.00373946764103,20.029930750508345,564.4709007289158,2.6645352591003757e-15,584.5008314794242,4.281163,538.135929,0.0,542.417092
2026-07-16_ttft_component_regression/phase1/input8000_rate2p5_reuse50_seed1,120,0.0,20.319874577711943,20.319874577711943,564.4709007289158,2.6645352591003757e-15,584.7907753066278,19.867965,552.363782,0.0,572.231747
2026-07-16_ttft_component_regression/phase1/input8000_rate2p5_reuse50_seed1,124,0.16442992143275328,25.239458074892347,25.4038879963251,564.4709007289158,2.6645352591003757e-15,589.8747887252409,62.439281,861.339894,0.0,923.779175
2026-07-16_ttft_component_regression/phase1/input8000_rate2p5_reuse50_seed1,123,0.0,21.50706463736306,21.50706463736306,564.4709007289158,2.6645352591003757e-15,585.9779653662789,20.211541,584.559993,0.0,604.771534
2026-07-16_ttft_component_regression/phase1/input8000_rate2p5_reuse50_seed1,128,0.16352096246637565,27.241596017896946,27.40511698036332,564.4709007289158,2.6645352591003757e-15,591.8760177092792,19.896052,549.077846,0.0,568.973898
2026-07-16_ttft_component_regression/phase1/input8000_rate2p5_reuse50_seed1,148,0.9028547348650623,28.576593676384885,29.479448411249948,564.4709007289158,0.6222780365239479,594.5726271766897,136.430615,1015.324772,0.625374,1152.380761
2026-07-16_ttft_component_regression/phase1/input8000_rate2p5_reuse50_seed1,165,3656.334598984322,27.062326538003745,3683.3969255223255,564.4709007289158,2.6645352591003757e-15,4247.867826251241,2491.163426,547.740027,0.0,3038.903453
2026-07-16_ttft_component_regression/phase1/input8000_rate2p5_reuse50_seed1,147,0.028148378813042357,18.32813965324304,18.35628803205608,564.4709007289158,2.6645352591003757e-15,582.8271887609719,11.041045,536.9694,0.0,548.010445
2026-07-16_ttft_component_regression/phase1/input8000_rate2p5_reuse50_seed1,153,0.9281491988730484,28.62522057350453,29.55336977237758,564.4709007289158,0.6222780365239479,594.6465485378174,8.243833,1020.566783,0.625374,1029.43599
2026-07-16_ttft_component_regression/phase1/input8000_rate2p5_reuse50_seed1,159,0.9299693306618854,28.62858802157405,29.558557352235937,564.4709007289158,0.6222780365239479,594.6517361176757,23.343206000000002,1024.745093,0.625374,1048.713673
2026-07-16_ttft_component_regression/phase1/input8000_rate2p5_reuse50_seed1,187,0.0,20.459665014278325,20.459665014278325,564.4709007289158,2.6645352591003757e-15,584.9305657431942,7.950406,544.84117,0.0,552.791576
2026-07-16_ttft_component_regression/phase1/input8000_rate2p5_reuse50_seed1,194,0.8845513541130159,26.919705663418885,27.8042570175319,564.4709007289158,0.6222780365239479,592.8974357829717,22.580903,1035.465232,0.625374,1058.671509
2026-07-16_ttft_component_regression/phase1/input8000_rate2p5_reuse50_seed1,202,0.166513284894358,23.78625986098815,23.952773145882507,564.4709007289158,2.6645352591003757e-15,588.4236738747983,11.315642,549.596235,0.0,560.911877
2026-07-16_ttft_component_regression/phase1/input8000_rate2p5_reuse50_seed1,209,0.19775076006336803,23.968508180821342,24.16625894088471,564.4709007289158,2.6645352591003757e-15,588.6371596698006,6.186777,550.223359,0.0,556.410136
2026-07-16_ttft_component_regression/phase1/input8000_rate2p5_reuse50_seed1,229,0.17245655231146656,23.83201269035472,24.004469242666186,564.4709007289158,2.6645352591003757e-15,588.475369971582,21.548836,550.011361,0.0,571.560197
2026-07-16_ttft_component_regression/phase1/input8000_rate2p5_reuse50_seed1,218,1244.6668565470095,28.382693772485155,1273.0495503194948,564.4709007289158,2.6645352591003757e-15,1837.5204510484105,799.085058,560.210129,0.0,1359.295187
2026-07-16_ttft_component_regression/phase1/input8000_rate2p5_reuse50_seed1,221,432.47493473986134,28.434957842777113,460.90989258263846,564.4709007289158,2.6645352591003757e-15,1025.3807933115543,327.799445,551.083078,0.0,878.882523
2026-07-16_ttft_component_regression/phase1/input8000_rate2p5_reuse50_seed1,236,4305.835394456971,28.375014419814686,4334.210408876786,564.4709007289158,2.6645352591003757e-15,4898.681309605701,2623.582996,548.391597,0.0,3171.974593
2026-07-16_ttft_component_regression/phase1/input8000_rate2p5_reuse50_seed1,235,441.72372674958757,28.397893852591512,470.12162060217906,564.4709007289158,2.6645352591003757e-15,1034.5925213310948,353.893264,549.638824,0.0,903.532088
2026-07-16_ttft_component_regression/phase1/input8000_rate2p5_reuse50_seed1,249,3696.9038563406007,28.382693772485155,3725.286550113086,564.4709007289158,2.6645352591003757e-15,4289.757450842002,2428.353152,545.239157,0.0,2973.592309
2026-07-16_ttft_component_regression/phase1/input8000_rate2p5_reuse50_seed1,248,108.54400399341593,28.412880875312403,136.95688486872834,564.4709007289158,2.6645352591003757e-15,701.4277855976442,117.223635,552.856013,0.0,670.079648
2026-07-16_ttft_component_regression/phase1/input8000_rate2p5_reuse50_seed1,278,3702.7729541481394,26.995438081715186,3729.7683922298547,564.4709007289158,2.6645352591003757e-15,4294.23929295877,2313.842811,554.243038,0.0,2868.085849
2026-07-16_ttft_component_regression/phase1/input8000_rate2p5_reuse50_seed1,254,6410.054868951187,28.467152814208777,6438.522021765396,564.4709007289158,2.6645352591003757e-15,7002.992922494312,4940.486712,547.388707,0.0,5487.875419
2026-07-16_ttft_component_regression/phase1/input8000_rate2p5_reuse50_seed1,290,6083.286230561499,27.01820341227739,6110.304433973776,564.4709007289158,2.6645352591003757e-15,6674.775334702692,1656.900543,552.059055,0.0,2208.959598
2026-07-16_ttft_component_regression/phase1/input8000_rate2p5_reuse50_seed1,291,10005.545778424048,27.005274731942603,10032.55105315599,564.4709007289158,2.6645352591003757e-15,10597.021953884907,4323.904232,551.881812,0.0,4875.786044
2026-07-16_ttft_component_regression/phase1/input8000_rate2p5_reuse50_seed1,298,7933.574686291856,28.467152814208777,7962.041839106065,564.4709007289158,2.6645352591003757e-15,8526.512739834981,2914.264393,549.33512,0.0,3463.599513
2026-07-16_ttft_component_regression/phase1/input8000_rate2p5_reuse50_seed1,280,5709.4080424150025,27.046503578599058,5736.454545993602,564.4709007289158,2.6645352591003757e-15,6300.925446722517,4610.062497999999,555.587719,0.0,5165.650217
2026-07-16_ttft_component_regression/phase1/input8000_rate2p5_reuse50_seed1,4,0.016752419283114654,0.748107605672364,0.7648600249554787,564.4709007289158,2.6645352591003757e-15,565.2357607538713,0.018294,503.866806,0.0,503.8851
2026-07-16_ttft_component_regression/phase1/input8000_rate2p5_reuse50_seed1,22,0.0,8.384606028374465,8.384606028374465,564.4709007289158,2.6645352591003757e-15,572.8555067572903,2.254746,517.235167,0.0,519.489913
2026-07-16_ttft_component_regression/phase1/input8000_rate2p5_reuse50_seed1,28,0.0,14.053842855920239,14.053842855920239,564.4709007289158,2.6645352591003757e-15,578.5247435848361,13.943854,523.537176,0.0,537.48103
2026-07-16_ttft_component_regression/phase1/input8000_rate2p5_reuse50_seed1,36,0.028195817122429762,19.898261705823536,19.926457522945967,564.4709007289158,2.6645352591003757e-15,584.3973582518618,11.539373,530.739021,0.0,542.278394
2026-07-16_ttft_component_regression/phase1/input8000_rate2p5_reuse50_seed1,32,0.023540462179748735,17.618469792101088,17.642010254280837,564.4709007289158,2.6645352591003757e-15,582.1129109831967,10.525997,527.863817,0.0,538.389814
2026-07-16_ttft_component_regression/phase1/input8000_rate2p5_reuse50_seed1,46,0.0,21.327017987160374,21.327017987160374,564.4709007289158,2.6645352591003757e-15,585.7979187160762,13.589198,537.249705,0.0,550.838903
2026-07-16_ttft_component_regression/phase1/input8000_rate2p5_reuse50_seed1,51,0.0,21.292682765624228,21.292682765624228,564.4709007289158,2.6645352591003757e-15,585.7635834945401,16.904012,536.565481,0.0,553.469493
2026-07-16_ttft_component_regression/phase1/input8000_rate2p5_reuse50_seed1,54,0.0,23.17422931575366,23.17422931575366,564.4709007289158,2.6645352591003757e-15,587.6451300446695,4.336177,541.336774,0.0,545.672951
2026-07-16_ttft_component_regression/phase1/input8000_rate2p5_reuse50_seed1,80,0.0,12.939950631669157,12.939950631669157,564.4709007289158,2.6645352591003757e-15,577.410851360585,0.60298,527.25412,0.0,527.8571
2026-07-16_ttft_component_regression/phase1/input8000_rate2p5_reuse50_seed1,94,0.0,14.063744142148131,14.063744142148131,564.4709007289158,2.6645352591003757e-15,578.534644871064,13.104678,530.314666,0.0,543.419344
2026-07-16_ttft_component_regression/phase1/input8000_rate2p5_reuse50_seed1,81,0.022009540089928028,16.276437539861803,16.298447079951732,564.4709007289158,2.6645352591003757e-15,580.7693478088676,143.46786,535.464924,0.0,678.932784
2026-07-16_ttft_component_regression/phase1/input8000_rate2p5_reuse50_seed1,115,0.024652479660941536,17.71901523815493,17.74366771781587,564.4709007289158,2.6645352591003757e-15,582.2145684467317,0.133472,536.340398,0.0,536.47387
2026-07-16_ttft_component_regression/phase1/input8000_rate2p5_reuse50_seed1,129,0.8376943143427075,28.43523494544912,29.27292925979183,564.4709007289158,0.6222780365239479,594.3661080252316,18.538403000000002,999.872219,0.625374,1019.035996
2026-07-16_ttft_component_regression/phase1/input8000_rate2p5_reuse50_seed1,133,0.8376943143427075,28.43523494544912,29.27292925979183,564.4709007289158,0.6222780365239479,594.3661080252316,20.105386,1063.188341,0.625374,1083.919101
2026-07-16_ttft_component_regression/phase1/input8000_rate2p5_reuse50_seed1,136,0.024758611252180675,18.499298744971426,18.524057356223608,564.4709007289158,2.6645352591003757e-15,582.9949580851394,315.597806,892.392813,0.0,1207.990619
2026-07-16_ttft_component_regression/phase1/input8000_rate2p5_reuse50_seed1,137,0.0,335.61767998560555,335.61767998560555,564.4709007289158,2.6645352591003757e-15,900.0885807145214,723.93773,823.83636,0.0,1547.77409
2026-07-16_ttft_component_regression/phase1/input8000_rate2p5_reuse50_seed1,163,0.8686478295680957,26.886943297414952,27.75559112698305,564.4709007289158,0.6222780365239479,592.8487698924229,7.931061000000001,1050.628389,0.625374,1059.184824
2026-07-16_ttft_component_regression/phase1/input8000_rate2p5_reuse50_seed1,164,0.8704076715864382,26.890633517755955,27.761041189342393,564.4709007289158,0.6222780365239479,592.8542199547821,651.481447,1310.506331,0.625374,1962.613152
2026-07-16_ttft_component_regression/phase1/input8000_rate2p5_reuse50_seed1,152,0.0,21.643032436585727,21.643032436585727,564.4709007289158,2.6645352591003757e-15,586.1139331655015,15.117472,546.323857,0.0,561.441329
2026-07-16_ttft_component_regression/phase1/input8000_rate2p5_reuse50_seed1,185,0.1673579765349158,23.79279222284523,23.960150199380145,564.4709007289158,2.6645352591003757e-15,588.4310509282959,25.771643,550.88209,0.0,576.653733
2026-07-16_ttft_component_regression/phase1/input8000_rate2p5_reuse50_seed1,191,0.16990073917760223,23.812396942377628,23.98229768155523,564.4709007289158,2.6645352591003757e-15,588.453198410471,5.833365,548.573928,0.0,554.407293
2026-07-16_ttft_component_regression/phase1/input8000_rate2p5_reuse50_seed1,197,0.9326348927581025,27.1063708163522,28.039005709110302,564.4709007289158,0.6222780365239479,593.1321844745501,8.347352,1037.440828,0.625374,1046.413554
2026-07-16_ttft_component_regression/phase1/input8000_rate2p5_reuse50_seed1,226,0.9235549848540564,27.088239519290834,28.01179450414489,564.4709007289158,0.6222780365239479,593.1049732695847,2.497517,1308.534826,0.625374,1311.657717
2026-07-16_ttft_component_regression/phase1/input8000_rate2p5_reuse50_seed1,230,0.9055337943127074,27.051034082186295,27.956567876499,564.4709007289158,0.6222780365239479,593.0497466419388,42.424234000000006,1032.427636,0.625374,1075.477244
2026-07-16_ttft_component_regression/phase1/input8000_rate2p5_reuse50_seed1,214,1.0656224759923238,28.477635867823132,29.543258343815456,564.4709007289158,0.6222780365239479,594.6364371092552,23.466594,1026.936646,0.625374,1051.028614
2026-07-16_ttft_component_regression/phase1/input8000_rate2p5_reuse50_seed1,217,1.0156193057273397,28.382693772485155,29.398313078212496,564.4709007289158,0.6222780365239479,594.4914918436523,197.369676,1042.791522,0.625374,1240.786572
2026-07-16_ttft_component_regression/phase1/input8000_rate2p5_reuse50_seed1,225,0.0,20.52071617203142,20.52071617203142,564.4709007289158,2.6645352591003757e-15,584.9916169009472,14.162433,552.024679,0.0,566.187112
2026-07-16_ttft_component_regression/phase1/input8000_rate2p5_reuse50_seed1,243,1802.9433616547274,28.405414112860043,1831.3487757675873,564.4709007289158,2.6645352591003757e-15,2395.8196764965032,1076.795993,546.11677,0.0,1622.912763
2026-07-16_ttft_component_regression/phase1/input8000_rate2p5_reuse50_seed1,241,3294.9772490246914,28.401660655364598,3323.378909680056,564.4709007289158,0.6222780365239479,3888.4720884454955,3335.286451,1045.259396,0.625374,4381.171221
2026-07-16_ttft_component_regression/phase1/input8000_rate2p5_reuse50_seed1,256,6695.431131767098,28.438589880517394,6723.869721647616,564.4709007289158,0.6222780365239479,7288.962900413056,5928.897296,1037.748079,0.625374,6967.270749
2026-07-16_ttft_component_regression/phase1/input8000_rate2p5_reuse50_seed1,269,437.1731318632436,27.198680411835976,464.3718122750796,564.4709007289158,0.6222780365239479,1029.4649910405194,13072.646206000001,1044.618763,0.625374,14117.890343
2026-07-16_ttft_component_regression/phase1/input8000_rate2p5_reuse50_seed1,262,3940.4733876696955,27.188900088961933,3967.6622877586574,564.4709007289158,0.6222780365239479,4532.755466524098,9108.344069,1048.061366,0.625374,10157.030809
2026-07-16_ttft_component_regression/phase1/input8000_rate2p5_reuse50_seed1,258,5862.932970808364,27.198680411835976,5890.1316512202,564.4709007289158,0.6222780365239479,6455.22482998564,9502.013698,1052.67555,0.625374,10555.314622
2026-07-16_ttft_component_regression/phase1/input8000_rate2p5_reuse50_seed1,264,2331.9127421810663,27.077209104088563,2358.989951285155,564.4709007289158,0.6222780365239479,2924.0831300505943,12863.107167,1055.960634,0.625374,13919.693175
2026-07-16_ttft_component_regression/phase1/input8000_rate2p5_reuse50_seed1,19,0.015202160477332784,0.7074002822876715,0.7226024427650043,564.4709007289158,2.6645352591003757e-15,565.1935031716808,0.060122,503.866806,0.0,503.926928
2026-07-16_ttft_component_regression/phase1/input8000_rate2p5_reuse50_seed1,23,0.0,14.02843654048808,14.02843654048808,564.4709007289158,2.6645352591003757e-15,578.4993372694039,1.283221,560.737179,0.0,562.0204
2026-07-16_ttft_component_regression/phase1/input8000_rate2p5_reuse50_seed1,24,0.021573884013287973,17.44708825913292,17.468662143146208,564.4709007289158,2.6645352591003757e-15,581.939562872062,199.371136,823.035839,0.0,1022.406975
2026-07-16_ttft_component_regression/phase1/input8000_rate2p5_reuse50_seed1,21,0.0,8.398669934995318,8.398669934995318,564.4709007289158,2.6645352591003757e-15,572.8695706639111,14.575767,516.711871,0.0,531.287638
2026-07-16_ttft_component_regression/phase1/input8000_rate2p5_reuse50_seed1,37,0.029338236410040283,19.833814995869332,19.863153232279373,564.4709007289158,2.6645352591003757e-15,584.3340539611952,2.39503,531.270061,0.0,533.665091
2026-07-16_ttft_component_regression/phase1/input8000_rate2p5_reuse50_seed1,57,0.024048458642848138,17.664054869776844,17.688103328419693,564.4709007289158,2.6645352591003757e-15,582.1590040573356,19.235462,528.048329,0.0,547.283791
2026-07-16_ttft_component_regression/phase1/input8000_rate2p5_reuse50_seed1,42,0.0,19.746173634789983,19.746173634789983,564.4709007289158,2.6645352591003757e-15,584.2170743637058,17.858232,537.165033,0.0,555.023265
2026-07-16_ttft_component_regression/phase1/input8000_rate2p5_reuse50_seed1,60,0.027541382172823346,19.933688844812462,19.961230226985286,564.4709007289158,2.6645352591003757e-15,584.4321309559011,6.587063,530.877645,0.0,537.464708
2026-07-16_ttft_component_regression/phase1/input8000_rate2p5_reuse50_seed1,79,0.0,21.53272860002387,21.53272860002387,564.4709007289158,2.6645352591003757e-15,586.0036293289397,3.701153,546.663904,0.0,550.365057
2026-07-16_ttft_component_regression/phase1/input8000_rate2p5_reuse50_seed1,70,0.02832502538047901,19.891144041969984,19.919469067350462,564.4709007289158,2.6645352591003757e-15,584.3903697962662,13.858447,537.395092,0.0,551.253539
2026-07-16_ttft_component_regression/phase1/input8000_rate2p5_reuse50_seed1,72,0.0,21.369241291931043,21.369241291931043,564.4709007289158,2.6645352591003757e-15,585.8401420208469,2.537067,541.940665,0.0,544.477732
2026-07-16_ttft_component_regression/phase1/input8000_rate2p5_reuse50_seed1,84,0.18077713443197707,25.370995291512237,25.551772425944215,564.4709007289158,2.6645352591003757e-15,590.0226731548601,6.215482,551.461948,0.0,557.67743
2026-07-16_ttft_component_regression/phase1/input8000_rate2p5_reuse50_seed1,95,0.0,23.33588758910309,23.33588758910309,564.4709007289158,2.6645352591003757e-15,587.8067883180189,9.918767,546.997308,0.0,556.916075
2026-07-16_ttft_component_regression/phase1/input8000_rate2p5_reuse50_seed1,112,0.0,23.36069296673493,23.36069296673493,564.4709007289158,2.6645352591003757e-15,587.8315936956508,215.726851,546.372968,0.0,762.099819
2026-07-16_ttft_component_regression/phase1/input8000_rate2p5_reuse50_seed1,111,0.0,21.405253115678942,21.405253115678942,564.4709007289158,2.6645352591003757e-15,585.8761538445948,3.235529,543.852845,0.0,547.088374
2026-07-16_ttft_component_regression/phase1/input8000_rate2p5_reuse50_seed1,117,0.2029512353761486,27.577560954501127,27.780512189877275,564.4709007289158,2.6645352591003757e-15,592.2514129187931,16.636477,547.228807,0.0,563.865284
2026-07-16_ttft_component_regression/phase1/input8000_rate2p5_reuse50_seed1,139,0.0,19.83842911005851,19.83842911005851,564.4709007289158,2.6645352591003757e-15,584.3093298389743,4.884887,546.695254,0.0,551.580141
2026-07-16_ttft_component_regression/phase1/input8000_rate2p5_reuse50_seed1,167,0.05518761166694756,17.582988850637634,17.638176462304582,564.4709007289158,2.6645352591003757e-15,582.1090771912204,14.063341,534.90586,0.0,548.969201
2026-07-16_ttft_component_regression/phase1/input8000_rate2p5_reuse50_seed1,158,0.023214017341165287,18.5696916301837,18.592905647524866,564.4709007289158,2.6645352591003757e-15,583.0638063764407,14.057708,537.05521,0.0,551.112918
2026-07-16_ttft_component_regression/phase1/input8000_rate2p5_reuse50_seed1,193,0.02704274107598618,15.301325417892857,15.328368158968843,564.4709007289158,2.6645352591003757e-15,579.7992688878846,14.100997,535.015938,0.0,549.116935
2026-07-16_ttft_component_regression/phase1/input8000_rate2p5_reuse50_seed1,201,0.05193711349427208,15.384248092803036,15.436185206297308,564.4709007289158,2.6645352591003757e-15,579.9070859352131,19.787377,531.56489,0.0,551.352267
2026-07-16_ttft_component_regression/phase1/input8000_rate2p5_reuse50_seed1,203,0.03246401698241307,17.344794981645684,17.377258998628097,564.4709007289158,2.6645352591003757e-15,581.8481597275439,49.449223,538.614903,0.0,588.064126
2026-07-16_ttft_component_regression/phase1/input8000_rate2p5_reuse50_seed1,247,0.045926373720332765,12.935617487827304,12.981543861547637,564.4709007289158,2.6645352591003757e-15,577.4524445904634,9.237455,533.502541,0.0,542.739996
2026-07-16_ttft_component_regression/phase1/input8000_rate2p5_reuse50_seed1,277,0.03127630300944405,17.40070652248607,17.431982825495517,564.4709007289158,2.6645352591003757e-15,581.9028835544113,118.518709,838.799573,0.0,957.318282
2026-07-16_ttft_component_regression/phase1/input8000_rate2p5_reuse50_seed1,271,0.0,12.23126066769077,12.23126066769077,564.4709007289158,2.6645352591003757e-15,576.7021613966066,0.800026,533.496867,0.0,534.296893
2026-07-16_ttft_component_regression/phase1/input8000_rate2p5_reuse50_seed1,265,0.022799231726820517,7.291471085855096,7.314270317581917,564.4709007289158,2.6645352591003757e-15,571.7851710464977,0.880527,523.02347,0.0,523.903997
2026-07-16_ttft_component_regression/phase1/input8000_rate2p5_reuse50_seed1,281,0.0,18.642732086430165,18.642732086430165,564.4709007289158,2.6645352591003757e-15,583.113632815346,15.099827,538.870401,0.0,553.970228
2026-07-16_ttft_component_regression/phase1/input8000_rate2p5_reuse50_seed1,276,0.028977447591167677,15.45356076935975,15.482538216950918,564.4709007289158,2.6645352591003757e-15,579.9534389458668,3.366192,570.322396,0.0,573.688588
2026-07-16_ttft_component_regression/phase1/input8000_rate2p5_reuse50_seed1,297,0.21994557487777586,24.133306664737578,24.353252239615355,564.4709007289158,2.6645352591003757e-15,588.8241529685312,15.681869,549.142038,0.0,564.823907
2026-07-16_ttft_component_regression/phase1/input8000_rate2p5_reuse50_seed1,286,0.0,20.358879976101036,20.358879976101036,564.4709007289158,2.6645352591003757e-15,584.8297807050169,13.985098,543.292399,0.0,557.277497
2026-07-16_ttft_component_regression/phase1/input8000_rate2p5_reuse50_seed1,12,0.016752419283114654,0.748107605672364,0.7648600249554787,564.4709007289158,2.6645352591003757e-15,565.2357607538713,0.000184,503.866806,0.0,503.86699
2026-07-16_ttft_component_regression/phase1/input8000_rate2p5_reuse50_seed1,29,0.0,8.383367318038017,8.383367318038017,564.4709007289158,2.6645352591003757e-15,572.8542680469538,16.144803,517.571679,0.0,533.716482
2026-07-16_ttft_component_regression/phase1/input8000_rate2p5_reuse50_seed1,34,0.0,14.059731693205741,14.059731693205741,564.4709007289158,2.6645352591003757e-15,578.5306324221216,12.375427,523.68188,0.0,536.057307
2026-07-16_ttft_component_regression/phase1/input8000_rate2p5_reuse50_seed1,55,0.0,14.042534533868785,14.042534533868785,564.4709007289158,2.6645352591003757e-15,578.5134352627846,11.922881,523.955704,0.0,535.878585
2026-07-16_ttft_component_regression/phase1/input8000_rate2p5_reuse50_seed1,62,0.022408662400140958,17.518887648730324,17.541296311130466,564.4709007289158,2.6645352591003757e-15,582.0121970400463,3.373903,528.422345,0.0,531.796248
2026-07-16_ttft_component_regression/phase1/input8000_rate2p5_reuse50_seed1,82,0.0,12.948881885002923,12.948881885002923,564.4709007289158,2.6645352591003757e-15,577.4197826139188,14.838049,524.145848,0.0,538.983897
2026-07-16_ttft_component_regression/phase1/input8000_rate2p5_reuse50_seed1,96,0.0,8.39529547849814,8.39529547849814,564.4709007289158,2.6645352591003757e-15,572.866196207414,4.999133,516.970367,0.0,521.9695
2026-07-16_ttft_component_regression/phase1/input8000_rate2p5_reuse50_seed1,119,0.02704274107598618,15.301325417892857,15.328368158968843,564.4709007289158,2.6645352591003757e-15,579.7992688878846,9.160142,536.667578,0.0,545.82772
2026-07-16_ttft_component_regression/phase1/input8000_rate2p5_reuse50_seed1,108,0.0,14.061729274938543,14.061729274938543,564.4709007289158,2.6645352591003757e-15,578.5326300038544,13.279162,523.623064,0.0,536.902226
2026-07-16_ttft_component_regression/phase1/input8000_rate2p5_reuse50_seed1,138,0.02282052218827502,16.34417844979654,16.366998971984817,564.4709007289158,2.6645352591003757e-15,580.8378997009006,0.086467,538.370587,0.0,538.457054
2026-07-16_ttft_component_regression/phase1/input8000_rate2p5_reuse50_seed1,179,0.0,12.305656581021976,12.305656581021976,564.4709007289158,2.6645352591003757e-15,576.7765573099377,18.763067,526.519512,0.0,545.282579
2026-07-16_ttft_component_regression/phase1/input8000_rate2p5_reuse50_seed1,160,0.0,7.237459601421481,7.237459601421481,564.4709007289158,2.6645352591003757e-15,571.7083603303373,7.912502,521.215979,0.0,529.128481
2026-07-16_ttft_component_regression/phase1/input8000_rate2p5_reuse50_seed1,189,0.026630757840419187,18.4079739307929,18.434604688633318,564.4709007289158,2.6645352591003757e-15,582.9055054175491,17.06595,537.310259,0.0,554.376209
2026-07-16_ttft_component_regression/phase1/input8000_rate2p5_reuse50_seed1,196,0.0,18.70385794431298,18.70385794431298,564.4709007289158,2.6645352591003757e-15,583.1747586732288,81.877,840.039337,0.0,921.916337
2026-07-16_ttft_component_regression/phase1/input8000_rate2p5_reuse50_seed1,195,0.059359151092162034,17.388842197650575,17.44820134874274,564.4709007289158,2.6645352591003757e-15,581.9191020776585,13.417374,569.822775,0.0,583.240149
2026-07-16_ttft_component_regression/phase1/input8000_rate2p5_reuse50_seed1,184,0.02796672130720957,15.373125636472729,15.401092357779937,564.4709007289158,2.6645352591003757e-15,579.8719930866957,20.256415,536.175208,0.0,556.431623
2026-07-16_ttft_component_regression/phase1/input8000_rate2p5_reuse50_seed1,206,0.1627395749084042,25.225636261445327,25.38837583635373,564.4709007289158,2.6645352591003757e-15,589.8592765652695,4.995054,545.197075,0.0,550.192129
2026-07-16_ttft_component_regression/phase1/input8000_rate2p5_reuse50_seed1,200,0.0,20.404093326964304,20.404093326964304,564.4709007289158,2.6645352591003757e-15,584.8749940558802,8.908326,542.442691,0.0,551.351017
2026-07-16_ttft_component_regression/phase1/input8000_rate2p5_reuse50_seed1,216,3758.1423574709875,28.431312197385406,3786.573669668373,564.4709007289158,0.6222780365239479,4351.666848433813,2305.181145,1041.120643,0.625374,3346.927162
2026-07-16_ttft_component_regression/phase1/input8000_rate2p5_reuse50_seed1,224,830.8635109836584,27.088239519290834,857.9517505029493,564.4709007289158,2.6645352591003757e-15,1422.422651231865,614.1514629999999,549.296816,0.0,1163.448279
2026-07-16_ttft_component_regression/phase1/input8000_rate2p5_reuse50_seed1,257,0.223583830686392,24.159725766495807,24.383309597182198,564.4709007289158,2.6645352591003757e-15,588.854210326098,5.121781,549.004574,0.0,554.126355
2026-07-16_ttft_component_regression/phase1/input8000_rate2p5_reuse50_seed1,245,0.0,21.470927623872438,21.470927623872438,564.4709007289158,2.6645352591003757e-15,585.9418283527882,11.765937,547.728238,0.0,559.494175
2026-07-16_ttft_component_regression/phase1/input8000_rate2p5_reuse50_seed1,250,1.0656224759923238,28.477635867823132,29.543258343815456,564.4709007289158,0.6222780365239479,594.6364371092552,9.941742,1027.244833,0.625374,1037.811949
2026-07-16_ttft_component_regression/phase1/input8000_rate2p5_reuse50_seed1,279,0.03233428866321412,17.35104509814861,17.383379386811825,564.4709007289158,2.6645352591003757e-15,581.8542801157276,15.79143,540.637937,0.0,556.429367
2026-07-16_ttft_component_regression/phase1/input8000_rate2p5_reuse50_seed1,288,0.0,20.309387021842596,20.309387021842596,564.4709007289158,2.6645352591003757e-15,584.7802877507584,4.133412,546.300393,0.0,550.433805
2026-07-16_ttft_component_regression/phase1/input8000_rate2p5_reuse50_seed1,294,0.1682041155293294,23.79932587042401,23.967529985953338,564.4709007289158,2.6645352591003757e-15,588.4384307148691,13.842011,551.029284,0.0,564.871295
2026-07-16_ttft_component_regression/phase1/input8000_rate2p5_reuse50_seed1,292,0.0,20.285161204252876,20.285161204252876,564.4709007289158,2.6645352591003757e-15,584.7560619331687,3.654128,545.890037,0.0,549.544165
2026-07-16_ttft_component_regression/phase1/input8000_rate2p5_reuse50_seed1,283,0.0,18.645180916776127,18.645180916776127,564.4709007289158,2.6645352591003757e-15,583.1160816456919,19.846721,544.846483,0.0,564.693204
2026-07-16_ttft_component_regression/phase1/input8000_rate2p5_reuse50_seed1,15,0.0,14.057751416432044,14.057751416432044,564.4709007289158,2.6645352591003757e-15,578.5286521453479,0.575064,560.824379,0.0,561.399443
2026-07-16_ttft_component_regression/phase1/input8000_rate2p5_reuse50_seed1,20,0.028581748389400863,19.87687643473766,19.90545818312706,564.4709007289158,2.6645352591003757e-15,584.3763589120429,173.804926,529.918925,0.0,703.723851
2026-07-16_ttft_component_regression/phase1/input8000_rate2p5_reuse50_seed1,17,0.023233694293431112,17.591214083872263,17.614447778165694,564.4709007289158,2.6645352591003757e-15,582.0853485070814,40.865526,823.151199,0.0,864.016725
2026-07-16_ttft_component_regression/phase1/input8000_rate2p5_reuse50_seed1,2,0.016752419283114654,0.748107605672364,0.7648600249554787,564.4709007289158,2.6645352591003757e-15,565.2357607538713,0.027802,503.866806,0.0,503.894608
2026-07-16_ttft_component_regression/phase1/input8000_rate2p5_reuse50_seed1,8,0.0,8.383367318038017,8.383367318038017,564.4709007289158,2.6645352591003757e-15,572.8542680469538,6.214291,516.773951,0.0,522.988242
2026-07-16_ttft_component_regression/phase1/input8000_rate2p5_reuse50_seed1,45,0.0,21.363654240426147,21.363654240426147,564.4709007289158,2.6645352591003757e-15,585.834554969342,19.24045,538.565993,0.0,557.806443
2026-07-16_ttft_component_regression/phase1/input8000_rate2p5_reuse50_seed1,52,0.0,14.074077081636972,14.074077081636972,564.4709007289158,2.6645352591003757e-15,578.5449778105528,3.704746,523.740024,0.0,527.44477
2026-07-16_ttft_component_regression/phase1/input8000_rate2p5_reuse50_seed1,63,0.0,14.05000375018145,14.05000375018145,564.4709007289158,2.6645352591003757e-15,578.5209044790972,4.376834,523.389144,0.0,527.765978
2026-07-16_ttft_component_regression/phase1/input8000_rate2p5_reuse50_seed1,78,0.021394460854565433,16.225942616999003,16.24733707785357,564.4709007289158,2.6645352591003757e-15,580.7182378067694,10.726609,531.22901,0.0,541.955619
2026-07-16_ttft_component_regression/phase1/input8000_rate2p5_reuse50_seed1,99,0.0,14.042534533868785,14.042534533868785,564.4709007289158,2.6645352591003757e-15,578.5134352627846,17.657133,532.085504,0.0,549.742637
2026-07-16_ttft_component_regression/phase1/input8000_rate2p5_reuse50_seed1,102,0.02230483744185155,17.50988364431239,17.53218848175424,564.4709007289158,2.6645352591003757e-15,582.00308921067,7.040306,534.402681,0.0,541.442987
2026-07-16_ttft_component_regression/phase1/input8000_rate2p5_reuse50_seed1,90,0.0,12.958404171665773,12.958404171665773,564.4709007289158,2.6645352591003757e-15,577.4293049005815,6.189821,528.194957,0.0,534.384778
2026-07-16_ttft_component_regression/phase1/input8000_rate2p5_reuse50_seed1,122,0.028148378813042357,18.32813965324304,18.35628803205608,564.4709007289158,2.6645352591003757e-15,582.8271887609719,216.57334,536.8471,0.0,753.42044
2026-07-16_ttft_component_regression/phase1/input8000_rate2p5_reuse50_seed1,121,0.020981271723428927,16.192430102434066,16.213411374157495,564.4709007289158,2.6645352591003757e-15,580.6843121030734,20.902646,537.048081,0.0,557.950727
2026-07-16_ttft_component_regression/phase1/input8000_rate2p5_reuse50_seed1,130,0.0,19.711915984392903,19.711915984392903,564.4709007289158,2.6645352591003757e-15,584.1828167133087,12.137412,542.667562,0.0,554.804974
2026-07-16_ttft_component_regression/phase1/input8000_rate2p5_reuse50_seed1,140,0.0,21.49979810507502,21.49979810507502,564.4709007289158,2.6645352591003757e-15,585.9706988339908,6.408479,547.849099,0.0,554.257578
2026-07-16_ttft_component_regression/phase1/input8000_rate2p5_reuse50_seed1,183,0.028373075882899033,15.405217846505302,15.4335909223882,564.4709007289158,2.6645352591003757e-15,579.904491651304,10.387577,534.293127,0.0,544.680704
2026-07-16_ttft_component_regression/phase1/input8000_rate2p5_reuse50_seed1,168,0.8952348378474619,26.940979395403044,27.836214233250505,564.4709007289158,0.6222780365239479,592.9293929986903,17.816599,984.065811,0.625374,1002.507784
2026-07-16_ttft_component_regression/phase1/input8000_rate2p5_reuse50_seed1,177,0.0,12.331120682170301,12.331120682170301,564.4709007289158,2.6645352591003757e-15,576.8020214110861,16.051836,531.873905,0.0,547.925741
2026-07-16_ttft_component_regression/phase1/input8000_rate2p5_reuse50_seed1,188,0.0553306407504006,17.5768680592374,17.6321986999878,564.4709007289158,2.6645352591003757e-15,582.1030994289036,4.06221,534.934475,0.0,538.996685
2026-07-16_ttft_component_regression/phase1/input8000_rate2p5_reuse50_seed1,211,0.0,20.5097876305795,20.5097876305795,564.4709007289158,2.6645352591003757e-15,584.9806883594953,14.547089,545.280259,0.0,559.827348
2026-07-16_ttft_component_regression/phase1/input8000_rate2p5_reuse50_seed1,213,0.9019517502005211,27.043444039952707,27.945395790153228,564.4709007289158,0.6222780365239479,593.0385745555931,28.167862,1027.922444,0.625374,1056.71568
2026-07-16_ttft_component_regression/phase1/input8000_rate2p5_reuse50_seed1,204,0.030459684303831745,17.43755753770027,17.4680172220041,564.4709007289158,2.6645352591003757e-15,581.9389179509199,19.203996,537.212182,0.0,556.416178
2026-07-16_ttft_component_regression/phase1/input8000_rate2p5_reuse50_seed1,207,0.9006008989668559,26.951443663259372,27.85204456222623,564.4709007289158,0.6222780365239479,592.945223327666,1.098195,1019.744368,0.625374,1021.467937
2026-07-16_ttft_component_regression/phase1/input8000_rate2p5_reuse50_seed1,227,2739.092290865247,27.13471606001317,2766.22700692526,564.4709007289158,2.6645352591003757e-15,3330.6979076541757,1696.584376,551.847608,0.0,2248.431984
2026-07-16_ttft_component_regression/phase1/input8000_rate2p5_reuse50_seed1,232,3369.2619470466575,28.323827843840544,3397.585774890498,564.4709007289158,0.6222780365239479,3962.6789536559377,4569.774897,1043.08815,0.625374,5613.488421
2026-07-16_ttft_component_regression/phase1/input8000_rate2p5_reuse50_seed1,234,3099.9339728822806,28.331844678134868,3128.2658175604156,564.4709007289158,0.6222780365239479,3693.358996325855,7169.575207999999,1034.50544,0.625374,8204.706022
2026-07-16_ttft_component_regression/phase1/input8000_rate2p5_reuse50_seed1,237,2331.777800411374,28.477635867823132,2360.255436279197,564.4709007289158,2.6645352591003757e-15,2924.7263370081128,1326.818943,551.264802,0.0,1878.083745
2026-07-16_ttft_component_regression/phase1/input8000_rate2p5_reuse50_seed1,255,6520.710615251812,28.367282503655073,6549.077897755466,564.4709007289158,2.6645352591003757e-15,7113.548798484382,5734.832381,550.677109,0.0,6285.50949
2026-07-16_ttft_component_regression/phase1/input8000_rate2p5_reuse50_seed1,274,0.0,20.237713837363764,20.237713837363764,564.4709007289158,2.6645352591003757e-15,584.7086145662796,2.344077,546.657764,0.0,549.001841
2026-07-16_ttft_component_regression/phase1/input8000_rate2p5_reuse50_seed1,289,0.9643995629994263,27.06475532553898,28.029154888538404,564.4709007289158,0.6222780365239479,593.1223336539782,11.458765,1014.343055,0.625374,1026.427194
2026-07-16_ttft_component_regression/phase1/input8000_rate2p5_reuse50_seed1,295,0.0,18.711487621537305,18.711487621537305,564.4709007289158,2.6645352591003757e-15,583.1823883504532,9.873065,542.491246,0.0,552.364311
2026-07-16_ttft_component_regression/phase1/input8000_rate2p5_reuse50_seed1,1,0.015202160477332784,0.7074002822876715,0.7226024427650043,564.4709007289158,2.6645352591003757e-15,565.1935031716808,1.557371,503.866806,0.0,505.424177
2026-07-16_ttft_component_regression/phase1/input8000_rate2p5_reuse50_seed1,11,0.0,8.412145535807447,8.412145535807447,564.4709007289158,2.6645352591003757e-15,572.8830462647232,2.085315,516.854079,0.0,518.939394
2026-07-16_ttft_component_regression/phase1/input8000_rate2p5_reuse50_seed1,30,0.0,8.40820244043451,8.40820244043451,564.4709007289158,2.6645352591003757e-15,572.8791031693503,4.141175,557.986653,0.0,562.127828
2026-07-16_ttft_component_regression/phase1/input8000_rate2p5_reuse50_seed1,31,0.0,14.035345036769998,14.035345036769998,564.4709007289158,2.6645352591003757e-15,578.5062457656858,25.420235,817.554365,0.0,842.9746
2026-07-16_ttft_component_regression/phase1/input8000_rate2p5_reuse50_seed1,48,0.0,14.037116117493985,14.037116117493985,564.4709007289158,2.6645352591003757e-15,578.5080168464098,8.579425,523.342296,0.0,531.921721
2026-07-16_ttft_component_regression/phase1/input8000_rate2p5_reuse50_seed1,59,0.0,21.343997172409413,21.343997172409413,564.4709007289158,2.6645352591003757e-15,585.8148979013253,89.420754,834.552929,0.0,923.973683
2026-07-16_ttft_component_regression/phase1/input8000_rate2p5_reuse50_seed1,56,0.022925482546662296,17.564030708490137,17.586956191036798,564.4709007289158,2.6645352591003757e-15,582.0578569199527,4.680138,527.688553,0.0,532.368691
2026-07-16_ttft_component_regression/phase1/input8000_rate2p5_reuse50_seed1,58,0.027673382160422703,19.926624889369698,19.95429827153012,564.4709007289158,2.6645352591003757e-15,584.4251990004459,15.079892,567.042153,0.0,582.122045
2026-07-16_ttft_component_regression/phase1/input8000_rate2p5_reuse50_seed1,83,0.027901171314772273,18.341545500875892,18.369446672190666,564.4709007289158,2.6645352591003757e-15,582.8403474011064,18.211838,539.810091,0.0,558.021929
2026-07-16_ttft_component_regression/phase1/input8000_rate2p5_reuse50_seed1,97,0.02845366975171425,19.884015620062222,19.912469289813934,564.4709007289158,2.6645352591003757e-15,584.3833700187297,14.964076,538.271873,0.0,553.235949
2026-07-16_ttft_component_regression/phase1/input8000_rate2p5_reuse50_seed1,86,0.026889374835019044,18.394768223353623,18.42165759818864,564.4709007289158,2.6645352591003757e-15,582.8925583271044,18.722612,538.563417,0.0,557.286029
2026-07-16_ttft_component_regression/phase1/input8000_rate2p5_reuse50_seed1,107,0.0292135909477459,19.84101887202519,19.870232462972936,564.4709007289158,2.6645352591003757e-15,584.3411331918887,15.787982,538.505367,0.0,554.293349
2026-07-16_ttft_component_regression/phase1/input8000_rate2p5_reuse50_seed1,149,0.0,7.738867404769593,7.738867404769593,564.4709007289158,2.6645352591003757e-15,572.2097681336854,17.393486,526.013215,0.0,543.406701
2026-07-16_ttft_component_regression/phase1/input8000_rate2p5_reuse50_seed1,145,0.013988533693229565,0.589884491662218,0.6038730253554476,564.4709007289158,2.6645352591003757e-15,565.0747737542713,0.008752,509.173936,0.0,509.182688
2026-07-16_ttft_component_regression/phase1/input8000_rate2p5_reuse50_seed1,154,0.0,12.950427999332117,12.950427999332117,564.4709007289158,2.6645352591003757e-15,577.4213287282479,5.061261,530.781508,0.0,535.842769
2026-07-16_ttft_component_regression/phase1/input8000_rate2p5_reuse50_seed1,170,0.02515712851176113,15.159471564443578,15.18462869295534,564.4709007289158,2.6645352591003757e-15,579.6555294218712,2.492224,535.457162,0.0,537.949386
2026-07-16_ttft_component_regression/phase1/input8000_rate2p5_reuse50_seed1,175,0.060222954387347885,17.343735639590896,17.403958593978246,564.4709007289158,2.6645352591003757e-15,581.874859322894,16.317296,542.026368,0.0,558.343664
2026-07-16_ttft_component_regression/phase1/input8000_rate2p5_reuse50_seed1,178,0.9399320621000827,27.120646389212833,28.060578451312917,564.4709007289158,0.6222780365239479,593.1537572167528,151.19734599999998,1286.107585,0.625374,1437.930305
2026-07-16_ttft_component_regression/phase1/input8000_rate2p5_reuse50_seed1,198,0.0,19.68012059850561,19.68012059850561,564.4709007289158,2.6645352591003757e-15,584.1510213274214,1.03679,539.295485,0.0,540.332275
2026-07-16_ttft_component_regression/phase1/input8000_rate2p5_reuse50_seed1,186,0.0,20.42818660039264,20.42818660039264,564.4709007289158,2.6645352591003757e-15,584.8990873293085,5.308635,543.042999,0.0,548.351634
2026-07-16_ttft_component_regression/phase1/input8000_rate2p5_reuse50_seed1,208,0.18806686010598767,23.94990815375602,24.137975013862008,564.4709007289158,2.6645352591003757e-15,588.6088757427779,1.912434,547.751675,0.0,549.664109
2026-07-16_ttft_component_regression/phase1/input8000_rate2p5_reuse50_seed1,199,0.0,20.491722154675664,20.491722154675664,564.4709007289158,2.6645352591003757e-15,584.9626228835915,22.108203,541.83158,0.0,563.939783
2026-07-16_ttft_component_regression/phase1/input8000_rate2p5_reuse50_seed1,242,0.2679801690952149,25.215649377064192,25.483629546159406,564.4709007289158,2.6645352591003757e-15,589.9545302750752,96.328536,861.84673,0.0,958.175266
2026-07-16_ttft_component_regression/phase1/input8000_rate2p5_reuse50_seed1,240,0.0,21.46346807677524,21.46346807677524,564.4709007289158,2.6645352591003757e-15,585.9343688056911,3.866385,584.504975,0.0,588.37136
2026-07-16_ttft_component_regression/phase1/input8000_rate2p5_reuse50_seed1,228,0.0,20.351722894642176,20.351722894642176,564.4709007289158,2.6645352591003757e-15,584.822623623558,8.380036,550.792751,0.0,559.172787
2026-07-16_ttft_component_regression/phase1/input8000_rate2p5_reuse50_seed1,266,0.954614972899362,27.148578045770652,28.103193018670012,564.4709007289158,0.6222780365239479,593.1963717841098,247.690784,1017.682201,0.625374,1265.998359
2026-07-16_ttft_component_regression/phase1/input8000_rate2p5_reuse50_seed1,252,0.9843344884399411,27.20191354023952,28.18624802867946,564.4709007289158,0.6222780365239479,593.2794267941192,16.421293,1039.938677,0.625374,1056.985344
2026-07-16_ttft_component_regression/phase1/input8000_rate2p5_reuse50_seed1,263,0.05807406632460372,17.452467651195573,17.510541717520177,564.4709007289158,2.6645352591003757e-15,581.981442446436,19.150536,544.358787,0.0,563.509323
2026-07-16_ttft_component_regression/phase1/input8000_rate2p5_reuse50_seed1,284,0.0,20.25113602489747,20.25113602489747,564.4709007289158,2.6645352591003757e-15,584.7220367538133,2.885654,549.807574,0.0,552.693228
2026-07-16_ttft_component_regression/phase1/input8000_rate2p5_reuse50_seed1,7,0.0,8.379591700302786,8.379591700302786,564.4709007289158,2.6645352591003757e-15,572.8504924292185,159.264103,516.688223,0.0,675.952326
2026-07-16_ttft_component_regression/phase1/input8000_rate2p5_reuse50_seed1,5,0.016752419283114654,0.748107605672364,0.7648600249554787,564.4709007289158,2.6645352591003757e-15,565.2357607538713,0.006882,503.866806,0.0,503.873688
2026-07-16_ttft_component_regression/phase1/input8000_rate2p5_reuse50_seed1,39,0.023744158368053343,17.636680114746884,17.660424273114938,564.4709007289158,2.6645352591003757e-15,582.1313250020307,12.258403,528.554537,0.0,540.81294
2026-07-16_ttft_component_regression/phase1/input8000_rate2p5_reuse50_seed1,35,0.0,14.076195255108084,14.076195255108084,564.4709007289158,2.6645352591003757e-15,578.5470959840239,2.193052,524.673272,0.0,526.866324
2026-07-16_ttft_component_regression/phase1/input8000_rate2p5_reuse50_seed1,71,0.015406148119049013,0.7125497733669939,0.7279559214860429,564.4709007289158,2.6645352591003757e-15,565.1988566504018,0.022246,503.866806,0.0,503.889052
2026-07-16_ttft_component_regression/phase1/input8000_rate2p5_reuse50_seed1,74,0.0,8.410197050772185,8.410197050772185,564.4709007289158,2.6645352591003757e-15,572.881097779688,16.516332,516.717567,0.0,533.233899
2026-07-16_ttft_component_regression/phase1/input8000_rate2p5_reuse50_seed1,105,0.0,14.026753474179147,14.026753474179147,564.4709007289158,2.6645352591003757e-15,578.497654203095,32.044334,817.758589,0.0,849.802923
2026-07-16_ttft_component_regression/phase1/input8000_rate2p5_reuse50_seed1,109,0.0,14.02843654048808,14.02843654048808,564.4709007289158,2.6645352591003757e-15,578.4993372694039,9.299104,530.222246,0.0,539.52135
2026-07-16_ttft_component_regression/phase1/input8000_rate2p5_reuse50_seed1,104,0.0,8.403017552450473,8.403017552450473,564.4709007289158,2.6645352591003757e-15,572.8739182813663,1.068577,558.173757,0.0,559.242334
2026-07-16_ttft_component_regression/phase1/input8000_rate2p5_reuse50_seed1,114,0.02178346389842127,17.464988010122255,17.486771474020678,564.4709007289158,2.6645352591003757e-15,581.9576722029365,0.470551,531.38824,0.0,531.858791
2026-07-16_ttft_component_regression/phase1/input8000_rate2p5_reuse50_seed1,144,0.020356946064971692,16.142391148319064,16.162748094384035,564.4709007289158,2.6645352591003757e-15,580.6336488232998,6.251195,568.10775,0.0,574.358945
2026-07-16_ttft_component_regression/phase1/input8000_rate2p5_reuse50_seed1,155,0.0,12.970255086433436,12.970255086433436,564.4709007289158,2.6645352591003757e-15,577.4411558153492,15.442794,529.650714,0.0,545.093508
2026-07-16_ttft_component_regression/phase1/input8000_rate2p5_reuse50_seed1,146,0.027526030808447628,18.361579087322724,18.389105118131173,564.4709007289158,2.6645352591003757e-15,582.860005847047,65.68865,837.259034,0.0,902.947684
2026-07-16_ttft_component_regression/phase1/input8000_rate2p5_reuse50_seed1,171,0.032721773297295316,17.33226640355394,17.364988176851238,564.4709007289158,2.6645352591003757e-15,581.8358889057671,9.626501,570.099283,0.0,579.725784
2026-07-16_ttft_component_regression/phase1/input8000_rate2p5_reuse50_seed1,169,0.027864712054322567,15.365119840095916,15.392984552150239,564.4709007289158,2.6645352591003757e-15,579.863885281066,19.896115,534.435623,0.0,554.331738
2026-07-16_ttft_component_regression/phase1/input8000_rate2p5_reuse50_seed1,173,0.0,18.766587579516507,18.766587579516507,564.4709007289158,2.6645352591003757e-15,583.2374883084323,106.21387,840.289669,0.0,946.503539
2026-07-16_ttft_component_regression/phase1/input8000_rate2p5_reuse50_seed1,215,0.0,12.333053408031782,12.333053408031782,564.4709007289158,2.6645352591003757e-15,576.8039541369476,9.77778,530.023953,0.0,539.801733
2026-07-16_ttft_component_regression/phase1/input8000_rate2p5_reuse50_seed1,238,0.07300063660427984,7.685873120124754,7.758873756729034,564.4709007289158,2.6645352591003757e-15,572.2297744856448,16.240201,560.939678,0.0,577.179879
2026-07-16_ttft_component_regression/phase1/input8000_rate2p5_reuse50_seed1,239,0.045697912828281825,12.928006202858832,12.973704115687113,564.4709007289158,2.6645352591003757e-15,577.444604844603,252.264338,825.710766,0.0,1077.975104
2026-07-16_ttft_component_regression/phase1/input8000_rate2p5_reuse50_seed1,253,0.05392902099516382,15.5370830913314,15.591012112326563,564.4709007289158,2.6645352591003757e-15,580.0619128412424,20.038342,535.944198,0.0,555.98254
2026-07-16_ttft_component_regression/phase1/input8000_rate2p5_reuse50_seed1,270,0.027557691231465974,15.341144221581724,15.36870191281319,564.4709007289158,2.6645352591003757e-15,579.839602641729,10.974849,538.8944,0.0,549.869249
2026-07-16_ttft_component_regression/phase1/input8000_rate2p5_reuse50_seed1,272,0.0325931791451627,17.338535418350457,17.37112859749562,564.4709007289158,2.6645352591003757e-15,581.8420293264114,11.393444,539.157007,0.0,550.550451
2026-07-16_ttft_component_regression/phase1/input8000_rate2p5_reuse50_seed1,275,0.0,18.613123494693514,18.613123494693514,564.4709007289158,2.6645352591003757e-15,583.0840242236093,212.637792,542.866648,0.0,755.50444
2026-07-16_ttft_component_regression/phase1/input8000_rate2p5_reuse50_seed1,296,0.03397606641554572,17.269055412672827,17.30303147908837,564.4709007289158,2.6645352591003757e-15,581.7739322080042,13.904305,540.422481,0.0,554.326786
2026-07-16_ttft_component_regression/phase1/input8000_rate2p5_reuse50_seed1,14,0.015304521543447285,0.7099771605849715,0.7252816821284188,564.4709007289158,2.6645352591003757e-15,565.1961824110442,0.032465,503.866806,0.0,503.899271
2026-07-16_ttft_component_regression/phase1/input8000_rate2p5_reuse50_seed1,18,0.0,8.410197050772185,8.410197050772185,564.4709007289158,2.6645352591003757e-15,572.881097779688,147.04365,516.688223,0.0,663.731873
2026-07-16_ttft_component_regression/phase1/input8000_rate2p5_reuse50_seed1,33,0.0,14.009410063300784,14.009410063300784,564.4709007289158,2.6645352591003757e-15,578.4803107922166,0.463122,523.978392,0.0,524.441514
2026-07-16_ttft_component_regression/phase1/input8000_rate2p5_reuse50_seed1,50,0.021573884013287973,17.44708825913292,17.468662143146208,564.4709007289158,2.6645352591003757e-15,581.939562872062,205.832168,527.083401,0.0,732.915569
2026-07-16_ttft_component_regression/phase1/input8000_rate2p5_reuse50_seed1,41,0.0,7.735249685504574,7.735249685504574,564.4709007289158,2.6645352591003757e-15,572.2061504144203,8.192384,516.844799,0.0,525.037183
2026-07-16_ttft_component_regression/phase1/input8000_rate2p5_reuse50_seed1,49,0.0,14.035345036769998,14.035345036769998,564.4709007289158,2.6645352591003757e-15,578.5062457656858,12.961453,523.02604,0.0,535.987493
2026-07-16_ttft_component_regression/phase1/input8000_rate2p5_reuse50_seed1,73,0.022822429193502854,17.554985773797977,17.57780820299148,564.4709007289158,2.6645352591003757e-15,582.0487089319073,8.118078,528.614249,0.0,536.732327
2026-07-16_ttft_component_regression/phase1/input8000_rate2p5_reuse50_seed1,76,0.027673382160422703,19.926624889369698,19.95429827153012,564.4709007289158,2.6645352591003757e-15,584.4251990004459,8.54212,531.301677,0.0,539.843797
2026-07-16_ttft_component_regression/phase1/input8000_rate2p5_reuse50_seed1,88,0.024758611252180675,18.499298744971426,18.524057356223608,564.4709007289158,2.6645352591003757e-15,582.9949580851394,21.297453,570.80097,0.0,592.098423
2026-07-16_ttft_component_regression/phase1/input8000_rate2p5_reuse50_seed1,87,0.023818852806077987,16.429503521106998,16.453322373913075,564.4709007289158,2.6645352591003757e-15,580.9242231028289,4.508297,535.588117,0.0,540.096414
2026-07-16_ttft_component_regression/phase1/input8000_rate2p5_reuse50_seed1,89,0.0,19.810617874833856,19.810617874833856,564.4709007289158,2.6645352591003757e-15,584.2815186037496,221.671189,841.479794,0.0,1063.150983
2026-07-16_ttft_component_regression/phase1/input8000_rate2p5_reuse50_seed1,126,0.0,19.7901898884056,19.7901898884056,564.4709007289158,2.6645352591003757e-15,584.2610906173214,13.889638,546.168448,0.0,560.058086
2026-07-16_ttft_component_regression/phase1/input8000_rate2p5_reuse50_seed1,113,0.0,21.41896894040417,21.41896894040417,564.4709007289158,2.6645352591003757e-15,585.88986966932,2.332262,543.488724,0.0,545.820986
2026-07-16_ttft_component_regression/phase1/input8000_rate2p5_reuse50_seed1,132,0.0,19.751396778902485,19.751396778902485,564.4709007289158,2.6645352591003757e-15,584.2222975078183,21.4676,546.100572,0.0,567.568172
2026-07-16_ttft_component_regression/phase1/input8000_rate2p5_reuse50_seed1,141,0.0,19.751396778902485,19.751396778902485,564.4709007289158,2.6645352591003757e-15,584.2222975078183,15.675753,545.283349,0.0,560.959102
2026-07-16_ttft_component_regression/phase1/input8000_rate2p5_reuse50_seed1,156,0.0,19.709258104376424,19.709258104376424,564.4709007289158,2.6645352591003757e-15,584.1801588332922,22.95271,542.378506,0.0,565.331216
2026-07-16_ttft_component_regression/phase1/input8000_rate2p5_reuse50_seed1,150,0.0,21.55501686716581,21.55501686716581,564.4709007289158,2.6645352591003757e-15,586.0259175960816,22.471771,549.11876,0.0,571.590531
2026-07-16_ttft_component_regression/phase1/input8000_rate2p5_reuse50_seed1,174,0.0,20.407514658854204,20.407514658854204,564.4709007289158,2.6645352591003757e-15,584.87841538777,7.433228,547.464142,0.0,554.89737
2026-07-16_ttft_component_regression/phase1/input8000_rate2p5_reuse50_seed1,181,0.15932163428033458,27.204408135860344,27.36372977014068,564.4709007289158,2.6645352591003757e-15,591.8346304990565,102.484637,852.691506,0.0,955.176143
2026-07-16_ttft_component_regression/phase1/input8000_rate2p5_reuse50_seed1,190,0.16314897391359462,23.760143671768915,23.92329264568251,564.4709007289158,2.6645352591003757e-15,588.3941933745983,23.762596,552.846285,0.0,576.608881
2026-07-16_ttft_component_regression/phase1/input8000_rate2p5_reuse50_seed1,166,0.0,20.410942809491946,20.410942809491946,564.4709007289158,2.6645352591003757e-15,584.8818435384078,13.696082,547.913791,0.0,561.609873
2026-07-16_ttft_component_regression/phase1/input8000_rate2p5_reuse50_seed1,180,0.0,23.220177309389697,23.220177309389697,564.4709007289158,2.6645352591003757e-15,587.6910780383055,22.84894,579.683746,0.0,602.532686
2026-07-16_ttft_component_regression/phase1/input8000_rate2p5_reuse50_seed1,223,0.026889374835019044,18.394768223353623,18.42165759818864,564.4709007289158,2.6645352591003757e-15,582.8925583271044,15.677255,540.146694,0.0,555.823949
2026-07-16_ttft_component_regression/phase1/input8000_rate2p5_reuse50_seed1,210,0.0,20.305905264816428,20.305905264816428,564.4709007289158,2.6645352591003757e-15,584.7768059937322,11.821411,548.539099,0.0,560.36051
2026-07-16_ttft_component_regression/phase1/input8000_rate2p5_reuse50_seed1,231,0.10250712134585431,16.156024060998302,16.258531182344157,564.4709007289158,2.6645352591003757e-15,580.72943191126,2.920662,535.188341,0.0,538.109003
2026-07-16_ttft_component_regression/phase1/input8000_rate2p5_reuse50_seed1,233,0.10953055342214697,18.263039902528636,18.372570455950783,564.4709007289158,2.6645352591003757e-15,582.8434711848666,14.684621,534.994161,0.0,549.678782
2026-07-16_ttft_component_regression/phase1/input8000_rate2p5_reuse50_seed1,246,0.0,18.721615876202137,18.721615876202137,564.4709007289158,2.6645352591003757e-15,583.1925166051179,12.58834,541.967421,0.0,554.555761
2026-07-16_ttft_component_regression/phase1/input8000_rate2p5_reuse50_seed1,251,0.0,18.693639587595094,18.693639587595094,564.4709007289158,2.6645352591003757e-15,583.1645403165109,6.50543,539.345651,0.0,545.851081
2026-07-16_ttft_component_regression/phase1/input8000_rate2p5_reuse50_seed1,261,0.0,20.346953114790175,20.346953114790175,564.4709007289158,2.6645352591003757e-15,584.817853843706,18.834599,546.170346,0.0,565.004945
2026-07-16_ttft_component_regression/phase1/input8000_rate2p5_reuse50_seed1,299,0.015332925320297347,0.622895413165706,0.6382283384860034,564.4709007289158,2.6645352591003757e-15,565.1091290674018,0.017987,507.267433,0.0,507.28542
2026-07-16_ttft_component_regression/phase1/input8000_rate2p5_reuse50_seed1,69,0.0,8.405125185210538,8.405125185210538,564.4709007289158,2.6645352591003757e-15,572.8760259141263,17.489092,516.755199,0.0,534.244291
2026-07-16_ttft_component_regression/phase1/input8000_rate2p5_reuse50_seed1,64,0.016192851678063325,0.7329747732847969,0.7491676249628602,564.4709007289158,2.6645352591003757e-15,565.2200683538787,0.012131,503.866806,0.0,503.878937
2026-07-16_ttft_component_regression/phase1/input8000_rate2p5_reuse50_seed1,91,0.0,14.018603507188216,14.018603507188216,564.4709007289158,2.6645352591003757e-15,578.489504236104,17.604939,524.3886,0.0,541.993539
2026-07-16_ttft_component_regression/phase1/input8000_rate2p5_reuse50_seed1,103,0.0,8.41404737230338,8.41404737230338,564.4709007289158,2.6645352591003757e-15,572.8849481012192,10.449875,516.806655,0.0,527.25653
2026-07-16_ttft_component_regression/phase1/input8000_rate2p5_reuse50_seed1,106,0.0,14.003638642583335,14.003638642583335,564.4709007289158,2.6645352591003757e-15,578.4745393714992,10.219292,522.968152,0.0,533.187444
2026-07-16_ttft_component_regression/phase1/input8000_rate2p5_reuse50_seed1,116,0.020729878852258677,17.37582838871482,17.396558267567077,564.4709007289158,2.6645352591003757e-15,581.8674589964829,3.461744,527.180905,0.0,530.642649
2026-07-16_ttft_component_regression/phase1/input8000_rate2p5_reuse50_seed1,131,0.028635800655183504,18.301207494719588,18.329843295374772,564.4709007289158,2.6645352591003757e-15,582.8007440242906,12.281274,530.813581,0.0,543.094855
2026-07-16_ttft_component_regression/phase1/input8000_rate2p5_reuse50_seed1,125,0.028995189999297327,18.28090282774885,18.309898017748147,564.4709007289158,2.6645352591003757e-15,582.780798746664,18.634532,530.865869,0.0,549.500401
2026-07-16_ttft_component_regression/phase1/input8000_rate2p5_reuse50_seed1,143,0.021084799656444882,16.200796820001628,16.221881619658074,564.4709007289158,2.6645352591003757e-15,580.6927823485739,11.716174,534.167476,0.0,545.88365
2026-07-16_ttft_component_regression/phase1/input8000_rate2p5_reuse50_seed1,151,0.027145739431455842,18.381522566015903,18.40866830544736,564.4709007289158,2.6645352591003757e-15,582.8795690343632,10.915652,535.388169,0.0,546.303821
2026-07-16_ttft_component_regression/phase1/input8000_rate2p5_reuse50_seed1,157,0.0,19.764401441492705,19.764401441492705,564.4709007289158,2.6645352591003757e-15,584.2353021704085,1.788461,541.176628,0.0,542.965089
2026-07-16_ttft_component_regression/phase1/input8000_rate2p5_reuse50_seed1,192,0.0,12.233075383309522,12.233075383309522,564.4709007289158,2.6645352591003757e-15,576.7039761122253,15.396719,526.650826,0.0,542.047545
2026-07-16_ttft_component_regression/phase1/input8000_rate2p5_reuse50_seed1,212,0.0,12.213948341662604,12.213948341662604,564.4709007289158,2.6645352591003757e-15,576.6848490705784,2.461553,532.768977,0.0,535.23053
2026-07-16_ttft_component_regression/phase1/input8000_rate2p5_reuse50_seed1,205,0.0,12.99632839998706,12.99632839998706,564.4709007289158,2.6645352591003757e-15,577.4672291289029,6.789412,526.080624,0.0,532.870036
2026-07-16_ttft_component_regression/phase1/input8000_rate2p5_reuse50_seed1,219,0.05193711349427208,15.384248092803036,15.436185206297308,564.4709007289158,2.6645352591003757e-15,579.9070859352131,7.827714,535.313911,0.0,543.141625
2026-07-16_ttft_component_regression/phase1/input8000_rate2p5_reuse50_seed1,244,0.051295843567960644,15.336519892804885,15.387815736372845,564.4709007289158,2.6645352591003757e-15,579.8587164652887,15.121466,538.489038,0.0,553.610504
2026-07-16_ttft_component_regression/phase1/input8000_rate2p5_reuse50_seed1,259,0.0,12.294049612438664,12.294049612438664,564.4709007289158,2.6645352591003757e-15,576.7649503413545,18.312893,526.649242,0.0,544.962135
2026-07-16_ttft_component_regression/phase1/input8000_rate2p5_reuse50_seed1,267,0.0,12.218982183214468,12.218982183214468,564.4709007289158,2.6645352591003757e-15,576.6898829121303,0.067398,532.549174,0.0,532.616572
2026-07-16_ttft_component_regression/phase1/input8000_rate2p5_reuse50_seed1,268,0.0281702371328037,15.389157981218705,15.417328218351509,564.4709007289158,2.6645352591003757e-15,579.8882289472673,46.945539,533.779085,0.0,580.724624
2026-07-16_ttft_component_regression/phase1/input8000_rate2p5_reuse50_seed1,287,0.029764347469972016,17.468008944001948,17.49777329147192,564.4709007289158,2.6645352591003757e-15,581.9686740203878,10.099855,536.426602,0.0,546.526457
2026-07-16_ttft_component_regression/phase1/input8000_rate2p5_reuse50_seed1,285,0.02917749592662092,15.469728916587927,15.498906412514549,564.4709007289158,2.6645352591003757e-15,579.9698071414304,0.338689,535.99499,0.0,536.333679
2026-07-16_ttft_component_regression/phase1/input8000_rate2p5_reuse50_seed1,293,0.0,18.6911985459683,18.6911985459683,564.4709007289158,2.6645352591003757e-15,583.1620992748841,10.502666,541.648575,0.0,552.151241
2026-07-16_ttft_component_regression/phase1/input8000_rate2p5_reuse50_seed1,10,0.0,8.396430998918406,8.396430998918406,564.4709007289158,2.6645352591003757e-15,572.8673317278342,14.275374,516.837375,0.0,531.112749
2026-07-16_ttft_component_regression/phase1/input8000_rate2p5_reuse50_seed1,0,0.016752419283114654,0.748107605672364,0.7648600249554787,564.4709007289158,2.6645352591003757e-15,565.2357607538713,0.0,503.866806,0.0,503.866806
2026-07-16_ttft_component_regression/phase1/input8000_rate2p5_reuse50_seed1,13,0.0,14.037116117493985,14.037116117493985,564.4709007289158,2.6645352591003757e-15,578.5080168464098,9.881927,522.966424,0.0,532.848351
2026-07-16_ttft_component_regression/phase1/input8000_rate2p5_reuse50_seed1,16,0.023233694293431112,17.591214083872263,17.614447778165694,564.4709007289158,2.6645352591003757e-15,582.0853485070814,226.169708,527.027977,0.0,753.197685
2026-07-16_ttft_component_regression/phase1/input8000_rate2p5_reuse50_seed1,43,0.0,8.397555839606996,8.397555839606996,564.4709007289158,2.6645352591003757e-15,572.8684565685228,5.189193,558.432925,0.0,563.622118
2026-07-16_ttft_component_regression/phase1/input8000_rate2p5_reuse50_seed1,44,0.0,14.031855582937675,14.031855582937675,564.4709007289158,2.6645352591003757e-15,578.5027563118534,99.662794,867.395206,0.0,967.058
2026-07-16_ttft_component_regression/phase1/input8000_rate2p5_reuse50_seed1,53,0.030905298098480083,19.73918003142845,19.770085329526932,564.4709007289158,2.6645352591003757e-15,584.2409860584428,1.433178,530.205389,0.0,531.638567
2026-07-16_ttft_component_regression/phase1/input8000_rate2p5_reuse50_seed1,47,0.02167874654610509,17.456033931582695,17.4777126781288,564.4709007289158,2.6645352591003757e-15,581.9486134070446,528.628281,810.841566,0.0,1339.469847
2026-07-16_ttft_component_regression/phase1/input8000_rate2p5_reuse50_seed1,61,0.03258663702626477,19.627704324888963,19.660290961915226,564.4709007289158,2.6645352591003757e-15,584.1311916908311,1.034742,535.565879,0.0,536.600621
2026-07-16_ttft_component_regression/phase1/input8000_rate2p5_reuse50_seed1,77,0.14938970877157487,27.115321270333578,27.264710979105153,564.4709007289158,2.6645352591003757e-15,591.735611708021,7.486161,548.8175,0.0,556.303661
2026-07-16_ttft_component_regression/phase1/input8000_rate2p5_reuse50_seed1,65,0.0,21.260745654452347,21.260745654452347,564.4709007289158,2.6645352591003757e-15,585.7316463833681,8.024173,539.457454,0.0,547.481627
2026-07-16_ttft_component_regression/phase1/input8000_rate2p5_reuse50_seed1,67,0.0,23.17801691080287,23.17801691080287,564.4709007289158,2.6645352591003757e-15,587.6489176397187,18.708421,542.258473,0.0,560.966894
2026-07-16_ttft_component_regression/phase1/input8000_rate2p5_reuse50_seed1,92,0.02970869347412358,19.812138548431022,19.841847241905146,564.4709007289158,2.6645352591003757e-15,584.312747970821,15.35706,537.1928,0.0,552.54986
2026-07-16_ttft_component_regression/phase1/input8000_rate2p5_reuse50_seed1,100,0.0,21.338351020261623,21.338351020261623,564.4709007289158,2.6645352591003757e-15,585.8092517491774,2.825523,541.937983,0.0,544.763506
2026-07-16_ttft_component_regression/phase1/input8000_rate2p5_reuse50_seed1,118,0.18693234900032013,25.419542967795316,25.606475316795635,564.4709007289158,2.6645352591003757e-15,590.0773760457114,5.206457,549.25052,0.0,554.456977
2026-07-16_ttft_component_regression/phase1/input8000_rate2p5_reuse50_seed1,101,0.0,23.283176755169897,23.283176755169897,564.4709007289158,2.6645352591003757e-15,587.7540774840857,4.48548,544.377118,0.0,548.862598
2026-07-16_ttft_component_regression/phase1/input8000_rate2p5_reuse50_seed1,127,0.0,21.355249465105473,21.355249465105473,564.4709007289158,2.6645352591003757e-15,585.8261501940212,7.650279,541.874743,0.0,549.525022
2026-07-16_ttft_component_regression/phase1/input8000_rate2p5_reuse50_seed1,110,0.0,23.344122053009162,23.344122053009162,564.4709007289158,2.6645352591003757e-15,587.815022781925,3.410669,545.771005,0.0,549.181674
2026-07-16_ttft_component_regression/phase1/input8000_rate2p5_reuse50_seed1,135,0.18594131761162971,27.435488822119588,27.621430139731217,564.4709007289158,2.6645352591003757e-15,592.092330868647,47.40156,855.526824,0.0,902.928384
2026-07-16_ttft_component_regression/phase1/input8000_rate2p5_reuse50_seed1,134,0.0,21.566263241638204,21.566263241638204,564.4709007289158,2.6645352591003757e-15,586.037163970554,8.18832,581.179421,0.0,589.367741
2026-07-16_ttft_component_regression/phase1/input8000_rate2p5_reuse50_seed1,142,0.19572425727315468,27.51771464891193,27.713438906185086,564.4709007289158,2.6645352591003757e-15,592.1843396351009,11.997278,548.152529,0.0,560.149807
2026-07-16_ttft_component_regression/phase1/input8000_rate2p5_reuse50_seed1,161,769.6795942469943,26.99873025669407,796.6783245036884,564.4709007289158,2.6645352591003757e-15,1361.1492252326043,516.0377579999999,554.583376,0.0,1070.621134
2026-07-16_ttft_component_regression/phase1/input8000_rate2p5_reuse50_seed1,162,1858.954405898401,26.99873025669407,1885.953136155095,564.4709007289158,2.6645352591003757e-15,2450.424036884011,1091.694113,550.972654,0.0,1642.666767
2026-07-16_ttft_component_regression/phase1/input8000_rate2p5_reuse50_seed1,172,0.18806686010598767,23.94990815375602,24.137975013862008,564.4709007289158,2.6645352591003757e-15,588.6088757427779,16.914796,550.516115,0.0,567.430911
2026-07-16_ttft_component_regression/phase1/input8000_rate2p5_reuse50_seed1,194,0.18543223025478045,23.930237733465106,24.115669963719885,564.4709007289158,2.6645352591003757e-15,588.5865706926357,11.646132,550.965832,0.0,562.611964
2026-07-16_ttft_component_regression/phase1/input8000_rate2p5_reuse50_seed1,182,0.0,21.57757860711898,21.57757860711898,564.4709007289158,2.6645352591003757e-15,586.0484793360348,3.870567,545.152711,0.0,549.023278
2026-07-16_ttft_component_regression/phase1/input8000_rate2p5_reuse50_seed1,222,0.05872402557775195,17.420774187948282,17.479498213526035,564.4709007289158,2.6645352591003757e-15,581.9503989424419,28.31762,540.117081,0.0,568.434701
2026-07-16_ttft_component_regression/phase1/input8000_rate2p5_reuse50_seed1,220,0.052361465802759,15.416211890859632,15.468573356662391,564.4709007289158,2.6645352591003757e-15,579.9394740855782,4.459543,534.049251,0.0,538.508794
2026-07-16_ttft_component_regression/phase1/input8000_rate2p5_reuse50_seed1,260,0.0,12.300589733511021,12.300589733511021,564.4709007289158,2.6645352591003757e-15,576.7714904624269,5.063905,528.545237,0.0,533.609142
2026-07-16_ttft_component_regression/phase1/input8000_rate2p5_reuse50_seed1,273,0.00030098241179925153,7.256916369059399,7.257217351471199,564.4709007289158,2.6645352591003757e-15,571.728118080387,9.924886,519.816138,0.0,529.741024
2026-07-16_ttft_component_regression/phase1/input8000_rate2p5_reuse50_seed1,282,0.0,12.207450823602889,12.207450823602889,564.4709007289158,2.6645352591003757e-15,576.6783515525187,1.974047,532.122759,0.0,534.096806
2026-07-16_ttft_component_regression/phase1/input8000_rate2p5_reuse50_seed1,9,0.0,14.046234256738822,14.046234256738822,564.4709007289158,2.6645352591003757e-15,578.5171349856546,11.136442,522.866904,0.0,534.003346
2026-07-16_ttft_component_regression/phase1/input8000_rate2p5_reuse50_seed1,6,0.0,8.388261754210594,8.388261754210594,564.4709007289158,2.6645352591003757e-15,572.8591624831264,14.400377,516.693919,0.0,531.094296
2026-07-16_ttft_component_regression/phase1/input8000_rate2p5_reuse50_seed1,3,0.016752419283114654,0.748107605672364,0.7648600249554787,564.4709007289158,2.6645352591003757e-15,565.2357607538713,0.032568,503.866806,0.0,503.899374
2026-07-16_ttft_component_regression/phase1/input8000_rate2p5_reuse50_seed1,25,0.02251233507117558,17.52789988851837,17.550412223589547,564.4709007289158,2.6645352591003757e-15,582.0213129525054,15.96192,527.471145,0.0,543.433065
2026-07-16_ttft_component_regression/phase1/input8000_rate2p5_reuse50_seed1,26,0.029338236410040283,19.833814995869332,19.863153232279373,564.4709007289158,2.6645352591003757e-15,584.3340539611952,11.873225,530.400781,0.0,542.274006
2026-07-16_ttft_component_regression/phase1/input8000_rate2p5_reuse50_seed1,27,0.0,21.346815220108606,21.346815220108606,564.4709007289158,2.6645352591003757e-15,585.8177159490244,17.895632,536.147433,0.0,554.043065
2026-07-16_ttft_component_regression/phase1/input8000_rate2p5_reuse50_seed1,38,0.0,23.259314146856596,23.259314146856596,564.4709007289158,2.6645352591003757e-15,587.7302148757724,0.335498,542.264582,0.0,542.60008
2026-07-16_ttft_component_regression/phase1/input8000_rate2p5_reuse50_seed1,40,0.18068001229368702,27.390679100609535,27.571359112903224,564.4709007289158,2.6645352591003757e-15,592.042259841819,6.048427,546.214666,0.0,552.263093
2026-07-16_ttft_component_regression/phase1/input8000_rate2p5_reuse50_seed1,66,0.024451827308657487,17.700664115611943,17.7251159429206,564.4709007289158,2.6645352591003757e-15,582.1960166718364,12.451201,567.938467,0.0,580.389668
2026-07-16_ttft_component_regression/phase1/input8000_rate2p5_reuse50_seed1,68,0.025496080353022352,20.0383644081079,20.06386048846092,564.4709007289158,2.6645352591003757e-15,584.5347612173767,132.604611,836.908792,0.0,969.513403
2026-07-16_ttft_component_regression/phase1/input8000_rate2p5_reuse50_seed1,75,0.0,21.429890049863808,21.429890049863808,564.4709007289158,2.6645352591003757e-15,585.9007907787797,1.609496,544.525211,0.0,546.134707
2026-07-16_ttft_component_regression/phase1/input8000_rate2p5_reuse50_seed1,98,0.0,21.37759803173316,21.37759803173316,564.4709007289158,2.6645352591003757e-15,585.848498760649,12.994449,541.462141,0.0,554.45659
2026-07-16_ttft_component_regression/phase1/input8000_rate2p5_reuse50_seed1,85,0.02349954418783879,18.55698170438804,18.58048124857588,564.4709007289158,2.6645352591003757e-15,583.0513819774917,12.396776,538.799999,0.0,551.196775
2026-07-16_ttft_component_regression/phase1/input8000_rate2p5_reuse50_seed1,93,0.026191282867314834,20.00373946764103,20.029930750508345,564.4709007289158,2.6645352591003757e-15,584.5008314794242,4.281163,538.135929,0.0,542.417092
2026-07-16_ttft_component_regression/phase1/input8000_rate2p5_reuse50_seed1,120,0.0,20.319874577711943,20.319874577711943,564.4709007289158,2.6645352591003757e-15,584.7907753066278,19.867965,552.363782,0.0,572.231747
2026-07-16_ttft_component_regression/phase1/input8000_rate2p5_reuse50_seed1,124,0.16442992143275328,25.239458074892347,25.4038879963251,564.4709007289158,2.6645352591003757e-15,589.8747887252409,62.439281,861.339894,0.0,923.779175
2026-07-16_ttft_component_regression/phase1/input8000_rate2p5_reuse50_seed1,123,0.0,21.50706463736306,21.50706463736306,564.4709007289158,2.6645352591003757e-15,585.9779653662789,20.211541,584.559993,0.0,604.771534
2026-07-16_ttft_component_regression/phase1/input8000_rate2p5_reuse50_seed1,128,0.16352096246637565,27.241596017896946,27.40511698036332,564.4709007289158,2.6645352591003757e-15,591.8760177092792,19.896052,549.077846,0.0,568.973898
2026-07-16_ttft_component_regression/phase1/input8000_rate2p5_reuse50_seed1,148,0.9028547348650623,28.576593676384885,29.479448411249948,564.4709007289158,423.9400663798767,1017.8904155200424,17.84140162011838,539.965256,423.9400663798817,981.746724
2026-07-16_ttft_component_regression/phase1/input8000_rate2p5_reuse50_seed1,165,1660.7138195769971,27.062326538003745,1687.776146115001,564.4709007289158,2.6645352591003757e-15,2252.247046843917,1115.7500009999999,547.321253,0.0,1663.071254
2026-07-16_ttft_component_regression/phase1/input8000_rate2p5_reuse50_seed1,147,0.028148378813042357,18.32813965324304,18.35628803205608,564.4709007289158,2.6645352591003757e-15,582.8271887609719,11.041045,536.9694,0.0,548.010445
2026-07-16_ttft_component_regression/phase1/input8000_rate2p5_reuse50_seed1,153,0.9281491988730484,28.62522057350453,29.55336977237758,564.4709007289158,423.9400663798767,1017.9643368811701,7.471039620118379,544.138622,423.9400663798817,975.549728
2026-07-16_ttft_component_regression/phase1/input8000_rate2p5_reuse50_seed1,176,100.93956586207695,26.930399812884716,127.86996567496166,564.4709007289158,423.9400663798767,1116.2809327837542,101.81493662011837,543.984902,423.9400663798817,1069.739905
2026-07-16_ttft_component_regression/phase1/input8000_rate2p5_reuse50_seed1,159,0.9299693306618854,28.62858802157405,29.558557352235937,564.4709007289158,423.9400663798767,1017.9695244610284,12.70291562011838,547.587261,423.9400663798817,984.230243
2026-07-16_ttft_component_regression/phase1/input8000_rate2p5_reuse50_seed1,187,0.17674530816435152,23.864728631220714,24.041473939385067,564.4709007289158,2.6645352591003757e-15,588.5123746683008,18.191606,547.260871,0.0,565.452477
2026-07-16_ttft_component_regression/phase1/input8000_rate2p5_reuse50_seed1,202,0.0,21.49979810507502,21.49979810507502,564.4709007289158,2.6645352591003757e-15,585.9706988339908,3.518421,547.558638,0.0,551.077059
2026-07-16_ttft_component_regression/phase1/input8000_rate2p5_reuse50_seed1,209,0.1627395749084042,25.225636261445327,25.38837583635373,564.4709007289158,2.6645352591003757e-15,589.8592765652695,0.797906,552.116498,0.0,552.914404
2026-07-16_ttft_component_regression/phase1/input8000_rate2p5_reuse50_seed1,226,0.0,20.298962763174192,20.298962763174192,564.4709007289158,2.6645352591003757e-15,584.76986349209,20.228932,545.813719,0.0,566.042651
2026-07-16_ttft_component_regression/phase1/input8000_rate2p5_reuse50_seed1,229,0.1733113943413669,23.838553629691784,24.011865024033153,564.4709007289158,2.6645352591003757e-15,588.4827657529489,0.22545,547.562465,0.0,547.787915
2026-07-16_ttft_component_regression/phase1/input8000_rate2p5_reuse50_seed1,218,0.21184762737536242,24.073909036756717,24.28575666413208,564.4709007289158,2.6645352591003757e-15,588.7566573930479,38.989222,860.645222,0.0,899.634444
2026-07-16_ttft_component_regression/phase1/input8000_rate2p5_reuse50_seed1,217,0.0,20.431656117672915,20.431656117672915,564.4709007289158,2.6645352591003757e-15,584.9025568465887,21.579826,583.914619,0.0,605.494445
2026-07-16_ttft_component_regression/phase1/input8000_rate2p5_reuse50_seed1,235,261.84330996291266,28.401660655364598,290.24497061827725,564.4709007289158,2.6645352591003757e-15,854.7158713471931,221.486671,545.554348,0.0,767.041019
2026-07-16_ttft_component_regression/phase1/input8000_rate2p5_reuse50_seed1,241,1470.823589461101,28.405414112860043,1499.2290035739609,564.4709007289158,2.6645352591003757e-15,2063.699904302877,960.561176,552.423028,0.0,1512.984204
2026-07-16_ttft_component_regression/phase1/input8000_rate2p5_reuse50_seed1,248,3800.9925325614554,27.141673124894265,3828.1342056863496,564.4709007289158,2.6645352591003757e-15,4392.605106415265,2331.0202350000004,546.5262,0.0,2877.546435
2026-07-16_ttft_component_regression/phase1/input8000_rate2p5_reuse50_seed1,269,0.19784048201370566,24.022090212290344,24.21993069430405,564.4709007289158,2.6645352591003757e-15,588.6908314232198,17.817045,550.526455,0.0,568.3435
2026-07-16_ttft_component_regression/phase1/input8000_rate2p5_reuse50_seed1,278,0.19048186152025026,25.447300649577436,25.637782511097686,564.4709007289158,2.6645352591003757e-15,590.1086832400135,2.045355,552.505321,0.0,554.550676
2026-07-16_ttft_component_regression/phase1/input8000_rate2p5_reuse50_seed1,291,1592.2598668377238,27.024587176914203,1619.284454014638,564.4709007289158,2.6645352591003757e-15,2183.7553547435537,1001.7423630000001,549.535819,0.0,1551.278182
2026-07-16_ttft_component_regression/phase1/input8000_rate2p5_reuse50_seed1,290,446.778914673695,27.03719245506707,473.81610712876204,564.4709007289158,2.6645352591003757e-15,1038.287007857678,329.347854,553.010135,0.0,882.357989
2026-07-16_ttft_component_regression/phase1/input8000_rate2p5_reuse50_seed1,280,1794.5648228773662,27.01499134480051,1821.5798142221668,564.4709007289158,2.6645352591003757e-15,2386.0507149510827,1070.999963,552.466153,0.0,1623.466116
2026-07-16_ttft_component_regression/phase1/input8000_rate2p5_reuse50_seed1,4,0.016752419283114654,0.748107605672364,0.7648600249554787,564.4709007289158,2.6645352591003757e-15,565.2357607538713,0.018294,503.866806,0.0,503.8851
2026-07-16_ttft_component_regression/phase1/input8000_rate2p5_reuse50_seed1,22,0.0,8.384606028374465,8.384606028374465,564.4709007289158,2.6645352591003757e-15,572.8555067572903,2.254746,517.235167,0.0,519.489913
2026-07-16_ttft_component_regression/phase1/input8000_rate2p5_reuse50_seed1,28,0.0,14.053842855920239,14.053842855920239,564.4709007289158,2.6645352591003757e-15,578.5247435848361,13.943854,523.537176,0.0,537.48103
2026-07-16_ttft_component_regression/phase1/input8000_rate2p5_reuse50_seed1,36,0.028195817122429762,19.898261705823536,19.926457522945967,564.4709007289158,2.6645352591003757e-15,584.3973582518618,11.539373,530.739021,0.0,542.278394
2026-07-16_ttft_component_regression/phase1/input8000_rate2p5_reuse50_seed1,32,0.023540462179748735,17.618469792101088,17.642010254280837,564.4709007289158,2.6645352591003757e-15,582.1129109831967,10.525997,527.863817,0.0,538.389814
2026-07-16_ttft_component_regression/phase1/input8000_rate2p5_reuse50_seed1,46,0.0,21.327017987160374,21.327017987160374,564.4709007289158,2.6645352591003757e-15,585.7979187160762,13.589198,537.249705,0.0,550.838903
2026-07-16_ttft_component_regression/phase1/input8000_rate2p5_reuse50_seed1,51,0.0,21.292682765624228,21.292682765624228,564.4709007289158,2.6645352591003757e-15,585.7635834945401,16.904012,536.565481,0.0,553.469493
2026-07-16_ttft_component_regression/phase1/input8000_rate2p5_reuse50_seed1,54,0.0,23.17422931575366,23.17422931575366,564.4709007289158,2.6645352591003757e-15,587.6451300446695,4.336177,541.336774,0.0,545.672951
2026-07-16_ttft_component_regression/phase1/input8000_rate2p5_reuse50_seed1,80,0.0,12.939950631669157,12.939950631669157,564.4709007289158,2.6645352591003757e-15,577.410851360585,0.60298,527.25412,0.0,527.8571
2026-07-16_ttft_component_regression/phase1/input8000_rate2p5_reuse50_seed1,94,0.0,14.063744142148131,14.063744142148131,564.4709007289158,2.6645352591003757e-15,578.534644871064,13.104678,530.314666,0.0,543.419344
2026-07-16_ttft_component_regression/phase1/input8000_rate2p5_reuse50_seed1,81,0.022009540089928028,16.276437539861803,16.298447079951732,564.4709007289158,2.6645352591003757e-15,580.7693478088676,143.46786,535.464924,0.0,678.932784
2026-07-16_ttft_component_regression/phase1/input8000_rate2p5_reuse50_seed1,115,0.024652479660941536,17.71901523815493,17.74366771781587,564.4709007289158,2.6645352591003757e-15,582.2145684467317,0.133472,536.340398,0.0,536.47387
2026-07-16_ttft_component_regression/phase1/input8000_rate2p5_reuse50_seed1,129,0.8376943143427075,28.43523494544912,29.27292925979183,564.4709007289158,423.9400663798767,1017.6838963685843,17.37192662011838,538.200839,423.9400663798817,979.512832
2026-07-16_ttft_component_regression/phase1/input8000_rate2p5_reuse50_seed1,133,0.8376943143427075,28.43523494544912,29.27292925979183,564.4709007289158,423.9400663798767,1017.6838963685843,1.5775396201183796,571.301876,423.9400663798817,996.819482
2026-07-16_ttft_component_regression/phase1/input8000_rate2p5_reuse50_seed1,136,0.024758611252180675,18.499298744971426,18.524057356223608,564.4709007289158,2.6645352591003757e-15,582.9949580851394,229.237611,890.147051,0.0,1119.384662
2026-07-16_ttft_component_regression/phase1/input8000_rate2p5_reuse50_seed1,137,0.0,335.61767998560555,335.61767998560555,564.4709007289158,2.6645352591003757e-15,900.0885807145214,636.074237,829.169086,0.0,1465.243323
2026-07-16_ttft_component_regression/phase1/input8000_rate2p5_reuse50_seed1,163,0.8686478295680957,26.886943297414952,27.75559112698305,564.4709007289158,423.9400663798767,1016.1665582357756,3.9752356201183794,588.234205,423.9400663798817,1016.149507
2026-07-16_ttft_component_regression/phase1/input8000_rate2p5_reuse50_seed1,164,0.8704076715864382,26.890633517755955,27.761041189342393,564.4709007289158,423.9400663798767,1016.1720082981349,156.4941636201184,859.925328,423.9400663798817,1440.359558
2026-07-16_ttft_component_regression/phase1/input8000_rate2p5_reuse50_seed1,152,0.0,21.643032436585727,21.643032436585727,564.4709007289158,2.6645352591003757e-15,586.1139331655015,10.330517,547.026144,0.0,557.356661
2026-07-16_ttft_component_regression/phase1/input8000_rate2p5_reuse50_seed1,185,0.17296838520336322,25.30864017599624,25.4816085611996,564.4709007289158,2.6645352591003757e-15,589.9525092901154,16.872752,547.876921,0.0,564.749673
2026-07-16_ttft_component_regression/phase1/input8000_rate2p5_reuse50_seed1,178,0.17674530816435152,23.864728631220714,24.041473939385067,564.4709007289158,2.6645352591003757e-15,588.5123746683008,2.082616,549.370351,0.0,551.452967
2026-07-16_ttft_component_regression/phase1/input8000_rate2p5_reuse50_seed1,197,0.9326348927581025,27.1063708163522,28.039005709110302,564.4709007289158,423.9400663798767,1016.4499728179028,23.394897620118375,551.01099,423.9400663798817,998.345954
2026-07-16_ttft_component_regression/phase1/input8000_rate2p5_reuse50_seed1,207,0.18516639653205927,25.405668313354443,25.5908347098865,564.4709007289158,2.6645352591003757e-15,590.0617354388023,9.208247,552.171405,0.0,561.379652
2026-07-16_ttft_component_regression/phase1/input8000_rate2p5_reuse50_seed1,230,0.9073275914466308,27.054810609761695,27.962138201208326,564.4709007289158,423.9400663798767,1016.3731053100008,13.85786462011838,548.922074,423.9400663798817,986.720005
2026-07-16_ttft_component_regression/phase1/input8000_rate2p5_reuse50_seed1,214,0.9472587618728823,27.13471606001317,28.08197482188605,564.4709007289158,423.9400663798767,1016.4929419306786,25.584298620118382,553.873506,423.9400663798817,1003.397871
2026-07-16_ttft_component_regression/phase1/input8000_rate2p5_reuse50_seed1,221,0.9509331797415389,27.141673124894265,28.092606304635805,564.4709007289158,423.9400663798767,1016.5035734134283,15.77297462011838,542.604778,423.9400663798817,982.317819
2026-07-16_ttft_component_regression/phase1/input8000_rate2p5_reuse50_seed1,236,328.2676669321535,28.378860681195068,356.64652761334855,564.4709007289158,423.9400663798767,1345.0574947221412,257.8145906201184,546.412476,423.9400663798817,1228.167133
2026-07-16_ttft_component_regression/phase1/input8000_rate2p5_reuse50_seed1,225,0.0,20.42091808568148,20.42091808568148,564.4709007289158,2.6645352591003757e-15,584.8918188145973,15.779267,545.361345,0.0,561.140612
2026-07-16_ttft_component_regression/phase1/input8000_rate2p5_reuse50_seed1,243,2570.127721062295,27.217875592009182,2597.3455966543042,564.4709007289158,2.6645352591003757e-15,3161.81649738322,1524.8127069999998,547.245281,0.0,2072.057988
2026-07-16_ttft_component_regression/phase1/input8000_rate2p5_reuse50_seed1,249,6214.8072785909735,27.113534229041104,6241.920812820014,564.4709007289158,423.9400663798767,7230.331779928807,5418.5115056201175,551.395936,423.9400663798817,6393.847508
2026-07-16_ttft_component_regression/phase1/input8000_rate2p5_reuse50_seed1,256,5218.086243444647,27.117096729632767,5245.20334017428,564.4709007289158,423.9400663798767,6233.614307283073,11146.615789620118,553.928166,423.9400663798817,12124.484022
2026-07-16_ttft_component_regression/phase1/input8000_rate2p5_reuse50_seed1,254,5530.176467828485,27.145132117248682,5557.321599945734,564.4709007289158,423.9400663798767,6545.732567054527,8681.21438962012,554.041054,423.9400663798817,9659.19551
2026-07-16_ttft_component_regression/phase1/input8000_rate2p5_reuse50_seed1,298,0.9564586343868529,27.15201088263755,28.108469517024403,564.4709007289158,423.9400663798767,1016.519436625817,19.597039620118373,544.833099,423.9400663798817,988.370205
2026-07-16_ttft_component_regression/phase1/input8000_rate2p5_reuse50_seed1,258,3822.4921671019124,27.20191354023952,3849.694080642152,564.4709007289158,423.9400663798767,4838.105047750945,11904.875402620119,553.380974,423.9400663798817,12882.196443
2026-07-16_ttft_component_regression/phase1/input8000_rate2p5_reuse50_seed1,262,86.80169237099476,27.192173658488507,113.99386602948326,564.4709007289158,423.9400663798767,1102.4048331382758,12418.228964620119,548.076381,423.9400663798817,13390.245412
2026-07-16_ttft_component_regression/phase1/input8000_rate2p5_reuse50_seed1,19,0.015202160477332784,0.7074002822876715,0.7226024427650043,564.4709007289158,2.6645352591003757e-15,565.1935031716808,0.060122,503.866806,0.0,503.926928
2026-07-16_ttft_component_regression/phase1/input8000_rate2p5_reuse50_seed1,23,0.0,14.02843654048808,14.02843654048808,564.4709007289158,2.6645352591003757e-15,578.4993372694039,1.283221,560.737179,0.0,562.0204
2026-07-16_ttft_component_regression/phase1/input8000_rate2p5_reuse50_seed1,24,0.021573884013287973,17.44708825913292,17.468662143146208,564.4709007289158,2.6645352591003757e-15,581.939562872062,199.371136,823.035839,0.0,1022.406975
2026-07-16_ttft_component_regression/phase1/input8000_rate2p5_reuse50_seed1,21,0.0,8.398669934995318,8.398669934995318,564.4709007289158,2.6645352591003757e-15,572.8695706639111,14.575767,516.711871,0.0,531.287638
2026-07-16_ttft_component_regression/phase1/input8000_rate2p5_reuse50_seed1,37,0.029338236410040283,19.833814995869332,19.863153232279373,564.4709007289158,2.6645352591003757e-15,584.3340539611952,2.39503,531.270061,0.0,533.665091
2026-07-16_ttft_component_regression/phase1/input8000_rate2p5_reuse50_seed1,57,0.024048458642848138,17.664054869776844,17.688103328419693,564.4709007289158,2.6645352591003757e-15,582.1590040573356,19.235462,528.048329,0.0,547.283791
2026-07-16_ttft_component_regression/phase1/input8000_rate2p5_reuse50_seed1,42,0.0,19.746173634789983,19.746173634789983,564.4709007289158,2.6645352591003757e-15,584.2170743637058,17.858232,537.165033,0.0,555.023265
2026-07-16_ttft_component_regression/phase1/input8000_rate2p5_reuse50_seed1,60,0.027541382172823346,19.933688844812462,19.961230226985286,564.4709007289158,2.6645352591003757e-15,584.4321309559011,6.587063,530.877645,0.0,537.464708
2026-07-16_ttft_component_regression/phase1/input8000_rate2p5_reuse50_seed1,79,0.0,21.53272860002387,21.53272860002387,564.4709007289158,2.6645352591003757e-15,586.0036293289397,3.701153,546.663904,0.0,550.365057
2026-07-16_ttft_component_regression/phase1/input8000_rate2p5_reuse50_seed1,70,0.02832502538047901,19.891144041969984,19.919469067350462,564.4709007289158,2.6645352591003757e-15,584.3903697962662,13.858447,537.395092,0.0,551.253539
2026-07-16_ttft_component_regression/phase1/input8000_rate2p5_reuse50_seed1,72,0.0,21.369241291931043,21.369241291931043,564.4709007289158,2.6645352591003757e-15,585.8401420208469,2.537067,541.940665,0.0,544.477732
2026-07-16_ttft_component_regression/phase1/input8000_rate2p5_reuse50_seed1,84,0.18077713443197707,25.370995291512237,25.551772425944215,564.4709007289158,2.6645352591003757e-15,590.0226731548601,6.215482,551.461948,0.0,557.67743
2026-07-16_ttft_component_regression/phase1/input8000_rate2p5_reuse50_seed1,95,0.0,23.33588758910309,23.33588758910309,564.4709007289158,2.6645352591003757e-15,587.8067883180189,9.918767,546.997308,0.0,556.916075
2026-07-16_ttft_component_regression/phase1/input8000_rate2p5_reuse50_seed1,112,0.0,23.36069296673493,23.36069296673493,564.4709007289158,2.6645352591003757e-15,587.8315936956508,215.726851,546.372968,0.0,762.099819
2026-07-16_ttft_component_regression/phase1/input8000_rate2p5_reuse50_seed1,111,0.0,21.405253115678942,21.405253115678942,564.4709007289158,2.6645352591003757e-15,585.8761538445948,3.235529,543.852845,0.0,547.088374
2026-07-16_ttft_component_regression/phase1/input8000_rate2p5_reuse50_seed1,117,0.2029512353761486,27.577560954501127,27.780512189877275,564.4709007289158,2.6645352591003757e-15,592.2514129187931,16.636477,547.228807,0.0,563.865284
2026-07-16_ttft_component_regression/phase1/input8000_rate2p5_reuse50_seed1,139,0.0,19.83842911005851,19.83842911005851,564.4709007289158,2.6645352591003757e-15,584.3093298389743,4.884887,546.695254,0.0,551.580141
2026-07-16_ttft_component_regression/phase1/input8000_rate2p5_reuse50_seed1,167,0.05518761166694756,17.582988850637634,17.638176462304582,564.4709007289158,2.6645352591003757e-15,582.1090771912204,14.063341,534.90586,0.0,548.969201
2026-07-16_ttft_component_regression/phase1/input8000_rate2p5_reuse50_seed1,158,0.023214017341165287,18.5696916301837,18.592905647524866,564.4709007289158,2.6645352591003757e-15,583.0638063764407,14.057708,537.05521,0.0,551.112918
2026-07-16_ttft_component_regression/phase1/input8000_rate2p5_reuse50_seed1,193,0.02704274107598618,15.301325417892857,15.328368158968843,564.4709007289158,2.6645352591003757e-15,579.7992688878846,14.100997,535.015938,0.0,549.116935
2026-07-16_ttft_component_regression/phase1/input8000_rate2p5_reuse50_seed1,201,0.02118817449967052,16.20917116022097,16.23035933472064,564.4709007289158,2.6645352591003757e-15,580.7012600636365,19.787377,531.56489,0.0,551.352267
2026-07-16_ttft_component_regression/phase1/input8000_rate2p5_reuse50_seed1,203,0.026889374835019044,18.394768223353623,18.42165759818864,564.4709007289158,2.6645352591003757e-15,582.8925583271044,49.449223,538.614903,0.0,588.064126
2026-07-16_ttft_component_regression/phase1/input8000_rate2p5_reuse50_seed1,247,0.0,12.321684011622352,12.321684011622352,564.4709007289158,2.6645352591003757e-15,576.7925847405381,9.237455,533.502541,0.0,542.739996
2026-07-16_ttft_component_regression/phase1/input8000_rate2p5_reuse50_seed1,277,0.03127630300944405,17.40070652248607,17.431982825495517,564.4709007289158,2.6645352591003757e-15,581.9028835544113,118.518709,838.799573,0.0,957.318282
2026-07-16_ttft_component_regression/phase1/input8000_rate2p5_reuse50_seed1,271,0.0,12.23126066769077,12.23126066769077,564.4709007289158,2.6645352591003757e-15,576.7021613966066,0.800026,533.496867,0.0,534.296893
2026-07-16_ttft_component_regression/phase1/input8000_rate2p5_reuse50_seed1,265,0.022799231726820517,7.291471085855096,7.314270317581917,564.4709007289158,2.6645352591003757e-15,571.7851710464977,0.880527,523.02347,0.0,523.903997
2026-07-16_ttft_component_regression/phase1/input8000_rate2p5_reuse50_seed1,281,0.0,18.642732086430165,18.642732086430165,564.4709007289158,2.6645352591003757e-15,583.113632815346,15.099827,538.870401,0.0,553.970228
2026-07-16_ttft_component_regression/phase1/input8000_rate2p5_reuse50_seed1,276,0.028977447591167677,15.45356076935975,15.482538216950918,564.4709007289158,2.6645352591003757e-15,579.9534389458668,3.366192,570.322396,0.0,573.688588
2026-07-16_ttft_component_regression/phase1/input8000_rate2p5_reuse50_seed1,297,0.19071471224156686,23.969585753498624,24.16030046574019,564.4709007289158,2.6645352591003757e-15,588.631201194656,15.681869,549.142038,0.0,564.823907
2026-07-16_ttft_component_regression/phase1/input8000_rate2p5_reuse50_seed1,286,0.0,20.358879976101036,20.358879976101036,564.4709007289158,2.6645352591003757e-15,584.8297807050169,13.985098,543.292399,0.0,557.277497
2026-07-16_ttft_component_regression/phase1/input8000_rate2p5_reuse50_seed1,12,0.016752419283114654,0.748107605672364,0.7648600249554787,564.4709007289158,2.6645352591003757e-15,565.2357607538713,0.000184,503.866806,0.0,503.86699
2026-07-16_ttft_component_regression/phase1/input8000_rate2p5_reuse50_seed1,29,0.0,8.383367318038017,8.383367318038017,564.4709007289158,2.6645352591003757e-15,572.8542680469538,16.144803,517.571679,0.0,533.716482
2026-07-16_ttft_component_regression/phase1/input8000_rate2p5_reuse50_seed1,34,0.0,14.059731693205741,14.059731693205741,564.4709007289158,2.6645352591003757e-15,578.5306324221216,12.375427,523.68188,0.0,536.057307
2026-07-16_ttft_component_regression/phase1/input8000_rate2p5_reuse50_seed1,55,0.0,14.042534533868785,14.042534533868785,564.4709007289158,2.6645352591003757e-15,578.5134352627846,11.922881,523.955704,0.0,535.878585
2026-07-16_ttft_component_regression/phase1/input8000_rate2p5_reuse50_seed1,62,0.022408662400140958,17.518887648730324,17.541296311130466,564.4709007289158,2.6645352591003757e-15,582.0121970400463,3.373903,528.422345,0.0,531.796248
2026-07-16_ttft_component_regression/phase1/input8000_rate2p5_reuse50_seed1,82,0.0,12.948881885002923,12.948881885002923,564.4709007289158,2.6645352591003757e-15,577.4197826139188,14.838049,524.145848,0.0,538.983897
2026-07-16_ttft_component_regression/phase1/input8000_rate2p5_reuse50_seed1,96,0.0,8.39529547849814,8.39529547849814,564.4709007289158,2.6645352591003757e-15,572.866196207414,4.999133,516.970367,0.0,521.9695
2026-07-16_ttft_component_regression/phase1/input8000_rate2p5_reuse50_seed1,119,0.02704274107598618,15.301325417892857,15.328368158968843,564.4709007289158,2.6645352591003757e-15,579.7992688878846,9.160142,536.667578,0.0,545.82772
2026-07-16_ttft_component_regression/phase1/input8000_rate2p5_reuse50_seed1,108,0.0,14.061729274938543,14.061729274938543,564.4709007289158,2.6645352591003757e-15,578.5326300038544,13.279162,523.623064,0.0,536.902226
2026-07-16_ttft_component_regression/phase1/input8000_rate2p5_reuse50_seed1,138,0.02282052218827502,16.34417844979654,16.366998971984817,564.4709007289158,2.6645352591003757e-15,580.8378997009006,0.086467,538.370587,0.0,538.457054
2026-07-16_ttft_component_regression/phase1/input8000_rate2p5_reuse50_seed1,179,0.0,12.975577042348952,12.975577042348952,564.4709007289158,2.6645352591003757e-15,577.4464777712648,18.763067,526.519512,0.0,545.282579
2026-07-16_ttft_component_regression/phase1/input8000_rate2p5_reuse50_seed1,160,0.0,7.237459601421481,7.237459601421481,564.4709007289158,2.6645352591003757e-15,571.7083603303373,7.912502,521.215979,0.0,529.128481
2026-07-16_ttft_component_regression/phase1/input8000_rate2p5_reuse50_seed1,189,0.032203996041844485,17.35728577260391,17.389489768645753,564.4709007289158,2.6645352591003757e-15,581.8603904975615,17.06595,537.310259,0.0,554.376209
2026-07-16_ttft_component_regression/phase1/input8000_rate2p5_reuse50_seed1,196,0.0,18.70385794431298,18.70385794431298,564.4709007289158,2.6645352591003757e-15,583.1747586732288,81.877,840.039337,0.0,921.916337
2026-07-16_ttft_component_regression/phase1/input8000_rate2p5_reuse50_seed1,195,0.059359151092162034,17.388842197650575,17.44820134874274,564.4709007289158,2.6645352591003757e-15,581.9191020776585,13.417374,569.822775,0.0,583.240149
2026-07-16_ttft_component_regression/phase1/input8000_rate2p5_reuse50_seed1,184,0.022416361666138192,16.31024942655154,16.33266578821768,564.4709007289158,2.6645352591003757e-15,580.8035665171335,20.256415,536.175208,0.0,556.431623
2026-07-16_ttft_component_regression/phase1/input8000_rate2p5_reuse50_seed1,206,0.1627395749084042,25.225636261445327,25.38837583635373,564.4709007289158,2.6645352591003757e-15,589.8592765652695,4.995054,545.197075,0.0,550.192129
2026-07-16_ttft_component_regression/phase1/input8000_rate2p5_reuse50_seed1,200,0.0,20.264664890010916,20.264664890010916,564.4709007289158,2.6645352591003757e-15,584.7355656189267,8.908326,542.442691,0.0,551.351017
2026-07-16_ttft_component_regression/phase1/input8000_rate2p5_reuse50_seed1,216,3662.65837417841,27.088239519290834,3689.746613697701,564.4709007289158,423.9400663798767,4678.157580806494,2288.0047836201184,582.488734,423.9400663798817,3294.433584
2026-07-16_ttft_component_regression/phase1/input8000_rate2p5_reuse50_seed1,224,0.1635840270582316,25.232546520402256,25.396130547460487,564.4709007289158,2.6645352591003757e-15,589.8670312763763,137.429501,857.99569,0.0,995.425191
2026-07-16_ttft_component_regression/phase1/input8000_rate2p5_reuse50_seed1,257,0.0,20.488131174525872,20.488131174525872,564.4709007289158,2.6645352591003757e-15,584.9590319034417,1.582227,545.385473,0.0,546.9677
2026-07-16_ttft_component_regression/phase1/input8000_rate2p5_reuse50_seed1,245,0.0,20.480971152856768,20.480971152856768,564.4709007289158,2.6645352591003757e-15,584.9518718817726,23.280661,542.941514,0.0,566.222175
2026-07-16_ttft_component_regression/phase1/input8000_rate2p5_reuse50_seed1,250,0.9417609692867769,27.124183179906492,28.065944149193268,564.4709007289158,423.9400663798767,1016.4769112579858,22.38507362011838,546.54158,423.9400663798817,992.86672
2026-07-16_ttft_component_regression/phase1/input8000_rate2p5_reuse50_seed1,279,0.03233428866321412,17.35104509814861,17.383379386811825,564.4709007289158,2.6645352591003757e-15,581.8542801157276,14.900746,540.984393,0.0,555.885139
2026-07-16_ttft_component_regression/phase1/input8000_rate2p5_reuse50_seed1,288,0.0,18.613123494693514,18.613123494693514,564.4709007289158,2.6645352591003757e-15,583.0840242236093,10.167641,544.010533,0.0,554.178174
2026-07-16_ttft_component_regression/phase1/input8000_rate2p5_reuse50_seed1,294,0.1682041155293294,23.79932587042401,23.967529985953338,564.4709007289158,2.6645352591003757e-15,588.4384307148691,18.210726,548.462278,0.0,566.673004
2026-07-16_ttft_component_regression/phase1/input8000_rate2p5_reuse50_seed1,292,0.0,20.285161204252876,20.285161204252876,564.4709007289158,2.6645352591003757e-15,584.7560619331687,7.589473,546.143983,0.0,553.733456
2026-07-16_ttft_component_regression/phase1/input8000_rate2p5_reuse50_seed1,283,0.0,18.645180916776127,18.645180916776127,564.4709007289158,2.6645352591003757e-15,583.1160816456919,20.190058,545.208313,0.0,565.398371
2026-07-16_ttft_component_regression/phase1/input8000_rate2p5_reuse50_seed1,15,0.0,14.057751416432044,14.057751416432044,564.4709007289158,2.6645352591003757e-15,578.5286521453479,0.575064,560.824379,0.0,561.399443
2026-07-16_ttft_component_regression/phase1/input8000_rate2p5_reuse50_seed1,20,0.028581748389400863,19.87687643473766,19.90545818312706,564.4709007289158,2.6645352591003757e-15,584.3763589120429,173.804926,529.918925,0.0,703.723851
2026-07-16_ttft_component_regression/phase1/input8000_rate2p5_reuse50_seed1,17,0.023233694293431112,17.591214083872263,17.614447778165694,564.4709007289158,2.6645352591003757e-15,582.0853485070814,40.865526,823.151199,0.0,864.016725
2026-07-16_ttft_component_regression/phase1/input8000_rate2p5_reuse50_seed1,2,0.016752419283114654,0.748107605672364,0.7648600249554787,564.4709007289158,2.6645352591003757e-15,565.2357607538713,0.027802,503.866806,0.0,503.894608
2026-07-16_ttft_component_regression/phase1/input8000_rate2p5_reuse50_seed1,8,0.0,8.383367318038017,8.383367318038017,564.4709007289158,2.6645352591003757e-15,572.8542680469538,6.214291,516.773951,0.0,522.988242
2026-07-16_ttft_component_regression/phase1/input8000_rate2p5_reuse50_seed1,45,0.0,21.363654240426147,21.363654240426147,564.4709007289158,2.6645352591003757e-15,585.834554969342,19.24045,538.565993,0.0,557.806443
2026-07-16_ttft_component_regression/phase1/input8000_rate2p5_reuse50_seed1,52,0.0,14.074077081636972,14.074077081636972,564.4709007289158,2.6645352591003757e-15,578.5449778105528,3.704746,523.740024,0.0,527.44477
2026-07-16_ttft_component_regression/phase1/input8000_rate2p5_reuse50_seed1,63,0.0,14.05000375018145,14.05000375018145,564.4709007289158,2.6645352591003757e-15,578.5209044790972,4.376834,523.389144,0.0,527.765978
2026-07-16_ttft_component_regression/phase1/input8000_rate2p5_reuse50_seed1,78,0.021394460854565433,16.225942616999003,16.24733707785357,564.4709007289158,2.6645352591003757e-15,580.7182378067694,10.726609,531.22901,0.0,541.955619
2026-07-16_ttft_component_regression/phase1/input8000_rate2p5_reuse50_seed1,99,0.0,14.042534533868785,14.042534533868785,564.4709007289158,2.6645352591003757e-15,578.5134352627846,17.657133,532.085504,0.0,549.742637
2026-07-16_ttft_component_regression/phase1/input8000_rate2p5_reuse50_seed1,102,0.02230483744185155,17.50988364431239,17.53218848175424,564.4709007289158,2.6645352591003757e-15,582.00308921067,7.040306,534.402681,0.0,541.442987
2026-07-16_ttft_component_regression/phase1/input8000_rate2p5_reuse50_seed1,90,0.0,12.958404171665773,12.958404171665773,564.4709007289158,2.6645352591003757e-15,577.4293049005815,6.189821,528.194957,0.0,534.384778
2026-07-16_ttft_component_regression/phase1/input8000_rate2p5_reuse50_seed1,122,0.028148378813042357,18.32813965324304,18.35628803205608,564.4709007289158,2.6645352591003757e-15,582.8271887609719,216.57334,536.8471,0.0,753.42044
2026-07-16_ttft_component_regression/phase1/input8000_rate2p5_reuse50_seed1,121,0.020981271723428927,16.192430102434066,16.213411374157495,564.4709007289158,2.6645352591003757e-15,580.6843121030734,20.902646,537.048081,0.0,557.950727
2026-07-16_ttft_component_regression/phase1/input8000_rate2p5_reuse50_seed1,130,0.0,19.711915984392903,19.711915984392903,564.4709007289158,2.6645352591003757e-15,584.1828167133087,12.137412,542.667562,0.0,554.804974
2026-07-16_ttft_component_regression/phase1/input8000_rate2p5_reuse50_seed1,140,0.0,21.49979810507502,21.49979810507502,564.4709007289158,2.6645352591003757e-15,585.9706988339908,6.408479,547.849099,0.0,554.257578
2026-07-16_ttft_component_regression/phase1/input8000_rate2p5_reuse50_seed1,183,0.02282052218827502,16.34417844979654,16.366998971984817,564.4709007289158,2.6645352591003757e-15,580.8378997009006,13.569129,534.462691,0.0,548.03182
2026-07-16_ttft_component_regression/phase1/input8000_rate2p5_reuse50_seed1,191,0.9217445462870121,27.084575294795663,28.006319841082675,564.4709007289158,423.9400663798767,1016.4172869498752,7.697092620118379,538.789863,423.9400663798817,970.427022
2026-07-16_ttft_component_regression/phase1/input8000_rate2p5_reuse50_seed1,168,0.8952348378474619,26.940979395403044,27.836214233250505,564.4709007289158,423.9400663798767,1016.2471813420431,25.45871662011838,526.654567,423.9400663798817,976.05335
2026-07-16_ttft_component_regression/phase1/input8000_rate2p5_reuse50_seed1,177,0.0,12.244280408622705,12.244280408622705,564.4709007289158,2.6645352591003757e-15,576.7151811375385,18.77643,531.986735,0.0,550.763165
2026-07-16_ttft_component_regression/phase1/input8000_rate2p5_reuse50_seed1,188,0.0553306407504006,17.5768680592374,17.6321986999878,564.4709007289158,2.6645352591003757e-15,582.1030994289036,7.458574,535.099719,0.0,542.558293
2026-07-16_ttft_component_regression/phase1/input8000_rate2p5_reuse50_seed1,211,0.0,20.323384596923653,20.323384596923653,564.4709007289158,2.6645352591003757e-15,584.7942853258395,5.642686,546.818174,0.0,552.46086
2026-07-16_ttft_component_regression/phase1/input8000_rate2p5_reuse50_seed1,204,0.0,19.774751557354776,19.774751557354776,564.4709007289158,2.6645352591003757e-15,584.2456522862706,6.050286,540.804754,0.0,546.85504
2026-07-16_ttft_component_regression/phase1/input8000_rate2p5_reuse50_seed1,213,0.8563794791945961,26.860766198403862,27.71714567759846,564.4709007289158,423.9400663798767,1016.128112786391,11.74496962011838,549.07599,423.9400663798817,984.761026
2026-07-16_ttft_component_regression/phase1/input8000_rate2p5_reuse50_seed1,227,1887.504976428147,26.905269875441768,1914.4102463035888,564.4709007289158,2.6645352591003757e-15,2478.8811470325045,1152.597829,553.120281,0.0,1705.71811
2026-07-16_ttft_component_regression/phase1/input8000_rate2p5_reuse50_seed1,232,2141.0802454343857,28.323827843840544,2169.4040732782264,564.4709007289158,423.9400663798767,3157.8150403870186,1894.2123496201184,550.077471,423.9400663798817,2868.229887
2026-07-16_ttft_component_regression/phase1/input8000_rate2p5_reuse50_seed1,234,1781.0789504887075,28.331844678134868,1809.4107951668423,564.4709007289158,423.9400663798767,2797.8217622756347,4306.632805620118,549.341328,423.9400663798817,5279.9142
2026-07-16_ttft_component_regression/phase1/input8000_rate2p5_reuse50_seed1,255,1493.719105086891,27.02038003083819,1520.7394851177291,564.4709007289158,2.6645352591003757e-15,2085.210385846645,952.390973,547.753397,0.0,1500.14437
2026-07-16_ttft_component_regression/phase1/input8000_rate2p5_reuse50_seed1,237,825.6303010560928,28.431312197385406,854.0616132534782,564.4709007289158,2.6645352591003757e-15,1418.532513982394,516.582313,552.415179,0.0,1068.997492
2026-07-16_ttft_component_regression/phase1/input8000_rate2p5_reuse50_seed1,274,0.0,20.23437479885113,20.23437479885113,564.4709007289158,2.6645352591003757e-15,584.705275527767,7.911104,545.982387,0.0,553.893491
2026-07-16_ttft_component_regression/phase1/input8000_rate2p5_reuse50_seed1,264,450.70032526387195,27.02038003083819,477.7207052947101,564.4709007289158,2.6645352591003757e-15,1042.1916060236258,409.065068,549.280598,0.0,958.345666
2026-07-16_ttft_component_regression/phase1/input8000_rate2p5_reuse50_seed1,289,0.9349618344293706,27.01499134480051,27.94995317922988,564.4709007289158,423.9400663798767,1016.3609202880224,9.00968962011838,544.615201,423.9400663798817,977.564957
2026-07-16_ttft_component_regression/phase1/input8000_rate2p5_reuse50_seed1,295,0.0,18.74422279458249,18.74422279458249,564.4709007289158,2.6645352591003757e-15,583.2151235234983,6.964801,542.72811,0.0,549.692911
2026-07-16_ttft_component_regression/phase1/input8000_rate2p5_reuse50_seed1,1,0.015202160477332784,0.7074002822876715,0.7226024427650043,564.4709007289158,2.6645352591003757e-15,565.1935031716808,1.557371,503.866806,0.0,505.424177
2026-07-16_ttft_component_regression/phase1/input8000_rate2p5_reuse50_seed1,11,0.0,8.412145535807447,8.412145535807447,564.4709007289158,2.6645352591003757e-15,572.8830462647232,2.085315,516.854079,0.0,518.939394
2026-07-16_ttft_component_regression/phase1/input8000_rate2p5_reuse50_seed1,30,0.0,8.40820244043451,8.40820244043451,564.4709007289158,2.6645352591003757e-15,572.8791031693503,4.141175,557.986653,0.0,562.127828
2026-07-16_ttft_component_regression/phase1/input8000_rate2p5_reuse50_seed1,31,0.0,14.035345036769998,14.035345036769998,564.4709007289158,2.6645352591003757e-15,578.5062457656858,25.420235,817.554365,0.0,842.9746
2026-07-16_ttft_component_regression/phase1/input8000_rate2p5_reuse50_seed1,48,0.0,14.037116117493985,14.037116117493985,564.4709007289158,2.6645352591003757e-15,578.5080168464098,8.579425,523.342296,0.0,531.921721
2026-07-16_ttft_component_regression/phase1/input8000_rate2p5_reuse50_seed1,59,0.0,21.343997172409413,21.343997172409413,564.4709007289158,2.6645352591003757e-15,585.8148979013253,89.420754,834.552929,0.0,923.973683
2026-07-16_ttft_component_regression/phase1/input8000_rate2p5_reuse50_seed1,56,0.022925482546662296,17.564030708490137,17.586956191036798,564.4709007289158,2.6645352591003757e-15,582.0578569199527,4.680138,527.688553,0.0,532.368691
2026-07-16_ttft_component_regression/phase1/input8000_rate2p5_reuse50_seed1,58,0.027673382160422703,19.926624889369698,19.95429827153012,564.4709007289158,2.6645352591003757e-15,584.4251990004459,15.079892,567.042153,0.0,582.122045
2026-07-16_ttft_component_regression/phase1/input8000_rate2p5_reuse50_seed1,83,0.027901171314772273,18.341545500875892,18.369446672190666,564.4709007289158,2.6645352591003757e-15,582.8403474011064,18.211838,539.810091,0.0,558.021929
2026-07-16_ttft_component_regression/phase1/input8000_rate2p5_reuse50_seed1,97,0.02845366975171425,19.884015620062222,19.912469289813934,564.4709007289158,2.6645352591003757e-15,584.3833700187297,14.964076,538.271873,0.0,553.235949
2026-07-16_ttft_component_regression/phase1/input8000_rate2p5_reuse50_seed1,86,0.026889374835019044,18.394768223353623,18.42165759818864,564.4709007289158,2.6645352591003757e-15,582.8925583271044,18.722612,538.563417,0.0,557.286029
2026-07-16_ttft_component_regression/phase1/input8000_rate2p5_reuse50_seed1,107,0.0292135909477459,19.84101887202519,19.870232462972936,564.4709007289158,2.6645352591003757e-15,584.3411331918887,15.787982,538.505367,0.0,554.293349
2026-07-16_ttft_component_regression/phase1/input8000_rate2p5_reuse50_seed1,149,0.0,7.738867404769593,7.738867404769593,564.4709007289158,2.6645352591003757e-15,572.2097681336854,17.398512,526.013215,0.0,543.411727
2026-07-16_ttft_component_regression/phase1/input8000_rate2p5_reuse50_seed1,145,0.013988533693229565,0.589884491662218,0.6038730253554476,564.4709007289158,2.6645352591003757e-15,565.0747737542713,0.013778,509.173936,0.0,509.187714
2026-07-16_ttft_component_regression/phase1/input8000_rate2p5_reuse50_seed1,154,0.0,12.950427999332117,12.950427999332117,564.4709007289158,2.6645352591003757e-15,577.4213287282479,5.066287,530.781508,0.0,535.847795
2026-07-16_ttft_component_regression/phase1/input8000_rate2p5_reuse50_seed1,170,0.02515712851176113,15.159471564443578,15.18462869295534,564.4709007289158,2.6645352591003757e-15,579.6555294218712,2.49725,535.457162,0.0,537.954412
2026-07-16_ttft_component_regression/phase1/input8000_rate2p5_reuse50_seed1,175,0.03481917229931728,17.22424268331173,17.259061855611048,564.4709007289158,2.6645352591003757e-15,581.7299625845269,16.322322,536.209168,0.0,552.53149
2026-07-16_ttft_component_regression/phase1/input8000_rate2p5_reuse50_seed1,186,0.0,18.595655020873803,18.595655020873803,564.4709007289158,2.6645352591003757e-15,583.0665557497896,19.11764,541.278123,0.0,560.395763
2026-07-16_ttft_component_regression/phase1/input8000_rate2p5_reuse50_seed1,198,0.10843840649259803,18.31604659874964,18.42448500524224,564.4709007289158,2.6645352591003757e-15,582.895385734158,1.795356,536.461932,0.0,538.257288
2026-07-16_ttft_component_regression/phase1/input8000_rate2p5_reuse50_seed1,208,0.0,20.319874577711943,20.319874577711943,564.4709007289158,2.6645352591003757e-15,584.7907753066278,11.387563,545.492069,0.0,556.879632
2026-07-16_ttft_component_regression/phase1/input8000_rate2p5_reuse50_seed1,199,0.0,18.640280459866503,18.640280459866503,564.4709007289158,2.6645352591003757e-15,583.1111811887823,3.326242,539.647797,0.0,542.974039
2026-07-16_ttft_component_regression/phase1/input8000_rate2p5_reuse50_seed1,242,0.0,21.419339891711758,21.419339891711758,564.4709007289158,2.6645352591003757e-15,585.8902406206275,92.604835,854.954165,0.0,947.559
2026-07-16_ttft_component_regression/phase1/input8000_rate2p5_reuse50_seed1,240,0.0,19.66716872067438,19.66716872067438,564.4709007289158,2.6645352591003757e-15,584.1380694495901,2.186419,579.904278,0.0,582.090697
2026-07-16_ttft_component_regression/phase1/input8000_rate2p5_reuse50_seed1,228,0.03180975090893134,17.37595119166536,17.407760942574292,564.4709007289158,2.6645352591003757e-15,581.8786616714901,0.315235,540.03882,0.0,540.354055
2026-07-16_ttft_component_regression/phase1/input8000_rate2p5_reuse50_seed1,266,0.9131847026934382,26.97540764603683,27.88859234873027,564.4709007289158,423.9400663798767,1016.2995594575228,25.420138620118376,540.472122,423.9400663798817,989.832327
2026-07-16_ttft_component_regression/phase1/input8000_rate2p5_reuse50_seed1,252,0.9993706932677238,27.227288954991195,28.22665964825892,564.4709007289158,423.9400663798767,1016.6376267570514,11.926545620118379,543.039772,423.9400663798817,978.906384
2026-07-16_ttft_component_regression/phase1/input8000_rate2p5_reuse50_seed1,263,0.05807406632460372,17.452467651195573,17.510541717520177,564.4709007289158,2.6645352591003757e-15,581.981442446436,15.851064,537.634567,0.0,553.485631
2026-07-16_ttft_component_regression/phase1/input8000_rate2p5_reuse50_seed1,284,0.033356159011722515,17.300779394743884,17.33413555375561,564.4709007289158,2.6645352591003757e-15,581.8050362826714,16.531066,539.346837,0.0,555.877903
2026-07-16_ttft_component_regression/phase1/input8000_rate2p5_reuse50_seed2,14,0.0,8.058357631036833,8.058357631036833,566.062928618226,0.0,574.1212862492629,6.397225,516.760831,0.0,523.158056
2026-07-16_ttft_component_regression/phase1/input8000_rate2p5_reuse50_seed2,22,0.0,13.238987853746227,13.238987853746227,566.062928618226,0.0,579.3019164719723,13.194792,523.075416,0.0,536.270208
2026-07-16_ttft_component_regression/phase1/input8000_rate2p5_reuse50_seed2,8,0.01685600667019855,0.7045411394885359,0.7213971461587345,566.062928618226,0.0,566.7843257643848,0.000906,503.866806,0.0,503.867712
2026-07-16_ttft_component_regression/phase1/input8000_rate2p5_reuse50_seed2,57,0.0240997218996273,0.5156788072127793,0.5397785291124065,566.062928618226,0.0,566.6027071473384,0.004413,503.866806,0.0,503.871219
2026-07-16_ttft_component_regression/phase1/input8000_rate2p5_reuse50_seed2,76,0.027522924762168215,7.2628649981281,7.290387922890268,566.062928618226,0.0,573.3533165411163,2.732855,517.508255,0.0,520.24111
2026-07-16_ttft_component_regression/phase1/input8000_rate2p5_reuse50_seed2,83,0.0,11.977748895099127,11.977748895099127,566.062928618226,0.0,578.0406775133251,16.888911,523.163064,0.0,540.051975
2026-07-16_ttft_component_regression/phase1/input8000_rate2p5_reuse50_seed2,111,0.0,7.511888427891906,7.511888427891906,566.062928618226,0.0,573.5748170461179,220.627345,803.03088,0.0,1023.658225
2026-07-16_ttft_component_regression/phase1/input8000_rate2p5_reuse50_seed2,110,0.014725076651782522,0.5732864456755675,0.5880115223273501,566.062928618226,0.0,566.6509401405534,0.010288,542.367394,0.0,542.377682
2026-07-16_ttft_component_regression/phase1/input8000_rate2p5_reuse50_seed2,133,0.0,12.35406558953785,12.35406558953785,566.062928618226,0.0,578.4169942077639,5.194084,533.509074,0.0,538.703158
2026-07-16_ttft_component_regression/phase1/input8000_rate2p5_reuse50_seed2,142,0.02947325957909397,14.696460894671057,14.725934154250151,566.062928618226,0.0,580.7888627724761,15.36966,536.62138,0.0,551.99104
2026-07-16_ttft_component_regression/phase1/input8000_rate2p5_reuse50_seed2,145,0.036711190840614236,16.643071359349584,16.679782550190197,566.062928618226,0.0,582.7427111684162,19.798805,537.411377,0.0,557.210182
2026-07-16_ttft_component_regression/phase1/input8000_rate2p5_reuse50_seed2,170,0.035145530746711874,16.70724811501441,16.74239364576112,566.062928618226,0.0,582.8053222639871,17.824444,535.199723,0.0,553.024167
2026-07-16_ttft_component_regression/phase1/input8000_rate2p5_reuse50_seed2,167,0.03195932429963687,14.88150336776217,14.913462692061806,566.062928618226,0.0,580.9763913102878,17.196624,534.271341,0.0,551.467965
2026-07-16_ttft_component_regression/phase1/input8000_rate2p5_reuse50_seed2,201,0.01530405507078254,0.5879178475638128,0.6032219026345954,566.062928618226,0.0,566.6661505208606,0.007356,510.127186,0.0,510.134542
2026-07-16_ttft_component_regression/phase1/input8000_rate2p5_reuse50_seed2,211,0.0,7.504886289596548,7.504886289596548,566.062928618226,0.0,573.5678149078226,2.508744,521.238493,0.0,523.747237
2026-07-16_ttft_component_regression/phase1/input8000_rate2p5_reuse50_seed2,225,0.021581084440533606,15.482341243169392,15.503922327609926,566.062928618226,0.0,581.5668509458359,16.430043,535.747148,0.0,552.177191
2026-07-16_ttft_component_regression/phase1/input8000_rate2p5_reuse50_seed2,215,0.0,12.388502254565768,12.388502254565768,566.062928618226,0.0,578.4514308727918,7.672757,531.644493,0.0,539.31725
2026-07-16_ttft_component_regression/phase1/input8000_rate2p5_reuse50_seed2,228,0.027614775954429783,17.42737709622688,17.45499187218131,566.062928618226,0.0,583.5179204904073,9.296938,570.831422,0.0,580.12836
2026-07-16_ttft_component_regression/phase1/input8000_rate2p5_reuse50_seed2,229,0.0,18.351766894165554,18.351766894165554,566.062928618226,0.0,584.4146955123915,167.235348,841.858711,0.0,1009.094059
2026-07-16_ttft_component_regression/phase1/input8000_rate2p5_reuse50_seed2,246,0.1967997706802577,22.62716576826375,22.82396553894401,566.062928618226,0.0,588.88689415717,11.607835,547.346911,0.0,558.954746
2026-07-16_ttft_component_regression/phase1/input8000_rate2p5_reuse50_seed2,238,0.0,19.768924053992443,19.768924053992443,566.062928618226,0.0,585.8318526722185,24.432211,542.985305,0.0,567.417516
2026-07-16_ttft_component_regression/phase1/input8000_rate2p5_reuse50_seed2,249,3361.437103354431,26.501993591932585,3387.939096946364,566.062928618226,0.0,3954.00202556459,2058.970829,546.085726,0.0,2605.056555
2026-07-16_ttft_component_regression/phase1/input8000_rate2p5_reuse50_seed2,275,4431.9536135930975,26.521461111738596,4458.4750747048365,566.062928618226,0.0,5024.538003323062,2823.498903,554.34201,0.0,3377.840913
2026-07-16_ttft_component_regression/phase1/input8000_rate2p5_reuse50_seed2,259,6457.812604515083,26.52530995918907,6484.337914474272,566.062928618226,0.0,7050.400843092498,3941.4142260000003,550.050595,0.0,4491.464821
2026-07-16_ttft_component_regression/phase1/input8000_rate2p5_reuse50_seed2,5,0.0,8.061687839261246,8.061687839261246,566.062928618226,0.0,574.1246164574873,8.402975,516.758943,0.0,525.161918
2026-07-16_ttft_component_regression/phase1/input8000_rate2p5_reuse50_seed2,1,0.01676482597545372,0.701975962176911,0.7187407881523648,566.062928618226,0.0,566.7816694063783,0.25251,503.866806,0.0,504.119316
2026-07-16_ttft_component_regression/phase1/input8000_rate2p5_reuse50_seed2,13,0.0,13.24225510849355,13.24225510849355,566.062928618226,0.0,579.3051837267195,0.456161,523.067832,0.0,523.523993
2026-07-16_ttft_component_regression/phase1/input8000_rate2p5_reuse50_seed2,40,0.0,8.070077763678748,8.070077763678748,566.062928618226,0.0,574.1330063819048,13.221657,518.188703,0.0,531.41036
2026-07-16_ttft_component_regression/phase1/input8000_rate2p5_reuse50_seed2,52,0.030103280658454322,14.742378034644137,14.772481315302592,566.062928618226,0.0,580.8354099335286,8.47986,527.011113,0.0,535.490973
2026-07-16_ttft_component_regression/phase1/input8000_rate2p5_reuse50_seed2,48,0.0,11.815356293268254,11.815356293268254,566.062928618226,0.0,577.8782849114942,16.790027,522.89772,0.0,539.687747
2026-07-16_ttft_component_regression/phase1/input8000_rate2p5_reuse50_seed2,46,0.0033551949778476264,7.140896332937285,7.144251527915133,566.062928618226,0.0,573.2071801461411,4.468718,516.769247,0.0,521.237965
2026-07-16_ttft_component_regression/phase1/input8000_rate2p5_reuse50_seed2,87,0.0,17.800632477735842,17.800632477735842,566.062928618226,0.0,583.8635610959618,22.324532,542.478254,0.0,564.802786
2026-07-16_ttft_component_regression/phase1/input8000_rate2p5_reuse50_seed2,78,0.0,17.798110434682286,17.798110434682286,566.062928618226,0.0,583.8610390529083,21.889422,542.401231,0.0,564.290653
2026-07-16_ttft_component_regression/phase1/input8000_rate2p5_reuse50_seed2,73,0.0359385517567054,16.675360293783655,16.71129884554036,566.062928618226,0.0,582.7742274637664,0.866906,531.204525,0.0,532.071431
2026-07-16_ttft_component_regression/phase1/input8000_rate2p5_reuse50_seed2,99,0.060060496618005804,16.940126650938552,17.00018714755656,566.062928618226,0.0,583.0631157657825,9.864837,539.163054,0.0,549.027891
2026-07-16_ttft_component_regression/phase1/input8000_rate2p5_reuse50_seed2,104,0.06137849592636752,16.885538404385507,16.946916900311873,566.062928618226,0.0,583.0098455185379,4.76376,537.659115,0.0,542.422875
2026-07-16_ttft_component_regression/phase1/input8000_rate2p5_reuse50_seed2,126,0.0,12.35406558953785,12.35406558953785,566.062928618226,0.0,578.4169942077639,0.877306,528.158544,0.0,529.03585
2026-07-16_ttft_component_regression/phase1/input8000_rate2p5_reuse50_seed2,147,0.0,18.355682139232194,18.355682139232194,566.062928618226,0.0,584.4186107574582,238.619244,539.218775,0.0,777.838019
2026-07-16_ttft_component_regression/phase1/input8000_rate2p5_reuse50_seed2,158,0.0,18.34782720301197,18.34782720301197,566.062928618226,0.0,584.410755821238,15.358173,538.513739,0.0,553.871912
2026-07-16_ttft_component_regression/phase1/input8000_rate2p5_reuse50_seed2,138,0.0,11.807361786610896,11.807361786610896,566.062928618226,0.0,577.8702904048369,15.038302,526.619694,0.0,541.657996
2026-07-16_ttft_component_regression/phase1/input8000_rate2p5_reuse50_seed2,139,0.03103788895127457,14.81168795367178,14.842725842623055,566.062928618226,0.0,580.9056544608491,1.694898,535.373013,0.0,537.067911
2026-07-16_ttft_component_regression/phase1/input8000_rate2p5_reuse50_seed2,144,0.03474150304920018,16.723042136088143,16.757783639137344,566.062928618226,0.0,582.8207122573633,11.14895,535.752759,0.0,546.901709
2026-07-16_ttft_component_regression/phase1/input8000_rate2p5_reuse50_seed2,160,0.0,19.756663127350016,19.756663127350016,566.062928618226,0.0,585.8195917455761,273.078974,548.466697,0.0,821.545671
2026-07-16_ttft_component_regression/phase1/input8000_rate2p5_reuse50_seed2,175,0.18895897111215626,23.699281261936697,23.888240233048855,566.062928618226,0.0,589.9511688512748,7.181978,547.731579,0.0,554.913557
2026-07-16_ttft_component_regression/phase1/input8000_rate2p5_reuse50_seed2,164,0.18984867516818069,23.706549556124678,23.89639823129286,566.062928618226,0.0,589.9593268495189,7.266502,551.57918,0.0,558.845682
2026-07-16_ttft_component_regression/phase1/input8000_rate2p5_reuse50_seed2,180,6663.221981474771,26.096857234732823,6689.318838709504,566.062928618226,0.0,7255.38176732773,4972.290368,554.384826,0.0,5526.675194
2026-07-16_ttft_component_regression/phase1/input8000_rate2p5_reuse50_seed2,195,0.18895897111215626,23.699281261936697,23.888240233048855,566.062928618226,0.0,589.9511688512748,24.564998,555.27042,0.0,579.835418
2026-07-16_ttft_component_regression/phase1/input8000_rate2p5_reuse50_seed2,207,0.020126121770043155,15.37034547164556,15.390471593415603,566.062928618226,0.0,581.4534002116416,6.782084,532.109491,0.0,538.891575
2026-07-16_ttft_component_regression/phase1/input8000_rate2p5_reuse50_seed2,214,0.02943841459909905,17.341222351895528,17.370660766494627,566.062928618226,0.0,583.4335893847207,6.206414,840.308906,0.0,846.51532
2026-07-16_ttft_component_regression/phase1/input8000_rate2p5_reuse50_seed2,231,0.029202926983025096,17.352862472802038,17.382065399785063,566.062928618226,0.0,583.4449940180111,13.759865,534.286238,0.0,548.046103
2026-07-16_ttft_component_regression/phase1/input8000_rate2p5_reuse50_seed2,212,0.02023100960935838,15.378300695219217,15.398531704828574,566.062928618226,0.0,581.4614603230546,6.933091,572.471787,0.0,579.404878
2026-07-16_ttft_component_regression/phase1/input8000_rate2p5_reuse50_seed2,230,0.029202926983025096,17.352862472802038,17.382065399785063,566.062928618226,0.0,583.4449940180111,12.258959,537.318611,0.0,549.57757
2026-07-16_ttft_component_regression/phase1/input8000_rate2p5_reuse50_seed2,273,0.047604336353535184,0.5231977105185942,0.5708020468721294,566.062928618226,0.0,566.6337306650981,0.026868,507.076783,0.0,507.103651
2026-07-16_ttft_component_regression/phase1/input8000_rate2p5_reuse50_seed2,292,0.02828489243077694,7.269449008913298,7.297733901344075,566.062928618226,0.0,573.36066251957,0.704764,526.536453,0.0,527.241217
2026-07-16_ttft_component_regression/phase1/input8000_rate2p5_reuse50_seed2,2,0.016298119632415925,0.6890839823287339,0.7053821019611498,566.062928618226,0.0,566.7683107201872,0.495959,503.866806,0.0,504.362765
2026-07-16_ttft_component_regression/phase1/input8000_rate2p5_reuse50_seed2,10,0.0,8.053765866413372,8.053765866413372,566.062928618226,0.0,574.1166944846394,6.102986,516.848511,0.0,522.951497
2026-07-16_ttft_component_regression/phase1/input8000_rate2p5_reuse50_seed2,26,0.0,13.274733594399223,13.274733594399223,566.062928618226,0.0,579.3376622126252,14.642028,523.8902,0.0,538.532228
2026-07-16_ttft_component_regression/phase1/input8000_rate2p5_reuse50_seed2,38,0.0,13.265160231029387,13.265160231029387,566.062928618226,0.0,579.3280888492554,15.723403,523.995576,0.0,539.718979
2026-07-16_ttft_component_regression/phase1/input8000_rate2p5_reuse50_seed2,45,0.03031207145880157,14.757735654017472,14.788047725476273,566.062928618226,0.0,580.8509763437023,8.521942,528.014089,0.0,536.536031
2026-07-16_ttft_component_regression/phase1/input8000_rate2p5_reuse50_seed2,84,0.0488851764852396,0.5539079791399033,0.6027931556251429,566.062928618226,0.0,566.6657217738511,0.019995,503.866806,0.0,503.886801
2026-07-16_ttft_component_regression/phase1/input8000_rate2p5_reuse50_seed2,92,0.025997617795196565,7.248220383801254,7.27421800159645,566.062928618226,0.0,573.3371466198224,0.338716,516.930783,0.0,517.269499
2026-07-16_ttft_component_regression/phase1/input8000_rate2p5_reuse50_seed2,95,0.0,11.82718893395824,11.82718893395824,566.062928618226,0.0,577.8901175521843,7.096559,522.987128,0.0,530.083687
2026-07-16_ttft_component_regression/phase1/input8000_rate2p5_reuse50_seed2,114,0.02168386489676468,15.490391392933494,15.51207525783026,566.062928618226,0.0,581.5750038760563,1.542232,538.491443,0.0,540.033675
2026-07-16_ttft_component_regression/phase1/input8000_rate2p5_reuse50_seed2,132,0.020021091009195822,15.362397212764192,15.382418303773388,566.062928618226,0.0,581.4453469219994,193.804665,532.688908,0.0,726.493573
2026-07-16_ttft_component_regression/phase1/input8000_rate2p5_reuse50_seed2,131,0.0,12.370309262233794,12.370309262233794,566.062928618226,0.0,578.4332378804598,48.137959,531.632556,0.0,579.770515
2026-07-16_ttft_component_regression/phase1/input8000_rate2p5_reuse50_seed2,136,0.038668851282089044,16.554994246241797,16.593663097523887,566.062928618226,0.0,582.6565917157499,8.029167,533.568046,0.0,541.597213
2026-07-16_ttft_component_regression/phase1/input8000_rate2p5_reuse50_seed2,130,0.0,7.504886289596548,7.504886289596548,566.062928618226,0.0,573.5678149078226,17.361346,521.882414,0.0,539.24376
2026-07-16_ttft_component_regression/phase1/input8000_rate2p5_reuse50_seed2,154,0.0,18.33045953962777,18.33045953962777,566.062928618226,0.0,584.3933881578538,10.076774,541.610395,0.0,551.687169
2026-07-16_ttft_component_regression/phase1/input8000_rate2p5_reuse50_seed2,177,0.0,17.52686258261813,17.52686258261813,566.062928618226,0.0,583.5897912008442,21.346431,544.238601,0.0,565.585032
2026-07-16_ttft_component_regression/phase1/input8000_rate2p5_reuse50_seed2,174,0.025929906843703006,17.499917054509204,17.525846961352908,566.062928618226,0.0,583.588775579579,17.149692,540.895923,0.0,558.045615
2026-07-16_ttft_component_regression/phase1/input8000_rate2p5_reuse50_seed2,221,0.015583776645500475,0.5951786604308467,0.6107624370763471,566.062928618226,0.0,566.6736910553024,0.021967,509.173936,0.0,509.195903
2026-07-16_ttft_component_regression/phase1/input8000_rate2p5_reuse50_seed2,257,0.02577973205310059,7.245974966180181,7.2717546982332815,566.062928618226,0.0,573.3346833164593,12.352216,523.817007,0.0,536.169223
2026-07-16_ttft_component_regression/phase1/input8000_rate2p5_reuse50_seed2,278,0.00022472596755752434,12.004524087554225,12.004748813521783,566.062928618226,0.0,578.0676774317478,17.365237,532.69605,0.0,550.061287
2026-07-16_ttft_component_regression/phase1/input8000_rate2p5_reuse50_seed2,289,0.06072681160561541,16.91297409582675,16.973700907432367,566.062928618226,0.0,583.0366295256583,16.05209,535.845904,0.0,551.897994
2026-07-16_ttft_component_regression/phase1/input8000_rate2p5_reuse50_seed2,282,0.055733597557382226,15.070264728021444,15.125998325578825,566.062928618226,0.0,581.1889269438049,20.513505,534.709233,0.0,555.222738
2026-07-16_ttft_component_regression/phase1/input8000_rate2p5_reuse50_seed2,276,0.02556188223295992,7.243692662297514,7.269254544530474,566.062928618226,0.0,573.3321831627565,13.291336,523.326989,0.0,536.618325
2026-07-16_ttft_component_regression/phase1/input8000_rate2p5_reuse50_seed2,6,0.016672926590947535,0.6994063517012498,0.7160792782921973,566.062928618226,0.0,566.7790078965182,0.027875,503.866806,0.0,503.894681
2026-07-16_ttft_component_regression/phase1/input8000_rate2p5_reuse50_seed2,15,0.0,8.054929840100769,8.054929840100769,566.062928618226,0.0,574.1178584583267,12.727315,516.842015,0.0,529.56933
2026-07-16_ttft_component_regression/phase1/input8000_rate2p5_reuse50_seed2,23,0.0,13.245591095146231,13.245591095146231,566.062928618226,0.0,579.3085197133722,6.726014,523.293176,0.0,530.01919
2026-07-16_ttft_component_regression/phase1/input8000_rate2p5_reuse50_seed2,34,0.02909245960731063,18.613275246096467,18.642367705703776,566.062928618226,0.0,584.7052963239298,21.853227,567.291849,0.0,589.145076
2026-07-16_ttft_component_regression/phase1/input8000_rate2p5_reuse50_seed2,35,0.0,19.593496225729854,19.593496225729854,566.062928618226,0.0,585.6564248439558,241.801004,834.931937,0.0,1076.732941
2026-07-16_ttft_component_regression/phase1/input8000_rate2p5_reuse50_seed2,42,0.0,19.677786484210383,19.677786484210383,566.062928618226,0.0,585.7407151024364,6.451357,541.660582,0.0,548.111939
2026-07-16_ttft_component_regression/phase1/input8000_rate2p5_reuse50_seed2,29,0.022882289170468317,16.57644347450907,16.599325763679538,566.062928618226,0.0,582.6622543819055,16.077506,527.555241,0.0,543.632747
2026-07-16_ttft_component_regression/phase1/input8000_rate2p5_reuse50_seed2,54,9033.52609885477,26.002660235725774,9059.528759090497,566.062928618226,0.0,9625.591687708724,4457.463748,545.768172,0.0,5003.23192
2026-07-16_ttft_component_regression/phase1/input8000_rate2p5_reuse50_seed2,44,0.16719262026296863,23.51829750123119,23.68549012149416,566.062928618226,0.0,589.7484187397201,9.093462,545.520746,0.0,554.614208
2026-07-16_ttft_component_regression/phase1/input8000_rate2p5_reuse50_seed2,51,9691.967650906261,26.01536443902674,9717.983015345288,566.062928618226,0.0,10284.045943963514,2737.2017690000002,546.251644,0.0,3283.453413
2026-07-16_ttft_component_regression/phase1/input8000_rate2p5_reuse50_seed2,47,7826.369863202551,26.05273209167507,7852.422595294226,566.062928618226,0.0,8418.485523912452,1246.830753,546.778287,0.0,1793.60904
2026-07-16_ttft_component_regression/phase1/input8000_rate2p5_reuse50_seed2,56,9247.334200900636,26.006908639806877,9273.341109540443,566.062928618226,0.0,9839.40403815867,9257.986481,551.406916,0.0,9809.393397
2026-07-16_ttft_component_regression/phase1/input8000_rate2p5_reuse50_seed2,63,9042.519950785214,26.056814332118325,9068.576765117332,566.062928618226,0.0,9634.639693735558,8306.175791,550.344765,0.0,8856.520556
2026-07-16_ttft_component_regression/phase1/input8000_rate2p5_reuse50_seed2,98,0.20038117961864865,22.654989778836608,22.855370958455257,566.062928618226,0.0,588.9182995766813,17.035381,549.989855,0.0,567.025236
2026-07-16_ttft_component_regression/phase1/input8000_rate2p5_reuse50_seed2,94,0.0,18.887915083674837,18.887915083674837,566.062928618226,0.0,584.9508437019008,21.601104,546.688546,0.0,568.28965
2026-07-16_ttft_component_regression/phase1/input8000_rate2p5_reuse50_seed2,117,0.0,19.781338358036194,19.781338358036194,566.062928618226,0.0,585.8442669762622,4.65871,546.128588,0.0,550.787298
2026-07-16_ttft_component_regression/phase1/input8000_rate2p5_reuse50_seed2,125,0.0,19.775111928808297,19.775111928808297,566.062928618226,0.0,585.8380405470343,1.826074,545.740055,0.0,547.566129
2026-07-16_ttft_component_regression/phase1/input8000_rate2p5_reuse50_seed2,105,1413.0124604190773,26.54432900855918,1439.5567894276364,566.062928618226,0.0,2005.6197180458626,857.510674,552.266159,0.0,1409.776833
2026-07-16_ttft_component_regression/phase1/input8000_rate2p5_reuse50_seed2,113,0.0,19.826020630539354,19.826020630539354,566.062928618226,0.0,585.8889492487654,7.585692,547.397198,0.0,554.98289
2026-07-16_ttft_component_regression/phase1/input8000_rate2p5_reuse50_seed2,135,0.18277222358872178,23.648461416489678,23.8312336400784,566.062928618226,0.0,589.8941622583044,0.04133,550.813905,0.0,550.855235
2026-07-16_ttft_component_regression/phase1/input8000_rate2p5_reuse50_seed2,182,0.003674503187023683,7.143889246335757,7.147563749522781,566.062928618226,0.0,573.2104923677488,14.250117,526.382195,0.0,540.632312
2026-07-16_ttft_component_regression/phase1/input8000_rate2p5_reuse50_seed2,178,0.024291495828406354,0.5203329128750255,0.5446244087034319,566.062928618226,0.0,566.6075530269294,0.014149,510.826237,0.0,510.840386
2026-07-16_ttft_component_regression/phase1/input8000_rate2p5_reuse50_seed2,198,0.0378310514550282,16.59388229880504,16.631713350260068,566.062928618226,0.0,582.694641968486,11.674056,535.730487,0.0,547.404543
2026-07-16_ttft_component_regression/phase1/input8000_rate2p5_reuse50_seed2,193,0.021064845557844315,15.442190281230081,15.463255126787926,566.062928618226,0.0,581.5261837450139,15.866334,534.424483,0.0,550.290817
2026-07-16_ttft_component_regression/phase1/input8000_rate2p5_reuse50_seed2,188,0.0,11.810513668761187,11.810513668761187,566.062928618226,0.0,577.8734422869871,10.668868,531.642991,0.0,542.311859
2026-07-16_ttft_component_regression/phase1/input8000_rate2p5_reuse50_seed2,217,0.020961137575043247,15.43418022068158,15.455141358256622,566.062928618226,0.0,581.5180699764826,7.05377,538.288341,0.0,545.342111
2026-07-16_ttft_component_regression/phase1/input8000_rate2p5_reuse50_seed2,226,0.0,18.346508446685522,18.346508446685522,566.062928618226,0.0,584.4094370649116,12.203787,846.690666,0.0,858.894453
2026-07-16_ttft_component_regression/phase1/input8000_rate2p5_reuse50_seed2,224,0.027106467336139747,17.44990660332889,17.47701307066503,566.062928618226,0.0,583.5399416888911,18.864255,574.180768,0.0,593.045023
2026-07-16_ttft_component_regression/phase1/input8000_rate2p5_reuse50_seed2,247,0.05499530799579711,15.015359018899188,15.070354326894986,566.062928618226,0.0,581.133282945121,8.978197,534.433157,0.0,543.411354
2026-07-16_ttft_component_regression/phase1/input8000_rate2p5_reuse50_seed2,267,0.23325944239779714,23.03016078687323,23.263420229271027,566.062928618226,0.0,589.326348847497,0.70374,547.206853,0.0,547.910593
2026-07-16_ttft_component_regression/phase1/input8000_rate2p5_reuse50_seed2,254,0.059517071054672986,16.961645492150815,17.02116256320549,566.062928618226,0.0,583.0840911814315,15.109875,536.296972,0.0,551.406847
2026-07-16_ttft_component_regression/phase1/input8000_rate2p5_reuse50_seed2,261,0.0,17.809380623310858,17.809380623310858,566.062928618226,0.0,583.8723092415369,13.618554,540.859732,0.0,554.478286
2026-07-16_ttft_component_regression/phase1/input8000_rate2p5_reuse50_seed2,263,0.0,19.207265124306293,19.207265124306293,566.062928618226,0.0,585.2701937425323,18.544664,544.178686,0.0,562.72335
2026-07-16_ttft_component_regression/phase1/input8000_rate2p5_reuse50_seed2,286,0.0,20.12785303064432,20.12785303064432,566.062928618226,0.0,586.1907816488704,5.596001,548.361081,0.0,553.957082
2026-07-16_ttft_component_regression/phase1/input8000_rate2p5_reuse50_seed2,295,0.0,17.79430797457718,17.79430797457718,566.062928618226,0.0,583.8572365928032,4.033547,543.723375,0.0,547.756922
2026-07-16_ttft_component_regression/phase1/input8000_rate2p5_reuse50_seed2,3,0.01694646980483564,0.7071018635799963,0.7240483333848319,566.062928618226,0.0,566.7869769516109,0.027992,503.866806,0.0,503.894798
2026-07-16_ttft_component_regression/phase1/input8000_rate2p5_reuse50_seed2,7,0.0,8.040278536158821,8.040278536158821,566.062928618226,0.0,574.1032071543848,12.173749,516.792671,0.0,528.96642
2026-07-16_ttft_component_regression/phase1/input8000_rate2p5_reuse50_seed2,25,0.024802767442014602,16.74082236947181,16.765625136913826,566.062928618226,0.0,582.8285537551399,2.759076,527.563113,0.0,530.322189
2026-07-16_ttft_component_regression/phase1/input8000_rate2p5_reuse50_seed2,20,0.0,13.29727137825825,13.29727137825825,566.062928618226,0.0,579.3601999964843,8.873591,523.447736,0.0,532.321327
2026-07-16_ttft_component_regression/phase1/input8000_rate2p5_reuse50_seed2,39,0.0,21.186776076004392,21.186776076004392,566.062928618226,0.0,587.2497046942304,2.78904,541.795686,0.0,544.584726
2026-07-16_ttft_component_regression/phase1/input8000_rate2p5_reuse50_seed2,41,0.1983031551245047,25.382875892629492,25.581179047754,566.062928618226,0.0,591.64410766598,15.565273,545.69137,0.0,561.256643
2026-07-16_ttft_component_regression/phase1/input8000_rate2p5_reuse50_seed2,27,0.024399293029975958,18.8178894272255,18.842288720255475,566.062928618226,0.0,584.9052173384815,213.448325,530.236237,0.0,743.684562
2026-07-16_ttft_component_regression/phase1/input8000_rate2p5_reuse50_seed2,30,0.0,19.660772247029634,19.660772247029634,566.062928618226,0.0,585.7237008652556,12.656731,536.184329,0.0,548.84106
2026-07-16_ttft_component_regression/phase1/input8000_rate2p5_reuse50_seed2,50,7086.692841714508,26.146753233862867,7112.839594948371,566.062928618226,0.0,7678.902523566597,882.597137,548.090905,0.0,1430.688042
2026-07-16_ttft_component_regression/phase1/input8000_rate2p5_reuse50_seed2,53,8898.520080177244,26.13166455747259,8924.651744734718,566.062928618226,0.0,9490.714673352944,3921.186666,548.67326,0.0,4469.859926
2026-07-16_ttft_component_regression/phase1/input8000_rate2p5_reuse50_seed2,55,9866.333663656065,26.096857234732823,9892.430520890797,566.062928618226,0.0,10458.493449509024,8865.263365,554.478422,0.0,9419.741787
2026-07-16_ttft_component_regression/phase1/input8000_rate2p5_reuse50_seed2,91,3515.518585773341,26.466025194584866,3541.9846109679256,566.062928618226,0.0,4108.047539586151,1975.280067,547.058823,0.0,2522.33889
2026-07-16_ttft_component_regression/phase1/input8000_rate2p5_reuse50_seed2,77,8000.542009633905,26.44553552442608,8026.987545158331,566.062928618226,0.0,8593.050473776557,4948.197277,548.477836,0.0,5496.675113
2026-07-16_ttft_component_regression/phase1/input8000_rate2p5_reuse50_seed2,60,9241.43255398484,26.143003264618272,9267.575557249458,566.062928618226,0.0,9833.638485867685,9321.930066,553.139379,0.0,9875.069445
2026-07-16_ttft_component_regression/phase1/input8000_rate2p5_reuse50_seed2,66,8528.298438735997,26.0889628585499,8554.387401594548,566.062928618226,0.0,9120.450330212774,8181.7664669999995,550.628279,0.0,8732.394746
2026-07-16_ttft_component_regression/phase1/input8000_rate2p5_reuse50_seed2,108,7183.346995488597,26.453774452144312,7209.800769940741,566.062928618226,0.0,7775.8636985589665,1649.792241,545.883176,0.0,2195.675417
2026-07-16_ttft_component_regression/phase1/input8000_rate2p5_reuse50_seed2,96,584.2228855408059,26.100782821177557,610.3236683619834,566.062928618226,0.0,1176.3865969802096,390.103698,554.608224,0.0,944.711922
2026-07-16_ttft_component_regression/phase1/input8000_rate2p5_reuse50_seed2,106,0.19147212501760869,22.585490652093622,22.77696277711123,566.062928618226,0.0,588.8398913953372,1.395253,546.749874,0.0,548.145127
2026-07-16_ttft_component_regression/phase1/input8000_rate2p5_reuse50_seed2,112,6317.351036126937,27.321771139570203,6344.672807266507,566.062928618226,0.0,6910.735735884733,5644.637003,551.691482,0.0,6196.328485
2026-07-16_ttft_component_regression/phase1/input8000_rate2p5_reuse50_seed2,118,6565.8802036578045,27.30142191327922,6593.181625571084,566.062928618226,0.0,7159.244554189309,7236.937616,551.631004,0.0,7788.56862
2026-07-16_ttft_component_regression/phase1/input8000_rate2p5_reuse50_seed2,143,4655.079312311075,26.17983030965601,4681.259142620731,566.062928618226,0.0,5247.322071238957,3039.411531,548.944154,0.0,3588.355685
2026-07-16_ttft_component_regression/phase1/input8000_rate2p5_reuse50_seed2,134,5715.186402631054,27.337776562011957,5742.524179193066,566.062928618226,0.0,6308.587107811291,4679.749114,551.88645,0.0,5231.635564
2026-07-16_ttft_component_regression/phase1/input8000_rate2p5_reuse50_seed2,149,6209.654469928732,27.37288587256938,6237.027355801301,566.062928618226,0.0,6803.090284419527,5758.7584369999995,546.709135,0.0,6305.467572
2026-07-16_ttft_component_regression/phase1/input8000_rate2p5_reuse50_seed2,148,6155.930279960896,27.376708905396637,6183.306988866292,566.062928618226,0.0,6749.369917484518,5431.759359000001,549.451538,0.0,5981.210897
2026-07-16_ttft_component_regression/phase1/input8000_rate2p5_reuse50_seed2,116,6673.560019714945,27.32579543218662,6700.885815147131,566.062928618226,0.0,7266.948743765357,7539.952525,554.357114,0.0,8094.309639
2026-07-16_ttft_component_regression/phase1/input8000_rate2p5_reuse50_seed2,152,6628.8621605855415,27.38051620734073,6656.242676792882,566.062928618226,0.0,7222.3056054111075,7265.881057,553.014885,0.0,7818.895942
2026-07-16_ttft_component_regression/phase1/input8000_rate2p5_reuse50_seed2,162,12553.119606288365,27.297306765470456,12580.416913053836,566.062928618226,0.0,13146.479841672062,16062.226547,553.893316,0.0,16616.119863
2026-07-16_ttft_component_regression/phase1/input8000_rate2p5_reuse50_seed2,191,8542.751525324014,26.002660235725774,8568.754185559741,566.062928618226,0.0,9134.817114177968,6265.396817999999,550.829087,0.0,6816.225905
2026-07-16_ttft_component_regression/phase1/input8000_rate2p5_reuse50_seed2,155,10668.899827575835,27.388083476297417,10696.287911052132,566.062928618226,0.0,11262.350839670358,15315.991521,554.703196,0.0,15870.694717
2026-07-16_ttft_component_regression/phase1/input8000_rate2p5_reuse50_seed2,176,10392.192593470594,26.02376533078109,10418.216358801375,566.062928618226,0.0,10984.279287419602,10549.452328,549.395282,0.0,11098.84761
2026-07-16_ttft_component_regression/phase1/input8000_rate2p5_reuse50_seed2,189,10164.996023497113,483.2172133679078,10648.21323686502,566.062928618226,0.0,11214.276165483247,6782.486164,542.927176,0.0,7325.41334
2026-07-16_ttft_component_regression/phase1/input8000_rate2p5_reuse50_seed2,196,7734.99679860684,25.94620371348315,7760.943002320323,566.062928618226,0.0,8327.005930938549,5914.140898,550.105396,0.0,6464.246294
2026-07-16_ttft_component_regression/phase1/input8000_rate2p5_reuse50_seed2,168,12796.286152920116,26.13545889228407,12822.4216118124,566.062928618226,0.0,13388.484540430627,16025.126452999999,552.218287,0.0,16577.34474
2026-07-16_ttft_component_regression/phase1/input8000_rate2p5_reuse50_seed2,185,10220.621528113263,26.064936568879546,10246.686464682141,566.062928618226,0.0,10812.749393300368,7927.908114,547.614143,0.0,8475.522257
2026-07-16_ttft_component_regression/phase1/input8000_rate2p5_reuse50_seed2,223,6684.420193513649,27.18063843835758,6711.600831952006,566.062928618226,0.0,7277.663760570232,10595.163262,549.569295,0.0,11144.732557
2026-07-16_ttft_component_regression/phase1/input8000_rate2p5_reuse50_seed2,202,13018.683865334542,27.289031453253912,13045.972896787796,566.062928618226,0.0,13612.035825406023,13891.312512999999,553.463089,0.0,14444.775602
2026-07-16_ttft_component_regression/phase1/input8000_rate2p5_reuse50_seed2,234,5985.980536328201,27.185146489955198,6013.165682818157,566.062928618226,0.0,6579.228611436382,8079.285475,553.284003,0.0,8632.569478
2026-07-16_ttft_component_regression/phase1/input8000_rate2p5_reuse50_seed2,227,6672.3150714406365,27.207474740237945,6699.522546180874,566.062928618226,0.0,7265.5854747991,9666.914336,546.862352,0.0,10213.776688
2026-07-16_ttft_component_regression/phase1/input8000_rate2p5_reuse50_seed2,204,12939.490833651946,27.259598942013287,12966.750432593959,566.062928618226,0.0,13532.813361212186,16154.006944,553.407621,0.0,16707.414565
2026-07-16_ttft_component_regression/phase1/input8000_rate2p5_reuse50_seed2,206,12922.921043936933,27.25533522950466,12950.176379166438,566.062928618226,0.0,13516.239307784665,15314.457917,552.864283,0.0,15867.3222
2026-07-16_ttft_component_regression/phase1/input8000_rate2p5_reuse50_seed2,251,6148.893059724481,26.428886682201618,6175.321946406682,566.062928618226,0.0,6741.384875024908,9230.582317,545.075797,0.0,9775.658114
2026-07-16_ttft_component_regression/phase1/input8000_rate2p5_reuse50_seed2,236,6043.72520379917,27.24676386149741,6070.971967660667,566.062928618226,0.0,6637.034896278893,9991.652700999999,553.092611,0.0,10544.745312
2026-07-16_ttft_component_regression/phase1/input8000_rate2p5_reuse50_seed2,260,6258.379017929587,26.470079929925387,6284.849097859512,566.062928618226,0.0,6850.9120264777375,18607.862593,550.897424,0.0,19158.760017
2026-07-16_ttft_component_regression/phase1/input8000_rate2p5_reuse50_seed2,253,6233.713235990838,26.453774452144312,6260.167010442982,566.062928618226,0.0,6826.229939061208,18616.911537,555.121078,0.0,19172.032615
2026-07-16_ttft_component_regression/phase1/input8000_rate2p5_reuse50_seed2,255,6334.2766185571645,492.37354662354625,6826.650165180711,566.062928618226,0.0,7392.713093798937,19464.963648,553.920546,0.0,20018.884194
2026-07-16_ttft_component_regression/phase1/input8000_rate2p5_reuse50_seed2,277,8632.426941266724,26.466025194584866,8658.892966461308,566.062928618226,0.0,9224.955895079534,16554.076907000002,580.744233,0.0,17134.82114
2026-07-16_ttft_component_regression/phase1/input8000_rate2p5_reuse50_seed2,287,10548.952026736011,27.78220741282518,10576.734234148837,566.062928618226,0.0,11142.797162767063,15175.487999,552.4949,0.0,15727.982899
2026-07-16_ttft_component_regression/phase1/input8000_rate2p5_reuse50_seed2,268,6496.4017505759,27.86030906983013,6524.26205964573,566.062928618226,0.0,7090.324988263956,17355.391980999997,549.948741,0.0,17905.340722
2026-07-16_ttft_component_regression/phase1/input8000_rate2p5_reuse50_seed2,283,8783.748922828463,26.517597332574923,8810.266520161038,566.062928618226,0.0,9376.329448779265,15403.529502,852.354812,0.0,16255.884314
2026-07-16_ttft_component_regression/phase1/input8000_rate2p5_reuse50_seed2,18,0.015714157726630082,0.6734708972359265,0.6891850549625566,566.062928618226,0.0,566.7521136731885,0.004642,503.866806,0.0,503.871448
2026-07-16_ttft_component_regression/phase1/input8000_rate2p5_reuse50_seed2,49,0.02370739230996965,0.5063242524859953,0.530031644795965,566.062928618226,0.0,566.592960263022,0.013388,503.866806,0.0,503.880194
2026-07-16_ttft_component_regression/phase1/input8000_rate2p5_reuse50_seed2,72,0.0,11.805808860974368,11.805808860974368,566.062928618226,0.0,577.8687374792004,13.797489,523.39388,0.0,537.191369
2026-07-16_ttft_component_regression/phase1/input8000_rate2p5_reuse50_seed2,65,0.003142292586792686,7.138852236597148,7.141994529183941,566.062928618226,0.0,573.20492314741,7.249681,517.077983,0.0,524.327664
2026-07-16_ttft_component_regression/phase1/input8000_rate2p5_reuse50_seed2,89,0.06163501957966048,16.874484636181208,16.93611965576087,566.062928618226,0.0,582.9990482739869,158.543351,828.199342,0.0,986.742693
2026-07-16_ttft_component_regression/phase1/input8000_rate2p5_reuse50_seed2,88,0.05510127624998776,15.023183675189212,15.0782849514392,566.062928618226,0.0,581.1412135696652,5.346845,564.935391,0.0,570.282236
2026-07-16_ttft_component_regression/phase1/input8000_rate2p5_reuse50_seed2,102,0.06098925438729684,16.902033849363605,16.963023103750903,566.062928618226,0.0,583.0259517219769,3.058925,531.212781,0.0,534.271706
2026-07-16_ttft_component_regression/phase1/input8000_rate2p5_reuse50_seed2,107,0.0,17.79557807331574,17.79557807331574,566.062928618226,0.0,583.8585066915417,2.057714,537.305673,0.0,539.363387
2026-07-16_ttft_component_regression/phase1/input8000_rate2p5_reuse50_seed2,129,0.0,18.389908758140713,18.389908758140713,566.062928618226,0.0,584.4528373763667,6.283615,540.8813,0.0,547.164915
2026-07-16_ttft_component_regression/phase1/input8000_rate2p5_reuse50_seed2,123,0.023444912584133695,17.597130371637864,17.620575284221996,566.062928618226,0.0,583.683503902448,125.015133,842.241038,0.0,967.256171
2026-07-16_ttft_component_regression/phase1/input8000_rate2p5_reuse50_seed2,122,0.023605484249503605,15.644568182764194,15.668173667013699,566.062928618226,0.0,581.7311022852397,19.290406,573.422595,0.0,592.713001
2026-07-16_ttft_component_regression/phase1/input8000_rate2p5_reuse50_seed2,137,0.0,17.566999843704078,17.566999843704078,566.062928618226,0.0,583.62992846193,9.27675,541.422691,0.0,550.699441
2026-07-16_ttft_component_regression/phase1/input8000_rate2p5_reuse50_seed2,141,0.0,18.984292828656578,18.984292828656578,566.062928618226,0.0,585.0472214468825,23.128451,544.313404,0.0,567.441855
2026-07-16_ttft_component_regression/phase1/input8000_rate2p5_reuse50_seed2,203,0.0,7.48582176405017,7.48582176405017,566.062928618226,0.0,573.5487503822761,5.36299,526.188968,0.0,531.551958
2026-07-16_ttft_component_regression/phase1/input8000_rate2p5_reuse50_seed2,208,0.0,12.395596174204451,12.395596174204451,566.062928618226,0.0,578.4585247924305,16.824174,528.799693,0.0,545.623867
2026-07-16_ttft_component_regression/phase1/input8000_rate2p5_reuse50_seed2,192,0.026130858420749335,0.5682289786921909,0.5943598371129403,566.062928618226,0.0,566.657288455339,0.000948,516.291543,0.0,516.292491
2026-07-16_ttft_component_regression/phase1/input8000_rate2p5_reuse50_seed2,213,0.025929906843703006,17.499917054509204,17.525846961352908,566.062928618226,0.0,583.588775579579,14.055552,536.57647,0.0,550.632022
2026-07-16_ttft_component_regression/phase1/input8000_rate2p5_reuse50_seed2,216,0.0,18.364725684526444,18.364725684526444,566.062928618226,0.0,584.4276543027524,53.674884,539.586472,0.0,593.261356
2026-07-16_ttft_component_regression/phase1/input8000_rate2p5_reuse50_seed2,209,0.023105722508323268,15.603774351605177,15.6268800741135,566.062928618226,0.0,581.6898086923395,16.23658,536.207058,0.0,552.443638
2026-07-16_ttft_component_regression/phase1/input8000_rate2p5_reuse50_seed2,232,0.0,19.765844508795226,19.765844508795226,566.062928618226,0.0,585.8287731270212,11.082541,547.708003,0.0,558.790544
2026-07-16_ttft_component_regression/phase1/input8000_rate2p5_reuse50_seed2,239,0.1880707395944361,23.692014997335594,23.88008573693003,566.062928618226,0.0,589.943014355156,22.4969,549.660233,0.0,572.157133
2026-07-16_ttft_component_regression/phase1/input8000_rate2p5_reuse50_seed2,256,6472.7405203082,26.536766564878892,6499.277286873079,566.062928618226,0.0,7065.340215491305,4087.396815,554.152834,0.0,4641.549649
2026-07-16_ttft_component_regression/phase1/input8000_rate2p5_reuse50_seed2,252,401.26872829990464,26.536766564878892,427.80549486478355,566.062928618226,0.0,993.8684234830096,271.89199099999996,550.622359,0.0,822.51435
2026-07-16_ttft_component_regression/phase1/input8000_rate2p5_reuse50_seed2,272,0.0,19.146973501602787,19.146973501602787,566.062928618226,0.0,585.2099021198288,17.50199,548.82148,0.0,566.32347
2026-07-16_ttft_component_regression/phase1/input8000_rate2p5_reuse50_seed2,297,0.05381911015970148,14.929715804154323,14.983534914314024,566.062928618226,0.0,581.0464635325401,7.423602,531.26248,0.0,538.686082
2026-07-16_ttft_component_regression/phase1/input8000_rate2p5_reuse50_seed2,0,0.01685600667019855,0.7045411394885359,0.7213971461587345,566.062928618226,0.0,566.7843257643848,0.0,503.866806,0.0,503.866806
2026-07-16_ttft_component_regression/phase1/input8000_rate2p5_reuse50_seed2,21,0.0,8.042822015730675,8.042822015730675,566.062928618226,0.0,574.1057506339566,3.607327,517.897503,0.0,521.50483
2026-07-16_ttft_component_regression/phase1/input8000_rate2p5_reuse50_seed2,43,0.0,7.487020160178715,7.487020160178715,566.062928618226,0.0,573.5499487784048,14.603709,517.841695,0.0,532.445404
2026-07-16_ttft_component_regression/phase1/input8000_rate2p5_reuse50_seed2,74,0.0321622233899123,14.897084766333352,14.929246989723264,566.062928618226,0.0,580.9921756079493,3.442184,527.263049,0.0,530.705233
2026-07-16_ttft_component_regression/phase1/input8000_rate2p5_reuse50_seed2,79,0.05910353090019465,16.977666423555817,17.036769954456012,566.062928618226,0.0,583.099698572682,4.361565,530.153069,0.0,534.514634
2026-07-16_ttft_component_regression/phase1/input8000_rate2p5_reuse50_seed2,69,0.0018649931770706733,7.125795740346096,7.127660733523166,566.062928618226,0.0,573.1905893517492,11.500342,517.785823,0.0,529.286165
2026-07-16_ttft_component_regression/phase1/input8000_rate2p5_reuse50_seed2,71,0.0,11.847278744801613,11.847278744801613,566.062928618226,0.0,577.9102073630277,13.335237,523.320024,0.0,536.655261
2026-07-16_ttft_component_regression/phase1/input8000_rate2p5_reuse50_seed2,97,0.03683795413297723,16.63765075718347,16.674488711316446,566.062928618226,0.0,582.7374173295425,19.967724,530.966189,0.0,550.933913
2026-07-16_ttft_component_regression/phase1/input8000_rate2p5_reuse50_seed2,115,0.022500329765754258,15.555027858268938,15.577528188034693,566.062928618226,0.0,581.6404568062607,5.276896,534.4079,0.0,539.684796
2026-07-16_ttft_component_regression/phase1/input8000_rate2p5_reuse50_seed2,119,0.0,12.367210116443577,12.367210116443577,566.062928618226,0.0,578.4301387346696,16.80683,534.191277,0.0,550.998107
2026-07-16_ttft_component_regression/phase1/input8000_rate2p5_reuse50_seed2,121,0.021375053157926045,15.466260826085552,15.487635879243479,566.062928618226,0.0,581.5505644974695,33.066888,535.007416,0.0,568.074304
2026-07-16_ttft_component_regression/phase1/input8000_rate2p5_reuse50_seed2,150,0.022904603715513006,15.587500296974339,15.610404900689852,566.062928618226,0.0,581.6733335189159,17.442901,537.283663,0.0,554.726564
2026-07-16_ttft_component_regression/phase1/input8000_rate2p5_reuse50_seed2,156,0.024431717667701074,17.559767807173714,17.584199524841413,566.062928618226,0.0,583.6471281430674,3.335404,538.68725,0.0,542.022654
2026-07-16_ttft_component_regression/phase1/input8000_rate2p5_reuse50_seed2,172,0.031755737666511165,14.865946053483839,14.89770179115035,566.062928618226,0.0,580.9606304093763,2.211489,538.968934,0.0,541.180423
2026-07-16_ttft_component_regression/phase1/input8000_rate2p5_reuse50_seed2,187,0.0,17.520549349605762,17.520549349605762,566.062928618226,0.0,583.5834779678318,6.494864,541.301835,0.0,547.796699
2026-07-16_ttft_component_regression/phase1/input8000_rate2p5_reuse50_seed2,181,0.031243817137471677,14.827159427214415,14.858403244351887,566.062928618226,0.0,580.9213318625779,0.330301,536.777622,0.0,537.107923
2026-07-16_ttft_component_regression/phase1/input8000_rate2p5_reuse50_seed2,183,0.03580778610935414,16.68070274062338,16.716510526732737,566.062928618226,0.0,582.7794391449587,4.691245,537.333592,0.0,542.024837
2026-07-16_ttft_component_regression/phase1/input8000_rate2p5_reuse50_seed2,199,0.03758630474328427,16.60489178872551,16.642478093468796,566.062928618226,0.0,582.7054067116948,4.073315,537.835237,0.0,541.908552
2026-07-16_ttft_component_regression/phase1/input8000_rate2p5_reuse50_seed2,218,0.0,7.504886289596548,7.504886289596548,566.062928618226,0.0,573.5678149078226,13.731239,527.814624,0.0,541.545863
2026-07-16_ttft_component_regression/phase1/input8000_rate2p5_reuse50_seed2,233,0.0,12.386768473023546,12.386768473023546,566.062928618226,0.0,578.4496970912495,15.534288,533.103868,0.0,548.638156
2026-07-16_ttft_component_regression/phase1/input8000_rate2p5_reuse50_seed2,237,0.022702803412559636,15.571251397280388,15.593954200692949,566.062928618226,0.0,581.6568828189189,19.891454,534.074292,0.0,553.965746
2026-07-16_ttft_component_regression/phase1/input8000_rate2p5_reuse50_seed2,245,0.03391866536505979,16.754331485561995,16.788250150927055,566.062928618226,0.0,582.8511787691531,14.301665,535.831555,0.0,550.13322
2026-07-16_ttft_component_regression/phase1/input8000_rate2p5_reuse50_seed2,280,0.0,19.18878303730245,19.18878303730245,566.062928618226,0.0,585.2517116555284,21.153606,546.449314,0.0,567.60292
2026-07-16_ttft_component_regression/phase1/input8000_rate2p5_reuse50_seed2,274,0.0,17.819234656315203,17.819234656315203,566.062928618226,0.0,583.8821632745412,20.611813,541.820571,0.0,562.432384
2026-07-16_ttft_component_regression/phase1/input8000_rate2p5_reuse50_seed2,269,0.10165110701723026,15.956382471472132,16.05803357848936,566.062928618226,0.0,582.1209621967154,2.788519,572.397275,0.0,575.185794
2026-07-16_ttft_component_regression/phase1/input8000_rate2p5_reuse50_seed2,270,0.10157073341128948,17.916113448526907,18.017684181938197,566.062928618226,0.0,584.0806128001642,219.150053,841.296159,0.0,1060.446212
2026-07-16_ttft_component_regression/phase1/input8000_rate2p5_reuse50_seed2,294,3600.110548804529,26.52530995918907,3626.6358587637183,566.062928618226,0.0,4192.698787381944,2044.0987440000001,551.875154,0.0,2595.973898
2026-07-16_ttft_component_regression/phase1/input8000_rate2p5_reuse50_seed2,285,0.2379139979414853,23.06552975755303,23.303443755494516,566.062928618226,0.0,589.3663723737205,19.658799,547.880089,0.0,567.538888
2026-07-16_ttft_component_regression/phase1/input8000_rate2p5_reuse50_seed2,299,5914.298701369312,26.548087538544667,5940.8467889078565,566.062928618226,0.0,6506.909717526082,4096.173052,548.63184,0.0,4644.804892
2026-07-16_ttft_component_regression/phase1/input8000_rate2p5_reuse50_seed2,298,2442.0014314130053,26.581227330032313,2468.5826587430374,566.062928618226,0.0,3034.6455873612636,1298.310111,548.838844,0.0,1847.148955
2026-07-16_ttft_component_regression/phase1/input8000_rate2p5_reuse50_seed2,9,0.015614278775947758,0.6708538703757668,0.6864681491517146,566.062928618226,0.0,566.7493967673777,0.000903,503.866806,0.0,503.867709
2026-07-16_ttft_component_regression/phase1/input8000_rate2p5_reuse50_seed2,24,0.0,8.057225788492332,8.057225788492332,566.062928618226,0.0,574.1201544067184,13.275451,517.220927,0.0,530.496378
2026-07-16_ttft_component_regression/phase1/input8000_rate2p5_reuse50_seed2,36,0.0,8.059478631052421,8.059478631052421,566.062928618226,0.0,574.1224072492785,1.804938,517.160255,0.0,518.965193
2026-07-16_ttft_component_regression/phase1/input8000_rate2p5_reuse50_seed2,68,0.003461638409141128,7.141903794255091,7.145365432664232,566.062928618226,0.0,573.2082940508902,22.976907,803.03088,0.0,826.007787
2026-07-16_ttft_component_regression/phase1/input8000_rate2p5_reuse50_seed2,70,0.0,11.79975102641441,11.79975102641441,566.062928618226,0.0,577.8626796446404,2.192849,522.856088,0.0,525.048937
2026-07-16_ttft_component_regression/phase1/input8000_rate2p5_reuse50_seed2,67,0.024758196320883358,0.5318994101378441,0.5566576064587275,566.062928618226,0.0,566.6195862246848,0.022148,542.367394,0.0,542.389542
2026-07-16_ttft_component_regression/phase1/input8000_rate2p5_reuse50_seed2,81,0.030624089272104284,14.780820091966925,14.811444181239029,566.062928618226,0.0,580.874372799465,2.787315,527.121065,0.0,529.90838
2026-07-16_ttft_component_regression/phase1/input8000_rate2p5_reuse50_seed2,93,0.03683795413297723,16.63765075718347,16.674488711316446,566.062928618226,0.0,582.7374173295425,6.287905,530.930733,0.0,537.218638
2026-07-16_ttft_component_regression/phase1/input8000_rate2p5_reuse50_seed2,100,0.0,17.78405058341674,17.78405058341674,566.062928618226,0.0,583.8469792016427,22.064704,543.496086,0.0,565.56079
2026-07-16_ttft_component_regression/phase1/input8000_rate2p5_reuse50_seed2,120,0.0,12.361205765452148,12.361205765452148,566.062928618226,0.0,578.4241343836782,3.524716,527.629321,0.0,531.154037
2026-07-16_ttft_component_regression/phase1/input8000_rate2p5_reuse50_seed2,151,0.0,7.511888427891906,7.511888427891906,566.062928618226,0.0,573.5748170461179,11.505116,521.113265,0.0,532.618381
2026-07-16_ttft_component_regression/phase1/input8000_rate2p5_reuse50_seed2,161,0.02044035247237034,15.394231939044055,15.414672291516425,566.062928618226,0.0,581.4776009097425,19.394264,532.844495,0.0,552.238759
2026-07-16_ttft_component_regression/phase1/input8000_rate2p5_reuse50_seed2,157,0.0,12.376700713995493,12.376700713995493,566.062928618226,0.0,578.4396293322216,7.852357,532.404834,0.0,540.257191
2026-07-16_ttft_component_regression/phase1/input8000_rate2p5_reuse50_seed2,165,0.030624089272104284,14.780820091966925,14.811444181239029,566.062928618226,0.0,580.874372799465,19.6936,531.199736,0.0,550.893336
2026-07-16_ttft_component_regression/phase1/input8000_rate2p5_reuse50_seed2,190,0.0,11.823732252412952,11.823732252412952,566.062928618226,0.0,577.8866608706389,18.090572,536.925432,0.0,555.016004
2026-07-16_ttft_component_regression/phase1/input8000_rate2p5_reuse50_seed2,210,0.0,7.514729554296276,7.514729554296276,566.062928618226,0.0,573.5776581725223,9.11896,532.957879,0.0,542.076839
2026-07-16_ttft_component_regression/phase1/input8000_rate2p5_reuse50_seed2,222,0.0,7.519245521776319,7.519245521776319,566.062928618226,0.0,573.5821741400023,8.30351,527.926632,0.0,536.230142
2026-07-16_ttft_component_regression/phase1/input8000_rate2p5_reuse50_seed2,235,0.0,12.342243542529133,12.342243542529133,566.062928618226,0.0,578.4051721607551,9.323347,532.22599,0.0,541.549337
2026-07-16_ttft_component_regression/phase1/input8000_rate2p5_reuse50_seed2,250,0.0,19.07670845469184,19.07670845469184,566.062928618226,0.0,585.1396370729178,167.814323,842.708942,0.0,1010.523265
2026-07-16_ttft_component_regression/phase1/input8000_rate2p5_reuse50_seed2,241,0.038902785834784216,16.543781764010603,16.58268454984539,566.062928618226,0.0,582.6456131680713,75.157956,838.172234,0.0,913.33019
2026-07-16_ttft_component_regression/phase1/input8000_rate2p5_reuse50_seed2,248,0.0,17.768326183330906,17.768326183330906,566.062928618226,0.0,583.831254801557,57.463164,572.864467,0.0,630.327631
2026-07-16_ttft_component_regression/phase1/input8000_rate2p5_reuse50_seed2,240,0.028518357309608642,14.628032127390451,14.65655048470006,566.062928618226,0.0,580.719479102926,14.380877,570.011751,0.0,584.392628
2026-07-16_ttft_component_regression/phase1/input8000_rate2p5_reuse50_seed2,258,0.2034908380044385,22.79801105723261,23.00150189523705,566.062928618226,0.0,589.0644305134631,5.402208,552.292632,0.0,557.69484
2026-07-16_ttft_component_regression/phase1/input8000_rate2p5_reuse50_seed2,284,1906.0417419545186,26.501993591932585,1932.5437355464512,566.062928618226,0.0,2498.606664164677,1100.770075,548.352206,0.0,1649.122281
2026-07-16_ttft_component_regression/phase1/input8000_rate2p5_reuse50_seed2,279,0.0,19.15873390132565,19.15873390132565,566.062928618226,0.0,585.2216625195516,21.929671,547.23158,0.0,569.161251
2026-07-16_ttft_component_regression/phase1/input8000_rate2p5_reuse50_seed2,293,5231.686847041431,26.501993591932585,5258.188840633364,566.062928618226,0.0,5824.251769251589,3441.5386820000003,550.157791,0.0,3991.696473
2026-07-16_ttft_component_regression/phase1/input8000_rate2p5_reuse50_seed2,281,0.22864303984509463,22.994837468146496,23.223480507991592,566.062928618226,0.0,589.2864091262176,219.366821,549.071868,0.0,768.438689
2026-07-16_ttft_component_regression/phase1/input8000_rate2p5_reuse50_seed2,296,6346.369847501464,26.55927194605391,6372.929119447518,566.062928618226,0.0,6938.992048065744,4984.990826,550.866028,0.0,5535.856854
2026-07-16_ttft_component_regression/phase1/input8000_rate2p5_reuse50_seed2,290,4314.444918861815,26.562969572512564,4341.0078884343275,566.062928618226,0.0,4907.070817052553,2478.981692,550.679539,0.0,3029.661231
2026-07-16_ttft_component_regression/phase1/input8000_rate2p5_reuse50_seed2,16,0.02163927580762784,16.473914989207408,16.495554265015038,566.062928618226,0.0,582.558482883241,13.164738,564.130559,0.0,577.295297
2026-07-16_ttft_component_regression/phase1/input8000_rate2p5_reuse50_seed2,12,0.0,13.250723584799402,13.250723584799402,566.062928618226,0.0,579.3136522030254,185.80311,522.927192,0.0,708.730302
2026-07-16_ttft_component_regression/phase1/input8000_rate2p5_reuse50_seed2,17,0.030306682613584757,18.552023752471314,18.5823304350849,566.062928618226,0.0,584.645259053311,226.228736,827.23339,0.0,1053.462126
2026-07-16_ttft_component_regression/phase1/input8000_rate2p5_reuse50_seed2,11,0.0,8.053765866413372,8.053765866413372,566.062928618226,0.0,574.1166944846394,5.529943,516.838303,0.0,522.368246
2026-07-16_ttft_component_regression/phase1/input8000_rate2p5_reuse50_seed2,4,0.01694646980483564,0.7071018635799963,0.7240483333848319,566.062928618226,0.0,566.7869769516109,0.00274,503.866806,0.0,503.869546
2026-07-16_ttft_component_regression/phase1/input8000_rate2p5_reuse50_seed2,31,0.0,21.053018838928132,21.053018838928132,566.062928618226,0.0,587.1159474571541,3.860447,541.283782,0.0,545.144229
2026-07-16_ttft_component_regression/phase1/input8000_rate2p5_reuse50_seed2,28,0.0,19.597812837068673,19.597812837068673,566.062928618226,0.0,585.6607414552947,9.822396,536.179881,0.0,546.002277
2026-07-16_ttft_component_regression/phase1/input8000_rate2p5_reuse50_seed2,58,0.0,11.807361786610896,11.807361786610896,566.062928618226,0.0,577.8702904048369,2.08711,523.8494,0.0,525.93651
2026-07-16_ttft_component_regression/phase1/input8000_rate2p5_reuse50_seed2,80,0.02806727660899025,7.267619992977853,7.295687269586843,566.062928618226,0.0,573.3586158878129,3.287966,520.248259,0.0,523.536225
2026-07-16_ttft_component_regression/phase1/input8000_rate2p5_reuse50_seed2,85,0.0,11.988228348446363,11.988228348446363,566.062928618226,0.0,578.0511569666724,19.19911,531.563539,0.0,550.762649
2026-07-16_ttft_component_regression/phase1/input8000_rate2p5_reuse50_seed2,101,0.00012037180502397674,12.001140972932001,12.001261344737024,566.062928618226,0.0,578.064189962963,2.583197,526.244105,0.0,528.827302
2026-07-16_ttft_component_regression/phase1/input8000_rate2p5_reuse50_seed2,109,0.03144908659454675,14.842655670795429,14.874104757389976,566.062928618226,0.0,580.937033375616,13.510518,537.711075,0.0,551.221593
2026-07-16_ttft_component_regression/phase1/input8000_rate2p5_reuse50_seed2,128,0.022398842989061772,15.546925663071567,15.56932450606063,566.062928618226,0.0,581.6322531242866,119.103973,839.688648,0.0,958.792621
2026-07-16_ttft_component_regression/phase1/input8000_rate2p5_reuse50_seed2,127,0.0,12.404819446135338,12.404819446135338,566.062928618226,0.0,578.4677480643613,2.121471,572.708066,0.0,574.829537
2026-07-16_ttft_component_regression/phase1/input8000_rate2p5_reuse50_seed2,153,0.0,18.360865374382804,18.360865374382804,566.062928618226,0.0,584.4237939926088,8.068266,541.104873,0.0,549.173139
2026-07-16_ttft_component_regression/phase1/input8000_rate2p5_reuse50_seed2,140,0.034876730797889666,16.717788544066327,16.752665274864217,566.062928618226,0.0,582.8155938930902,3.964162,539.283954,0.0,543.248116
2026-07-16_ttft_component_regression/phase1/input8000_rate2p5_reuse50_seed2,146,0.0,17.54419886320463,17.54419886320463,566.062928618226,0.0,583.6071274814307,20.458431,539.303098,0.0,559.761529
2026-07-16_ttft_component_regression/phase1/input8000_rate2p5_reuse50_seed2,171,0.0,17.525605252316517,17.525605252316517,566.062928618226,0.0,583.5885338705425,11.476758,544.094463,0.0,555.571221
2026-07-16_ttft_component_regression/phase1/input8000_rate2p5_reuse50_seed2,173,0.0,18.366007396721393,18.366007396721393,566.062928618226,0.0,584.4289360149475,10.607201,543.483794,0.0,554.090995
2026-07-16_ttft_component_regression/phase1/input8000_rate2p5_reuse50_seed2,194,0.02168386489676468,15.490391392933494,15.51207525783026,566.062928618226,0.0,581.5750038760563,18.00637,537.106927,0.0,555.113297
2026-07-16_ttft_component_regression/phase1/input8000_rate2p5_reuse50_seed2,184,0.0,17.540524531637516,17.540524531637516,566.062928618226,0.0,583.6034531498635,16.31298,545.653324,0.0,561.966304
2026-07-16_ttft_component_regression/phase1/input8000_rate2p5_reuse50_seed2,200,0.021478146855276537,15.47429771254294,15.495775859398217,566.062928618226,0.0,581.5587044776242,5.993461,536.033926,0.0,542.027387
2026-07-16_ttft_component_regression/phase1/input8000_rate2p5_reuse50_seed2,205,0.026458385237448517,17.47780634460663,17.504264729844078,566.062928618226,0.0,583.5671933480701,20.697782,537.970275,0.0,558.668057
2026-07-16_ttft_component_regression/phase1/input8000_rate2p5_reuse50_seed2,219,0.02658912035027037,17.4722496550757,17.49883877542597,566.062928618226,0.0,583.561767393652,12.020014,539.603941,0.0,551.623955
2026-07-16_ttft_component_regression/phase1/input8000_rate2p5_reuse50_seed2,244,0.03474150304920018,16.723042136088143,16.757783639137344,566.062928618226,0.0,582.8207122573633,187.085881,826.116961,0.0,1013.202842
2026-07-16_ttft_component_regression/phase1/input8000_rate2p5_reuse50_seed2,242,0.0,11.82545301853683,11.82545301853683,566.062928618226,0.0,577.8883816367628,6.249714,572.418286,0.0,578.668
2026-07-16_ttft_component_regression/phase1/input8000_rate2p5_reuse50_seed2,243,0.03226341253061485,14.904884435436292,14.937147847966907,566.062928618226,0.0,581.0000764661929,119.738372,886.537925,0.0,1006.276297
2026-07-16_ttft_component_regression/phase1/input8000_rate2p5_reuse50_seed2,264,0.0,17.800632477735842,17.800632477735842,566.062928618226,0.0,583.8635610959618,7.469585,578.464715,0.0,585.9343
2026-07-16_ttft_component_regression/phase1/input8000_rate2p5_reuse50_seed2,265,0.0,19.152835386572136,19.152835386572136,566.062928618226,0.0,585.2157640047982,83.682674,853.07501,0.0,936.757684
2026-07-16_ttft_component_regression/phase1/input8000_rate2p5_reuse50_seed2,291,0.0,17.785342330516972,17.785342330516972,566.062928618226,0.0,583.848270948743,23.536908,547.292901,0.0,570.829809
2026-07-16_ttft_component_regression/phase1/input8000_rate2p5_reuse50_seed2,19,0.015412323510383479,0.6656072804718739,0.6810196039822574,566.062928618226,0.0,566.7439482222082,0.008651,503.866806,0.0,503.875457
2026-07-16_ttft_component_regression/phase1/input8000_rate2p5_reuse50_seed2,32,0.0,8.072060878176492,8.072060878176492,566.062928618226,0.0,574.1349894964025,11.828501,517.451711,0.0,529.280212
2026-07-16_ttft_component_regression/phase1/input8000_rate2p5_reuse50_seed2,33,0.0,13.24061287923316,13.24061287923316,566.062928618226,0.0,579.3035414974592,172.008784,523.05372,0.0,695.062504
2026-07-16_ttft_component_regression/phase1/input8000_rate2p5_reuse50_seed2,37,0.021952084005713884,16.49945012377191,16.521402207777626,566.062928618226,0.0,582.5843308260037,7.492077,527.347433,0.0,534.83951
2026-07-16_ttft_component_regression/phase1/input8000_rate2p5_reuse50_seed2,64,0.0,18.836061177690574,18.836061177690574,566.062928618226,0.0,584.8989897959166,10.609198,540.942438,0.0,551.551636
2026-07-16_ttft_component_regression/phase1/input8000_rate2p5_reuse50_seed2,61,0.03645593402874309,16.653879008022823,16.690334942051567,566.062928618226,0.0,582.7532635602776,13.068038,530.607085,0.0,543.675123
2026-07-16_ttft_component_regression/phase1/input8000_rate2p5_reuse50_seed2,59,0.030934680404138545,14.80396156633077,14.834896246734909,566.062928618226,0.0,580.897824864961,7.442769,527.963657,0.0,535.406426
2026-07-16_ttft_component_regression/phase1/input8000_rate2p5_reuse50_seed2,62,0.0,17.52686258261813,17.52686258261813,566.062928618226,0.0,583.5897912008442,61.298629,536.258153,0.0,597.556782
2026-07-16_ttft_component_regression/phase1/input8000_rate2p5_reuse50_seed2,82,0.18358032360091514,22.52312506176188,22.706705385362795,566.062928618226,0.0,588.7696340035889,0.0209,547.047851,0.0,547.068751
2026-07-16_ttft_component_regression/phase1/input8000_rate2p5_reuse50_seed2,75,0.18358032360091514,22.52312506176188,22.706705385362795,566.062928618226,0.0,588.7696340035889,6.79311,548.454666,0.0,555.247776
2026-07-16_ttft_component_regression/phase1/input8000_rate2p5_reuse50_seed2,86,5046.294930131574,26.45787242093956,5072.7528025525135,566.062928618226,0.0,5638.815731170739,3353.220012,549.868387,0.0,3903.088399
2026-07-16_ttft_component_regression/phase1/input8000_rate2p5_reuse50_seed2,103,986.1186561644245,26.42468905231706,1012.5433452167415,566.062928618226,0.0,1578.6062738349674,571.219315,550.569815,0.0,1121.78913
2026-07-16_ttft_component_regression/phase1/input8000_rate2p5_reuse50_seed2,90,4405.490116822851,26.461956013338988,4431.9520728361895,566.062928618226,0.0,4998.015001454415,2711.405843,547.467839,0.0,3258.873682
2026-07-16_ttft_component_regression/phase1/input8000_rate2p5_reuse50_seed2,124,0.020961137575043247,15.43418022068158,15.455141358256622,566.062928618226,0.0,581.5180699764826,5.308525,537.773957,0.0,543.082482
2026-07-16_ttft_component_regression/phase1/input8000_rate2p5_reuse50_seed2,159,0.0,7.51379335059245,7.51379335059245,566.062928618226,0.0,573.5767219688184,6.651801,523.708619,0.0,530.36042
2026-07-16_ttft_component_regression/phase1/input8000_rate2p5_reuse50_seed2,163,0.0,7.512846287826644,7.512846287826644,566.062928618226,0.0,573.5757749060526,13.079303,566.124958,0.0,579.204261
2026-07-16_ttft_component_regression/phase1/input8000_rate2p5_reuse50_seed2,166,0.0,11.787026126082575,11.787026126082575,566.062928618226,0.0,577.8499547443085,51.169998,830.739753,0.0,881.909751
2026-07-16_ttft_component_regression/phase1/input8000_rate2p5_reuse50_seed2,169,0.028518357309608642,14.628032127390451,14.65655048470006,566.062928618226,0.0,580.719479102926,15.623909,531.622793,0.0,547.246702
2026-07-16_ttft_component_regression/phase1/input8000_rate2p5_reuse50_seed2,179,0.03807342155630828,16.58282779666216,16.620901218218467,566.062928618226,0.0,582.6838298364445,9.878732,536.71037,0.0,546.589102
2026-07-16_ttft_component_regression/phase1/input8000_rate2p5_reuse50_seed2,186,0.0,17.514168226403303,17.514168226403303,566.062928618226,0.0,583.5770968446293,13.81934,542.519886,0.0,556.339226
2026-07-16_ttft_component_regression/phase1/input8000_rate2p5_reuse50_seed2,197,0.030727779537822283,14.788527611382193,14.819255390920015,566.062928618226,0.0,580.882184009146,10.308445,535.811321,0.0,546.119766
2026-07-16_ttft_component_regression/phase1/input8000_rate2p5_reuse50_seed2,220,0.0,12.376700713995493,12.376700713995493,566.062928618226,0.0,578.4396293322216,1.443377,527.270206,0.0,528.713583
2026-07-16_ttft_component_regression/phase1/input8000_rate2p5_reuse50_seed2,262,0.04739601985348601,0.5184147705671535,0.5658107904206394,566.062928618226,0.0,566.6287394086467,0.019185,508.665535,0.0,508.68472
2026-07-16_ttft_component_regression/phase1/input8000_rate2p5_reuse50_seed2,266,0.028719850622057317,7.272979284143868,7.301699134765925,566.062928618226,0.0,573.364627752992,7.67742,526.108127,0.0,533.785547
2026-07-16_ttft_component_regression/phase1/input8000_rate2p5_reuse50_seed2,271,0.0,11.979198890368368,11.979198890368368,566.062928618226,0.0,578.0421275085944,6.876513,530.70772,0.0,537.584233
2026-07-16_ttft_component_regression/phase1/input8000_rate2p5_reuse50_seed2,288,0.05327832027590165,14.891051917939803,14.944330238215706,566.062928618226,0.0,581.0072588564417,20.500252,536.523677,0.0,557.023929
2026-07-16_ttft_component_regression/phase1/input8000_rate2p5_reuse50_seed2,14,0.0,8.058357631036833,8.058357631036833,566.062928618226,0.0,574.1212862492629,6.397225,516.760831,0.0,523.158056
2026-07-16_ttft_component_regression/phase1/input8000_rate2p5_reuse50_seed2,22,0.0,13.238987853746227,13.238987853746227,566.062928618226,0.0,579.3019164719723,13.194792,523.075416,0.0,536.270208
2026-07-16_ttft_component_regression/phase1/input8000_rate2p5_reuse50_seed2,8,0.01685600667019855,0.7045411394885359,0.7213971461587345,566.062928618226,0.0,566.7843257643848,0.000906,503.866806,0.0,503.867712
2026-07-16_ttft_component_regression/phase1/input8000_rate2p5_reuse50_seed2,56,0.8583513158391027,25.968185428867034,26.826536744706136,566.062928618226,0.6222584169834413,593.5117237799155,6.486511999999999,1018.398881,0.625374,1025.510767
2026-07-16_ttft_component_regression/phase1/input8000_rate2p5_reuse50_seed2,57,0.0,11.810513668761187,11.810513668761187,566.062928618226,0.0,577.8734422869871,590.990906,804.486664,0.0,1395.47757
2026-07-16_ttft_component_regression/phase1/input8000_rate2p5_reuse50_seed2,47,0.8936216719263008,26.05273209167507,26.946353763601373,566.062928618226,0.6222584169834413,593.6315407988108,2.199232,970.340284,0.625374,973.16489
2026-07-16_ttft_component_regression/phase1/input8000_rate2p5_reuse50_seed2,76,0.030103280658454322,14.742378034644137,14.772481315302592,566.062928618226,0.0,580.8354099335286,7.353832,527.741129,0.0,535.094961
2026-07-16_ttft_component_regression/phase1/input8000_rate2p5_reuse50_seed2,83,0.0620153108085454,16.857818627878146,16.91983393868669,566.062928618226,0.0,582.9827625569127,16.911254,530.517325,0.0,547.428579
2026-07-16_ttft_component_regression/phase1/input8000_rate2p5_reuse50_seed2,111,0.01949382880176167,15.32276123685016,15.342255065651923,566.062928618226,0.0,581.4051836838779,244.502922,820.012306,0.0,1064.515228
2026-07-16_ttft_component_regression/phase1/input8000_rate2p5_reuse50_seed2,110,0.0,12.35687281962503,12.35687281962503,566.062928618226,0.0,578.419801437851,10.208745,563.731131,0.0,573.939876
2026-07-16_ttft_component_regression/phase1/input8000_rate2p5_reuse50_seed2,133,0.0,12.35406558953785,12.35406558953785,566.062928618226,0.0,578.4169942077639,6.91235,534.454997,0.0,541.367347
2026-07-16_ttft_component_regression/phase1/input8000_rate2p5_reuse50_seed2,142,0.021534710790990085,16.465417874227356,16.486952585018347,566.062928618226,0.0,582.5498812032444,17.899001,536.80307,0.0,554.702071
2026-07-16_ttft_component_regression/phase1/input8000_rate2p5_reuse50_seed2,145,0.027614775954429783,17.42737709622688,17.45499187218131,566.062928618226,0.0,583.5179204904073,0.543577,544.217102,0.0,544.760679
2026-07-16_ttft_component_regression/phase1/input8000_rate2p5_reuse50_seed2,170,0.059517071054672986,16.961645492150815,17.02116256320549,566.062928618226,0.0,583.0840911814315,13.663537,540.040581,0.0,553.704118
2026-07-16_ttft_component_regression/phase1/input8000_rate2p5_reuse50_seed2,167,0.10068315833331719,15.881651992431314,15.98233515076463,566.062928618226,0.0,582.0452637689906,12.559317,534.775197,0.0,547.334514
2026-07-16_ttft_component_regression/phase1/input8000_rate2p5_reuse50_seed2,180,0.9133247600926651,26.096857234732823,27.010181994825487,566.062928618226,0.6222584169834413,593.695369030035,2.639622,1015.766546,0.625374,1019.031542
2026-07-16_ttft_component_regression/phase1/input8000_rate2p5_reuse50_seed2,201,0.0,13.257805924365602,13.257805924365602,566.062928618226,0.0,579.3207345425916,11.840161,529.47638,0.0,541.316541
2026-07-16_ttft_component_regression/phase1/input8000_rate2p5_reuse50_seed2,211,0.0,7.504886289596548,7.504886289596548,566.062928618226,0.0,573.5678149078226,15.702434,520.411477,0.0,536.113911
2026-07-16_ttft_component_regression/phase1/input8000_rate2p5_reuse50_seed2,225,0.022676666122690134,16.559284169451075,16.581960835573767,566.062928618226,0.0,582.6448894537998,8.513252,535.713996,0.0,544.227248
2026-07-16_ttft_component_regression/phase1/input8000_rate2p5_reuse50_seed2,215,0.0,12.388502254565768,12.388502254565768,566.062928618226,0.0,578.4514308727918,0.504472,531.440755,0.0,531.945227
2026-07-16_ttft_component_regression/phase1/input8000_rate2p5_reuse50_seed2,228,0.027614775954429783,17.42737709622688,17.45499187218131,566.062928618226,0.0,583.5179204904073,1.225427,569.854075,0.0,571.079502
2026-07-16_ttft_component_regression/phase1/input8000_rate2p5_reuse50_seed2,229,0.0,18.351766894165554,18.351766894165554,566.062928618226,0.0,584.4146955123915,159.150077,839.930257,0.0,999.080334
2026-07-16_ttft_component_regression/phase1/input8000_rate2p5_reuse50_seed2,246,0.18629869058583845,23.677488655972297,23.863787346558137,566.062928618226,0.0,589.9267159647842,1.258925,546.241792,0.0,547.500717
2026-07-16_ttft_component_regression/phase1/input8000_rate2p5_reuse50_seed2,238,0.0,18.884957431979238,18.884957431979238,566.062928618226,0.0,584.9478860502053,14.249526,542.771807,0.0,557.021333
2026-07-16_ttft_component_regression/phase1/input8000_rate2p5_reuse50_seed2,267,1499.5644454882515,24.365199554037208,1523.9296450422887,566.062928618226,0.6222584169834413,2090.6148320774982,906.5270840000001,1035.583628,0.625374,1942.736086
2026-07-16_ttft_component_regression/phase1/input8000_rate2p5_reuse50_seed2,259,0.20218079933983216,22.66891339574372,22.87109419508355,566.062928618226,0.0,588.9340228133095,13.913069,551.095234,0.0,565.008303
2026-07-16_ttft_component_regression/phase1/input8000_rate2p5_reuse50_seed2,5,0.0,8.061687839261246,8.061687839261246,566.062928618226,0.0,574.1246164574873,8.402975,516.758943,0.0,525.161918
2026-07-16_ttft_component_regression/phase1/input8000_rate2p5_reuse50_seed2,1,0.01676482597545372,0.701975962176911,0.7187407881523648,566.062928618226,0.0,566.7816694063783,0.25251,503.866806,0.0,504.119316
2026-07-16_ttft_component_regression/phase1/input8000_rate2p5_reuse50_seed2,13,0.0,13.24225510849355,13.24225510849355,566.062928618226,0.0,579.3051837267195,0.456161,523.067832,0.0,523.523993
2026-07-16_ttft_component_regression/phase1/input8000_rate2p5_reuse50_seed2,40,0.0,8.070077763678748,8.070077763678748,566.062928618226,0.0,574.1330063819048,13.221657,518.188703,0.0,531.41036
2026-07-16_ttft_component_regression/phase1/input8000_rate2p5_reuse50_seed2,52,0.030103280658454322,14.742378034644137,14.772481315302592,566.062928618226,0.0,580.8354099335286,8.47986,527.011113,0.0,535.490973
2026-07-16_ttft_component_regression/phase1/input8000_rate2p5_reuse50_seed2,48,0.0,11.815356293268254,11.815356293268254,566.062928618226,0.0,577.8782849114942,16.790027,522.89772,0.0,539.687747
2026-07-16_ttft_component_regression/phase1/input8000_rate2p5_reuse50_seed2,46,0.0033551949778476264,7.140896332937285,7.144251527915133,566.062928618226,0.0,573.2071801461411,4.468718,516.769247,0.0,521.237965
2026-07-16_ttft_component_regression/phase1/input8000_rate2p5_reuse50_seed2,87,0.0,17.534352220009364,17.534352220009364,566.062928618226,0.0,583.5972808382354,22.324532,542.478254,0.0,564.802786
2026-07-16_ttft_component_regression/phase1/input8000_rate2p5_reuse50_seed2,78,0.0,17.798110434682286,17.798110434682286,566.062928618226,0.0,583.8610390529083,21.889422,542.401231,0.0,564.290653
2026-07-16_ttft_component_regression/phase1/input8000_rate2p5_reuse50_seed2,73,0.026848916237548728,17.461101404128446,17.487950320365993,566.062928618226,0.0,583.550878938592,0.866906,531.204525,0.0,532.071431
2026-07-16_ttft_component_regression/phase1/input8000_rate2p5_reuse50_seed2,99,0.03567645616409806,16.686034053047788,16.721710509211885,566.062928618226,0.0,582.7846391274379,9.864837,539.163054,0.0,549.027891
2026-07-16_ttft_component_regression/phase1/input8000_rate2p5_reuse50_seed2,104,0.03696413819476114,16.632218959864876,16.669183098059637,566.062928618226,0.0,582.7321117162857,4.76376,537.659115,0.0,542.422875
2026-07-16_ttft_component_regression/phase1/input8000_rate2p5_reuse50_seed2,126,0.0,13.226609499506619,13.226609499506619,566.062928618226,0.0,579.2895381177326,0.877306,528.158544,0.0,529.03585
2026-07-16_ttft_component_regression/phase1/input8000_rate2p5_reuse50_seed2,147,0.0,17.53186589757718,17.53186589757718,566.062928618226,0.0,583.5947945158032,238.619244,539.218775,0.0,777.838019
2026-07-16_ttft_component_regression/phase1/input8000_rate2p5_reuse50_seed2,158,0.0,17.790481772594173,17.790481772594173,566.062928618226,0.0,583.8534103908202,15.358173,538.513739,0.0,553.871912
2026-07-16_ttft_component_regression/phase1/input8000_rate2p5_reuse50_seed2,138,0.0,13.250723584799402,13.250723584799402,566.062928618226,0.0,579.3136522030254,15.038302,526.619694,0.0,541.657996
2026-07-16_ttft_component_regression/phase1/input8000_rate2p5_reuse50_seed2,139,0.02308727487979321,16.593630771986312,16.616718046866104,566.062928618226,0.0,582.6796466650922,1.694898,535.373013,0.0,537.067911
2026-07-16_ttft_component_regression/phase1/input8000_rate2p5_reuse50_seed2,144,0.025662370794384284,17.510902896787602,17.536565267581988,566.062928618226,0.0,583.599493885808,11.14895,535.752759,0.0,546.901709
2026-07-16_ttft_component_regression/phase1/input8000_rate2p5_reuse50_seed2,160,0.0,19.15873390132565,19.15873390132565,566.062928618226,0.0,585.2216625195516,273.078974,548.466697,0.0,821.545671
2026-07-16_ttft_component_regression/phase1/input8000_rate2p5_reuse50_seed2,175,0.19948359992925568,22.648030837672614,22.84751443760187,566.062928618226,0.0,588.9104430558278,7.181978,547.731579,0.0,554.913557
2026-07-16_ttft_component_regression/phase1/input8000_rate2p5_reuse50_seed2,164,0.22864303984509463,22.994837468146496,23.223480507991592,566.062928618226,0.0,589.2864091262176,7.266502,551.57918,0.0,558.845682
2026-07-16_ttft_component_regression/phase1/input8000_rate2p5_reuse50_seed2,195,0.0,21.152564936401482,21.152564936401482,566.062928618226,0.0,587.2154935546275,8.467582,546.760644,0.0,555.228226
2026-07-16_ttft_component_regression/phase1/input8000_rate2p5_reuse50_seed2,207,0.0,7.515654837060843,7.515654837060843,566.062928618226,0.0,573.5785834552869,7.655736,523.406331,0.0,531.062067
2026-07-16_ttft_component_regression/phase1/input8000_rate2p5_reuse50_seed2,214,0.020335753514470225,15.38626285914851,15.40659861266298,566.062928618226,0.0,581.469527230889,274.171695,534.670577,0.0,808.842272
2026-07-16_ttft_component_regression/phase1/input8000_rate2p5_reuse50_seed2,212,0.0,12.370309262233794,12.370309262233794,566.062928618226,0.0,578.4332378804598,0.248902,533.692083,0.0,533.940985
2026-07-16_ttft_component_regression/phase1/input8000_rate2p5_reuse50_seed2,231,0.029202926983025096,17.352862472802038,17.382065399785063,566.062928618226,0.0,583.4449940180111,16.352911,535.371295,0.0,551.724206
2026-07-16_ttft_component_regression/phase1/input8000_rate2p5_reuse50_seed2,230,0.02064911149282909,15.41019074891204,15.43083986040487,566.062928618226,0.0,581.4937684786308,10.992042,535.106619,0.0,546.098661
2026-07-16_ttft_component_regression/phase1/input8000_rate2p5_reuse50_seed2,273,0.16091191249931783,0.581823375006293,0.7427352875056108,566.062928618226,0.0,566.8056639057316,0.003702,507.839384,0.0,507.843086
2026-07-16_ttft_component_regression/phase1/input8000_rate2p5_reuse50_seed2,275,0.9657603471042233,26.501993591932585,27.467753939036808,566.062928618226,0.6222584169834413,594.1529409742462,13.480661000000001,975.723744,0.625374,989.829779
2026-07-16_ttft_component_regression/phase1/input8000_rate2p5_reuse50_seed2,292,0.0,11.969380148855928,11.969380148855928,566.062928618226,0.0,578.032308767082,13.358898,531.085913,0.0,544.444811
2026-07-16_ttft_component_regression/phase1/input8000_rate2p5_reuse50_seed2,2,0.016298119632415925,0.6890839823287339,0.7053821019611498,566.062928618226,0.0,566.7683107201872,0.495959,503.866806,0.0,504.362765
2026-07-16_ttft_component_regression/phase1/input8000_rate2p5_reuse50_seed2,10,0.0,8.053765866413372,8.053765866413372,566.062928618226,0.0,574.1166944846394,6.102986,516.848511,0.0,522.951497
2026-07-16_ttft_component_regression/phase1/input8000_rate2p5_reuse50_seed2,26,0.0,13.274733594399223,13.274733594399223,566.062928618226,0.0,579.3376622126252,14.642028,523.8902,0.0,538.532228
2026-07-16_ttft_component_regression/phase1/input8000_rate2p5_reuse50_seed2,38,0.0,13.265160231029387,13.265160231029387,566.062928618226,0.0,579.3280888492554,15.723403,523.995576,0.0,539.718979
2026-07-16_ttft_component_regression/phase1/input8000_rate2p5_reuse50_seed2,45,0.03031207145880157,14.757735654017472,14.788047725476273,566.062928618226,0.0,580.8509763437023,8.521942,528.014089,0.0,536.536031
2026-07-16_ttft_component_regression/phase1/input8000_rate2p5_reuse50_seed2,84,0.024758196320883358,0.5318994101378441,0.5566576064587275,566.062928618226,0.0,566.6195862246848,0.005438,503.866806,0.0,503.872244
2026-07-16_ttft_component_regression/phase1/input8000_rate2p5_reuse50_seed2,92,0.0023971086754360953,7.131397811359378,7.133794920034814,566.062928618226,0.0,573.1967235382608,0.324159,516.930783,0.0,517.254942
2026-07-16_ttft_component_regression/phase1/input8000_rate2p5_reuse50_seed2,95,0.0,11.82718893395824,11.82718893395824,566.062928618226,0.0,577.8901175521843,7.082002,522.987128,0.0,530.06913
2026-07-16_ttft_component_regression/phase1/input8000_rate2p5_reuse50_seed2,114,0.022779556804518417,16.567860309529063,16.590639866333582,566.062928618226,0.0,582.6535684845596,1.527675,538.491443,0.0,540.019118
2026-07-16_ttft_component_regression/phase1/input8000_rate2p5_reuse50_seed2,132,0.020021091009195822,15.362397212764192,15.382418303773388,566.062928618226,0.0,581.4453469219994,193.790108,532.688908,0.0,726.479016
2026-07-16_ttft_component_regression/phase1/input8000_rate2p5_reuse50_seed2,131,0.0,12.370309262233794,12.370309262233794,566.062928618226,0.0,578.4332378804598,48.123402,531.632556,0.0,579.755958
2026-07-16_ttft_component_regression/phase1/input8000_rate2p5_reuse50_seed2,136,0.029555259296111264,17.335384599924684,17.364939859220794,566.062928618226,0.0,583.4278684774469,8.01461,533.568046,0.0,541.582656
2026-07-16_ttft_component_regression/phase1/input8000_rate2p5_reuse50_seed2,130,0.0,7.504886289596548,7.504886289596548,566.062928618226,0.0,573.5678149078226,17.346789,521.882414,0.0,539.229203
2026-07-16_ttft_component_regression/phase1/input8000_rate2p5_reuse50_seed2,154,0.0,17.773614412821466,17.773614412821466,566.062928618226,0.0,583.8365430310474,10.062217,541.610395,0.0,551.672612
2026-07-16_ttft_component_regression/phase1/input8000_rate2p5_reuse50_seed2,177,0.0,17.79303523784784,17.79303523784784,566.062928618226,0.0,583.8559638560738,21.331874,544.238601,0.0,565.570475
2026-07-16_ttft_component_regression/phase1/input8000_rate2p5_reuse50_seed2,174,0.03501140731952794,16.712523873057652,16.74753528037718,566.062928618226,0.0,582.8104638986032,17.135135,540.895923,0.0,558.031058
2026-07-16_ttft_component_regression/phase1/input8000_rate2p5_reuse50_seed2,221,0.016672926590947535,0.6994063517012498,0.7160792782921973,566.062928618226,0.0,566.7790078965182,0.032273,509.173936,0.0,509.206209
2026-07-16_ttft_component_regression/phase1/input8000_rate2p5_reuse50_seed2,257,0.02577973205310059,7.245974966180181,7.2717546982332815,566.062928618226,0.0,573.3346833164593,12.362522,523.817007,0.0,536.179529
2026-07-16_ttft_component_regression/phase1/input8000_rate2p5_reuse50_seed2,278,0.0,11.820336240164256,11.820336240164256,566.062928618226,0.0,577.8832648583902,17.375543,532.69605,0.0,550.071593
2026-07-16_ttft_component_regression/phase1/input8000_rate2p5_reuse50_seed2,289,0.10534217535155257,17.77137052609634,17.876712701447893,566.062928618226,0.0,583.9396413196739,16.062396,535.845904,0.0,551.9083
2026-07-16_ttft_component_regression/phase1/input8000_rate2p5_reuse50_seed2,282,0.10013894109963845,15.840357834963116,15.940496776062755,566.062928618226,0.0,582.0034253942888,20.523811,534.709233,0.0,555.233044
2026-07-16_ttft_component_regression/phase1/input8000_rate2p5_reuse50_seed2,276,0.02556188223295992,7.243692662297514,7.269254544530474,566.062928618226,0.0,573.3321831627565,13.301642,523.326989,0.0,536.628631
2026-07-16_ttft_component_regression/phase1/input8000_rate2p5_reuse50_seed2,6,0.016672926590947535,0.6994063517012498,0.7160792782921973,566.062928618226,0.0,566.7790078965182,0.027875,503.866806,0.0,503.894681
2026-07-16_ttft_component_regression/phase1/input8000_rate2p5_reuse50_seed2,15,0.0,8.054929840100769,8.054929840100769,566.062928618226,0.0,574.1178584583267,12.727315,516.842015,0.0,529.56933
2026-07-16_ttft_component_regression/phase1/input8000_rate2p5_reuse50_seed2,23,0.0,13.245591095146231,13.245591095146231,566.062928618226,0.0,579.3085197133722,6.726014,523.293176,0.0,530.01919
2026-07-16_ttft_component_regression/phase1/input8000_rate2p5_reuse50_seed2,34,0.02909245960731063,18.613275246096467,18.642367705703776,566.062928618226,0.0,584.7052963239298,21.853227,567.291849,0.0,589.145076
2026-07-16_ttft_component_regression/phase1/input8000_rate2p5_reuse50_seed2,35,0.0,19.593496225729854,19.593496225729854,566.062928618226,0.0,585.6564248439558,241.801004,834.931937,0.0,1076.732941
2026-07-16_ttft_component_regression/phase1/input8000_rate2p5_reuse50_seed2,42,0.0,19.677786484210383,19.677786484210383,566.062928618226,0.0,585.7407151024364,6.451357,541.660582,0.0,548.111939
2026-07-16_ttft_component_regression/phase1/input8000_rate2p5_reuse50_seed2,29,0.022882289170468317,16.57644347450907,16.599325763679538,566.062928618226,0.0,582.6622543819055,16.077506,527.555241,0.0,543.632747
2026-07-16_ttft_component_regression/phase1/input8000_rate2p5_reuse50_seed2,51,476.4260203760688,26.01536443902674,502.4413848150955,566.062928618226,0.0,1068.5043134333214,344.34336199999996,546.778287,0.0,891.121649
2026-07-16_ttft_component_regression/phase1/input8000_rate2p5_reuse50_seed2,44,0.16719262026296863,23.51829750123119,23.68549012149416,566.062928618226,0.0,589.7484187397201,9.093462,545.520746,0.0,554.614208
2026-07-16_ttft_component_regression/phase1/input8000_rate2p5_reuse50_seed2,63,0.16804577872728432,23.525507690578277,23.69355346930556,566.062928618226,0.0,589.7564820875316,24.015714,548.39185,0.0,572.407564
2026-07-16_ttft_component_regression/phase1/input8000_rate2p5_reuse50_seed2,98,0.03364006097689398,16.764673008580736,16.79831306955763,566.062928618226,0.0,582.8612416877836,6.225498,540.057223,0.0,546.282721
2026-07-16_ttft_component_regression/phase1/input8000_rate2p5_reuse50_seed2,94,0.03246526484881957,14.92050158922321,14.95296685407203,566.062928618226,0.0,581.0158954722981,2.02126,531.019478,0.0,533.040738
2026-07-16_ttft_component_regression/phase1/input8000_rate2p5_reuse50_seed2,105,0.032766712946345936,14.943971485081848,14.976738198028194,566.062928618226,0.0,581.0396668162542,16.613298,536.223078,0.0,552.836376
2026-07-16_ttft_component_regression/phase1/input8000_rate2p5_reuse50_seed2,117,0.026220156814357534,18.743649957457208,18.769870114271566,566.062928618226,0.0,584.8327987324976,16.349187,538.139829,0.0,554.489016
2026-07-16_ttft_component_regression/phase1/input8000_rate2p5_reuse50_seed2,125,0.0,19.621751516628784,19.621751516628784,566.062928618226,0.0,585.6846801348548,20.821968,542.909788,0.0,563.731756
2026-07-16_ttft_component_regression/phase1/input8000_rate2p5_reuse50_seed2,113,0.024902119163482842,16.749540330158,16.77444244932148,566.062928618226,0.0,582.8373710675475,16.752254,535.553965,0.0,552.306219
2026-07-16_ttft_component_regression/phase1/input8000_rate2p5_reuse50_seed2,135,0.0,19.73557053187213,19.73557053187213,566.062928618226,0.0,585.7984991500981,4.747562,548.983846,0.0,553.731408
2026-07-16_ttft_component_regression/phase1/input8000_rate2p5_reuse50_seed2,182,0.003674503187023683,7.143889246335757,7.147563749522781,566.062928618226,0.0,573.2104923677488,14.260122,526.382195,0.0,540.642317
2026-07-16_ttft_component_regression/phase1/input8000_rate2p5_reuse50_seed2,178,0.024291495828406354,0.5203329128750255,0.5446244087034319,566.062928618226,0.0,566.6075530269294,0.024154,510.826237,0.0,510.850391
2026-07-16_ttft_component_regression/phase1/input8000_rate2p5_reuse50_seed2,198,0.02982805345666018,18.5766745408785,18.60650259433516,566.062928618226,0.0,584.6694312125612,11.684061,534.840787,0.0,546.524848
2026-07-16_ttft_component_regression/phase1/input8000_rate2p5_reuse50_seed2,193,0.022159873606156105,16.516509775936964,16.53866964954312,566.062928618226,0.0,582.6015982677691,15.876339,534.424483,0.0,550.300822
2026-07-16_ttft_component_regression/phase1/input8000_rate2p5_reuse50_seed2,188,0.0,12.379992710029706,12.379992710029706,566.062928618226,0.0,578.4429213282557,10.678873,531.642991,0.0,542.321864
2026-07-16_ttft_component_regression/phase1/input8000_rate2p5_reuse50_seed2,217,0.022056054403043715,16.507976344471704,16.53003239887475,566.062928618226,0.0,582.5929610171007,6.174075,537.27154,0.0,543.445615
2026-07-16_ttft_component_regression/phase1/input8000_rate2p5_reuse50_seed2,226,0.0,19.610593755472674,19.610593755472674,566.062928618226,0.0,585.6735223736987,10.307291,846.690666,0.0,856.997957
2026-07-16_ttft_component_regression/phase1/input8000_rate2p5_reuse50_seed2,224,0.028207974645130526,18.655408668470702,18.683616643115833,566.062928618226,0.0,584.7465452613418,16.967759,574.180768,0.0,591.148527
2026-07-16_ttft_component_regression/phase1/input8000_rate2p5_reuse50_seed2,247,0.030727779537822283,14.788527611382193,14.819255390920015,566.062928618226,0.0,580.882184009146,7.081701,540.320015,0.0,547.401716
2026-07-16_ttft_component_regression/phase1/input8000_rate2p5_reuse50_seed2,249,0.9205429467960315,26.11247276329429,27.03301571009032,566.062928618226,0.6222584169834413,593.7182027452998,192.22265599999997,1278.653033,0.625374,1471.501063
2026-07-16_ttft_component_regression/phase1/input8000_rate2p5_reuse50_seed2,254,0.0,17.80188967860731,17.80188967860731,566.062928618226,0.0,583.8648182968333,12.540122,538.478957,0.0,551.019079
2026-07-16_ttft_component_regression/phase1/input8000_rate2p5_reuse50_seed2,261,0.0,19.185735960869767,19.185735960869767,566.062928618226,0.0,585.2486645790958,12.006316,542.894651,0.0,554.900967
2026-07-16_ttft_component_regression/phase1/input8000_rate2p5_reuse50_seed2,263,0.2379139979414853,23.06552975755303,23.303443755494516,566.062928618226,0.0,589.3663723737205,21.912035,545.196597,0.0,567.108632
2026-07-16_ttft_component_regression/phase1/input8000_rate2p5_reuse50_seed2,286,0.0,20.14352394314189,20.14352394314189,566.062928618226,0.0,586.2064525613679,4.217469,549.014666,0.0,553.232135
2026-07-16_ttft_component_regression/phase1/input8000_rate2p5_reuse50_seed2,295,0.0,19.144056231992433,19.144056231992433,566.062928618226,0.0,585.2069848502184,5.675883,549.763958,0.0,555.439841
2026-07-16_ttft_component_regression/phase1/input8000_rate2p5_reuse50_seed2,3,0.01694646980483564,0.7071018635799963,0.7240483333848319,566.062928618226,0.0,566.7869769516109,0.027992,503.866806,0.0,503.894798
2026-07-16_ttft_component_regression/phase1/input8000_rate2p5_reuse50_seed2,7,0.0,8.040278536158821,8.040278536158821,566.062928618226,0.0,574.1032071543848,12.173749,516.792671,0.0,528.96642
2026-07-16_ttft_component_regression/phase1/input8000_rate2p5_reuse50_seed2,25,0.024802767442014602,16.74082236947181,16.765625136913826,566.062928618226,0.0,582.8285537551399,2.759076,527.563113,0.0,530.322189
2026-07-16_ttft_component_regression/phase1/input8000_rate2p5_reuse50_seed2,20,0.0,13.29727137825825,13.29727137825825,566.062928618226,0.0,579.3601999964843,8.873591,523.447736,0.0,532.321327
2026-07-16_ttft_component_regression/phase1/input8000_rate2p5_reuse50_seed2,39,0.0,21.186776076004392,21.186776076004392,566.062928618226,0.0,587.2497046942304,2.78904,541.795686,0.0,544.584726
2026-07-16_ttft_component_regression/phase1/input8000_rate2p5_reuse50_seed2,41,0.1983031551245047,25.382875892629492,25.581179047754,566.062928618226,0.0,591.64410766598,15.565273,545.69137,0.0,561.256643
2026-07-16_ttft_component_regression/phase1/input8000_rate2p5_reuse50_seed2,27,0.024399293029975958,18.8178894272255,18.842288720255475,566.062928618226,0.0,584.9052173384815,213.448325,530.236237,0.0,743.684562
2026-07-16_ttft_component_regression/phase1/input8000_rate2p5_reuse50_seed2,30,0.0,19.660772247029634,19.660772247029634,566.062928618226,0.0,585.7237008652556,12.656731,536.184329,0.0,548.84106
2026-07-16_ttft_component_regression/phase1/input8000_rate2p5_reuse50_seed2,54,186.68984458694374,25.963815646481073,212.6536602334248,566.062928618226,0.6222584169834413,779.3388472686343,191.707742,1025.345922,0.625374,1217.679038
2026-07-16_ttft_component_regression/phase1/input8000_rate2p5_reuse50_seed2,66,0.18404067266443758,25.25897206995745,25.44301274262189,566.062928618226,0.0,591.5059413608479,7.058552,548.978724,0.0,556.037276
2026-07-16_ttft_component_regression/phase1/input8000_rate2p5_reuse50_seed2,91,0.035145530746711874,16.70724811501441,16.74239364576112,566.062928618226,0.0,582.8053222639871,10.249418,534.659499,0.0,544.908917
2026-07-16_ttft_component_regression/phase1/input8000_rate2p5_reuse50_seed2,96,0.0,11.82545301853683,11.82545301853683,566.062928618226,0.0,577.8883816367628,9.750857,532.718104,0.0,542.468961
2026-07-16_ttft_component_regression/phase1/input8000_rate2p5_reuse50_seed2,108,0.03567645616409806,16.686034053047788,16.721710509211885,566.062928618226,0.0,582.7846391274379,25.926514,841.920398,0.0,867.846912
2026-07-16_ttft_component_regression/phase1/input8000_rate2p5_reuse50_seed2,106,0.031653689096123795,14.858176489546732,14.889830178642857,566.062928618226,0.0,580.9527587968689,2.627892,572.875501,0.0,575.503393
2026-07-16_ttft_component_regression/phase1/input8000_rate2p5_reuse50_seed2,112,0.0,19.627262315426876,19.627262315426876,566.062928618226,0.0,585.6901909336528,20.118323,542.256622,0.0,562.374945
2026-07-16_ttft_component_regression/phase1/input8000_rate2p5_reuse50_seed2,118,0.0,21.135852521980812,21.135852521980812,566.062928618226,0.0,587.1987811402068,20.190685,542.799647,0.0,562.990332
2026-07-16_ttft_component_regression/phase1/input8000_rate2p5_reuse50_seed2,116,0.0,19.628633154859628,19.628633154859628,566.062928618226,0.0,585.6915617730856,5.542771,542.501338,0.0,548.044109
2026-07-16_ttft_component_regression/phase1/input8000_rate2p5_reuse50_seed2,134,0.0,19.787603552269125,19.787603552269125,566.062928618226,0.0,585.8505321704952,12.871713,551.638134,0.0,564.509847
2026-07-16_ttft_component_regression/phase1/input8000_rate2p5_reuse50_seed2,143,0.19112471329467592,25.320855641937772,25.51198035523245,566.062928618226,0.0,591.5749089734585,9.045617,550.373307,0.0,559.418924
2026-07-16_ttft_component_regression/phase1/input8000_rate2p5_reuse50_seed2,162,0.19501796698589194,22.61326575392986,22.80828372091575,566.062928618226,0.0,588.8712123391417,12.695757,548.946462,0.0,561.642219
2026-07-16_ttft_component_regression/phase1/input8000_rate2p5_reuse50_seed2,155,1613.0385228869309,26.53296272038875,1639.5714856073196,566.062928618226,0.0,2205.6344142255457,1033.428337,550.097059,0.0,1583.525396
2026-07-16_ttft_component_regression/phase1/input8000_rate2p5_reuse50_seed2,168,2837.71764536534,27.824010587943782,2865.5416559532837,566.062928618226,0.0,3431.60458457151,1686.288425,550.319001,0.0,2236.607426
2026-07-16_ttft_component_regression/phase1/input8000_rate2p5_reuse50_seed2,176,0.1888282598892258,22.56468187792675,22.753510137815976,566.062928618226,0.0,588.816438756042,18.003985,552.530531,0.0,570.534516
2026-07-16_ttft_component_regression/phase1/input8000_rate2p5_reuse50_seed2,189,0.0,19.723722769613342,19.723722769613342,566.062928618226,0.0,585.7866513878394,24.316876,547.148148,0.0,571.465024
2026-07-16_ttft_component_regression/phase1/input8000_rate2p5_reuse50_seed2,191,0.17101094050559473,25.143355576496266,25.31436651700186,566.062928618226,0.0,591.3772951352279,3.023185,548.827742,0.0,551.850927
2026-07-16_ttft_component_regression/phase1/input8000_rate2p5_reuse50_seed2,196,0.0,21.071542099322677,21.071542099322677,566.062928618226,0.0,587.1344707175487,21.66161,544.215202,0.0,565.876812
2026-07-16_ttft_component_regression/phase1/input8000_rate2p5_reuse50_seed2,185,0.0,18.850174334795764,18.850174334795764,566.062928618226,0.0,584.9131029530217,22.557479,548.564913,0.0,571.122392
2026-07-16_ttft_component_regression/phase1/input8000_rate2p5_reuse50_seed2,202,0.17705057409902542,25.197238651058758,25.37428922515778,566.062928618226,0.0,591.4372178433838,19.208551,548.112243,0.0,567.320794
2026-07-16_ttft_component_regression/phase1/input8000_rate2p5_reuse50_seed2,223,0.0,21.0622370049778,21.0622370049778,566.062928618226,0.0,587.1251656232038,15.257739,547.654347,0.0,562.912086
2026-07-16_ttft_component_regression/phase1/input8000_rate2p5_reuse50_seed2,206,0.17878931669682308,25.21265719690322,25.39144651360004,566.062928618226,0.0,591.454375131826,22.613802,548.8863,0.0,571.500102
2026-07-16_ttft_component_regression/phase1/input8000_rate2p5_reuse50_seed2,227,0.1701539607574515,25.13566873079172,25.305822691549174,566.062928618226,0.0,591.3687513097752,15.819674,550.246749,0.0,566.066423
2026-07-16_ttft_component_regression/phase1/input8000_rate2p5_reuse50_seed2,234,0.0,19.71493358929093,19.71493358929093,566.062928618226,0.0,585.7778622075169,24.601294,546.155475,0.0,570.756769
2026-07-16_ttft_component_regression/phase1/input8000_rate2p5_reuse50_seed2,251,0.19147212501760869,22.585490652093622,22.77696277711123,566.062928618226,0.0,588.8398913953372,14.456919,549.424756,0.0,563.881675
2026-07-16_ttft_component_regression/phase1/input8000_rate2p5_reuse50_seed2,236,0.17839712422105136,23.612227104498217,23.790624228719267,566.062928618226,0.0,589.8535528469453,219.767239,547.704509,0.0,767.471748
2026-07-16_ttft_component_regression/phase1/input8000_rate2p5_reuse50_seed2,253,791.3483866133495,26.47814592391381,817.8265325372632,566.062928618226,0.0,1383.8894611554892,585.793935,546.879851,0.0,1132.673786
2026-07-16_ttft_component_regression/phase1/input8000_rate2p5_reuse50_seed2,277,0.0,18.850174334795764,18.850174334795764,566.062928618226,0.0,584.9131029530217,4.510451,547.720393,0.0,552.230844
2026-07-16_ttft_component_regression/phase1/input8000_rate2p5_reuse50_seed2,268,143.9963659206542,24.311201774284747,168.30756769493894,566.062928618226,0.0,734.370496313165,128.007057,549.865541,0.0,677.872598
2026-07-16_ttft_component_regression/phase1/input8000_rate2p5_reuse50_seed2,283,0.2765012345607228,24.11510282313518,24.391604057695904,566.062928618226,0.0,590.4545326759219,18.204172,550.64328,0.0,568.847452
2026-07-16_ttft_component_regression/phase1/input8000_rate2p5_reuse50_seed2,18,0.015714157726630082,0.6734708972359265,0.6891850549625566,566.062928618226,0.0,566.7521136731885,0.004642,503.866806,0.0,503.871448
2026-07-16_ttft_component_regression/phase1/input8000_rate2p5_reuse50_seed2,53,0.9296056846700241,26.13166455747259,27.061270242142612,566.062928618226,0.6222584169834413,593.7464572773521,522.012564,1274.369436,0.625374,1797.007374
2026-07-16_ttft_component_regression/phase1/input8000_rate2p5_reuse50_seed2,49,0.02370739230996965,0.5063242524859953,0.530031644795965,566.062928618226,0.0,566.592960263022,0.013388,509.563458,0.0,509.576846
2026-07-16_ttft_component_regression/phase1/input8000_rate2p5_reuse50_seed2,55,0.9043420784673248,26.07701379955882,26.981355878026143,566.062928618226,0.6222584169834413,593.6665429132356,842.520587,1294.845999,0.625374,2137.99196
2026-07-16_ttft_component_regression/phase1/input8000_rate2p5_reuse50_seed2,50,0.9368878411172664,26.146753233862867,27.083641074980132,566.062928618226,0.6222584169834413,593.7688281101896,117.239305,1250.586067,0.625374,1368.450746
2026-07-16_ttft_component_regression/phase1/input8000_rate2p5_reuse50_seed2,72,0.0,19.703342211720614,19.703342211720614,566.062928618226,0.0,585.7662708299466,9.24927,540.737894,0.0,549.987164
2026-07-16_ttft_component_regression/phase1/input8000_rate2p5_reuse50_seed2,60,0.9259752588779746,26.124031761320307,27.050007020198283,566.062928618226,0.6222584169834413,593.7351940554078,490.444509,1204.875236,0.625374,1695.945119
2026-07-16_ttft_component_regression/phase1/input8000_rate2p5_reuse50_seed2,65,0.0,17.51544999709415,17.51544999709415,566.062928618226,0.0,583.5783786153202,17.501507,535.660681,0.0,553.162188
2026-07-16_ttft_component_regression/phase1/input8000_rate2p5_reuse50_seed2,77,0.9097263446172686,26.0889628585499,26.998689203167167,566.062928618226,0.6222584169834413,593.6838762383766,16.722884999999998,1020.862865,0.625374,1038.211124
2026-07-16_ttft_component_regression/phase1/input8000_rate2p5_reuse50_seed2,103,505.19386901511996,26.040401293556513,531.2342703086765,566.062928618226,0.6222584169834413,1097.919457343886,357.77954900000003,1033.502207,0.625374,1391.90713
2026-07-16_ttft_component_regression/phase1/input8000_rate2p5_reuse50_seed2,129,0.023005248811265012,15.595634192816565,15.61863944162783,566.062928618226,0.0,581.6815680598538,12.39101,533.623518,0.0,546.014528
2026-07-16_ttft_component_regression/phase1/input8000_rate2p5_reuse50_seed2,149,0.9133247600926651,26.096857234732823,27.010181994825487,566.062928618226,0.6222584169834413,593.695369030035,447.71972,1329.465119,0.625374,1777.810213
2026-07-16_ttft_component_regression/phase1/input8000_rate2p5_reuse50_seed2,123,0.0,13.270853659187908,13.270853659187908,566.062928618226,0.0,579.3337822774139,114.12016,825.392153,0.0,939.512313
2026-07-16_ttft_component_regression/phase1/input8000_rate2p5_reuse50_seed2,148,0.9151266379620976,26.100782821177557,27.015909459139653,566.062928618226,0.6222584169834413,593.701096494349,20.241551,1041.661847,0.625374,1062.528772
2026-07-16_ttft_component_regression/phase1/input8000_rate2p5_reuse50_seed2,122,0.0,8.05608316948813,8.05608316948813,566.062928618226,0.0,574.1190117877142,10.298146,561.600876,0.0,571.899022
2026-07-16_ttft_component_regression/phase1/input8000_rate2p5_reuse50_seed2,152,0.9169302953347274,26.104693960894192,27.021624256228918,566.062928618226,0.6222584169834413,593.7068112914384,1090.3582840000001,1300.685659,0.625374,2391.669317
2026-07-16_ttft_component_regression/phase1/input8000_rate2p5_reuse50_seed2,137,0.025390803655961094,18.7781710027814,18.803561806437358,566.062928618226,0.0,584.8664904246634,8.376153,543.725394,0.0,552.101547
2026-07-16_ttft_component_regression/phase1/input8000_rate2p5_reuse50_seed2,141,0.0,19.651541620107317,19.651541620107317,566.062928618226,0.0,585.7144702383333,20.256731,540.921259,0.0,561.17799
2026-07-16_ttft_component_regression/phase1/input8000_rate2p5_reuse50_seed2,203,0.0,7.48582176405017,7.48582176405017,566.062928618226,0.0,573.5487503822761,2.38319,523.44489,0.0,525.82808
2026-07-16_ttft_component_regression/phase1/input8000_rate2p5_reuse50_seed2,208,0.023206023785159836,15.611920747482529,15.63512677126769,566.062928618226,0.0,581.6980553894937,12.615172,534.310781,0.0,546.925953
2026-07-16_ttft_component_regression/phase1/input8000_rate2p5_reuse50_seed2,213,0.0,18.369837641242235,18.369837641242235,566.062928618226,0.0,584.4327662594683,13.843109,538.288911,0.0,552.13202
2026-07-16_ttft_component_regression/phase1/input8000_rate2p5_reuse50_seed2,192,0.0,13.331236782391795,13.331236782391795,566.062928618226,0.0,579.3941654006178,8.176578,531.611493,0.0,539.788071
2026-07-16_ttft_component_regression/phase1/input8000_rate2p5_reuse50_seed2,204,0.8947523715364609,27.297306765470456,28.19205913700692,566.062928618226,0.6222584169834413,594.8772461722164,16.33502,992.202261,0.625374,1009.162655
2026-07-16_ttft_component_regression/phase1/input8000_rate2p5_reuse50_seed2,216,0.0,19.800251080272627,19.800251080272627,566.062928618226,0.0,585.8631796984986,55.174882,544.06345,0.0,599.238332
2026-07-16_ttft_component_regression/phase1/input8000_rate2p5_reuse50_seed2,209,0.02415238500175484,17.570500116247686,17.594652501249442,566.062928618226,0.0,583.6575811194755,17.538666,540.572615,0.0,558.111281
2026-07-16_ttft_component_regression/phase1/input8000_rate2p5_reuse50_seed2,232,0.19342223473578768,23.735642532166757,23.929064766902545,566.062928618226,0.0,589.9919933851286,23.843186,548.98812,0.0,572.831306
2026-07-16_ttft_component_regression/phase1/input8000_rate2p5_reuse50_seed2,260,4388.003815918178,26.412011713044812,4414.415827631223,566.062928618226,0.6222584169834413,4981.101014666432,2801.6870949999998,1034.647219,0.625374,3836.959688
2026-07-16_ttft_component_regression/phase1/input8000_rate2p5_reuse50_seed2,255,840.2392915293782,26.453774452144312,866.6930659815225,566.062928618226,0.6222584169834413,1433.378253016732,618.066046,1047.216129,0.625374,1665.907549
2026-07-16_ttft_component_regression/phase1/input8000_rate2p5_reuse50_seed2,272,0.3728419114925131,23.999128461946178,24.371970373438693,566.062928618226,0.0,590.4348989916647,12.355484,554.119074,0.0,566.474558
2026-07-16_ttft_component_regression/phase1/input8000_rate2p5_reuse50_seed2,294,0.9768971357030856,26.52530995918907,27.502207094892157,566.062928618226,0.6222584169834413,594.1873941301016,82.684655,1289.730532,0.625374,1373.040561
2026-07-16_ttft_component_regression/phase1/input8000_rate2p5_reuse50_seed2,287,1.04266542958076,27.80747330496878,28.850138734549542,566.062928618226,0.6222584169834413,595.535325769759,8.24135,1005.880909,0.625374,1014.747633
2026-07-16_ttft_component_regression/phase1/input8000_rate2p5_reuse50_seed2,297,0.0,19.07670845469184,19.07670845469184,566.062928618226,0.0,585.1396370729178,24.39229,541.602908,0.0,565.995198
2026-07-16_ttft_component_regression/phase1/input8000_rate2p5_reuse50_seed2,291,0.9602165163082601,26.490135702171248,27.45035221847951,566.062928618226,0.6222584169834413,594.1355392536889,9.007574,1038.402108,0.625374,1048.035056
2026-07-16_ttft_component_regression/phase1/input8000_rate2p5_reuse50_seed2,298,1.0050250316349936,26.581227330032313,27.586252361667306,566.062928618226,0.6222584169834413,594.2714393968768,276.285037,1041.704,0.625374,1318.614411
2026-07-16_ttft_component_regression/phase1/input8000_rate2p5_reuse50_seed2,0,0.01685600667019855,0.7045411394885359,0.7213971461587345,566.062928618226,0.0,566.7843257643848,0.0,503.866806,0.0,503.866806
2026-07-16_ttft_component_regression/phase1/input8000_rate2p5_reuse50_seed2,21,0.0,8.042822015730675,8.042822015730675,566.062928618226,0.0,574.1057506339566,3.607327,517.897503,0.0,521.50483
2026-07-16_ttft_component_regression/phase1/input8000_rate2p5_reuse50_seed2,43,0.0,7.487020160178715,7.487020160178715,566.062928618226,0.0,573.5499487784048,14.603709,517.841695,0.0,532.445404
2026-07-16_ttft_component_regression/phase1/input8000_rate2p5_reuse50_seed2,74,0.023105722508323268,15.603774351605177,15.6268800741135,566.062928618226,0.0,581.6898086923395,3.442184,527.263049,0.0,530.705233
2026-07-16_ttft_component_regression/phase1/input8000_rate2p5_reuse50_seed2,79,0.05910353090019465,16.977666423555817,17.036769954456012,566.062928618226,0.0,583.099698572682,4.361565,530.153069,0.0,534.514634
2026-07-16_ttft_component_regression/phase1/input8000_rate2p5_reuse50_seed2,69,0.0,7.487020160178715,7.487020160178715,566.062928618226,0.0,573.5499487784048,11.500342,517.785823,0.0,529.286165
2026-07-16_ttft_component_regression/phase1/input8000_rate2p5_reuse50_seed2,71,0.0,12.418392142099641,12.418392142099641,566.062928618226,0.0,578.4813207603256,13.335237,523.320024,0.0,536.655261
2026-07-16_ttft_component_regression/phase1/input8000_rate2p5_reuse50_seed2,97,0.03683795413297723,16.63765075718347,16.674488711316446,566.062928618226,0.0,582.7374173295425,19.967724,530.966189,0.0,550.933913
2026-07-16_ttft_component_regression/phase1/input8000_rate2p5_reuse50_seed2,115,0.023596897280905405,16.636720069546723,16.66031696682763,566.062928618226,0.0,582.7232455850536,5.276896,534.4079,0.0,539.684796
2026-07-16_ttft_component_regression/phase1/input8000_rate2p5_reuse50_seed2,119,0.0,13.24061287923316,13.24061287923316,566.062928618226,0.0,579.3035414974592,16.80683,534.191277,0.0,550.998107
2026-07-16_ttft_component_regression/phase1/input8000_rate2p5_reuse50_seed2,121,0.022470413884445654,16.542153070842406,16.56462348472685,566.062928618226,0.0,582.6275521029529,33.066888,535.007416,0.0,568.074304
2026-07-16_ttft_component_regression/phase1/input8000_rate2p5_reuse50_seed2,150,0.03195932429963687,14.88150336776217,14.913462692061806,566.062928618226,0.0,580.9763913102878,17.442901,537.283663,0.0,554.726564
2026-07-16_ttft_component_regression/phase1/input8000_rate2p5_reuse50_seed2,156,0.057832753002031084,17.02512370122815,17.08295645423018,566.062928618226,0.0,583.1458850724562,3.335404,538.68725,0.0,542.022654
2026-07-16_ttft_component_regression/phase1/input8000_rate2p5_reuse50_seed2,172,0.05604746844408656,15.093889720143798,15.149937188587884,566.062928618226,0.0,581.2128658068139,2.211489,538.968934,0.0,541.180423
2026-07-16_ttft_component_regression/phase1/input8000_rate2p5_reuse50_seed2,187,0.0,17.520549349605762,17.520549349605762,566.062928618226,0.0,583.5834779678318,6.494864,541.301835,0.0,547.796699
2026-07-16_ttft_component_regression/phase1/input8000_rate2p5_reuse50_seed2,181,0.031243817137471677,14.827159427214415,14.858403244351887,566.062928618226,0.0,580.9213318625779,0.330301,536.777622,0.0,537.107923
2026-07-16_ttft_component_regression/phase1/input8000_rate2p5_reuse50_seed2,183,0.03580778610935414,16.68070274062338,16.716510526732737,566.062928618226,0.0,582.7794391449587,4.691245,537.333592,0.0,542.024837
2026-07-16_ttft_component_regression/phase1/input8000_rate2p5_reuse50_seed2,199,0.029585194053492577,18.588924776350904,18.618509970404396,566.062928618226,0.0,584.6814385886304,4.073315,537.835237,0.0,541.908552
2026-07-16_ttft_component_regression/phase1/input8000_rate2p5_reuse50_seed2,218,0.0,8.060588722477972,8.060588722477972,566.062928618226,0.0,574.123517340704,13.731239,527.814624,0.0,541.545863
2026-07-16_ttft_component_regression/phase1/input8000_rate2p5_reuse50_seed2,233,0.0,11.817001041836049,11.817001041836049,566.062928618226,0.0,577.8799296600621,15.534288,533.103868,0.0,548.638156
2026-07-16_ttft_component_regression/phase1/input8000_rate2p5_reuse50_seed2,237,0.031755737666511165,14.865946053483839,14.89770179115035,566.062928618226,0.0,580.9606304093763,19.891454,534.074292,0.0,553.965746
2026-07-16_ttft_component_regression/phase1/input8000_rate2p5_reuse50_seed2,245,0.024846752934844084,17.543583184142715,17.56842993707756,566.062928618226,0.0,583.6313585553036,14.301665,535.831555,0.0,550.13322
2026-07-16_ttft_component_regression/phase1/input8000_rate2p5_reuse50_seed2,280,0.0,19.18878303730245,19.18878303730245,566.062928618226,0.0,585.2517116555284,21.153606,546.449314,0.0,567.60292
2026-07-16_ttft_component_regression/phase1/input8000_rate2p5_reuse50_seed2,274,0.0,18.72105943219932,18.72105943219932,566.062928618226,0.0,584.7839880504254,20.611813,541.820571,0.0,562.432384
2026-07-16_ttft_component_regression/phase1/input8000_rate2p5_reuse50_seed2,269,0.26634940252949313,13.904940957238129,14.171290359767621,566.062928618226,0.0,580.2342189779936,2.788519,572.397275,0.0,575.185794
2026-07-16_ttft_component_regression/phase1/input8000_rate2p5_reuse50_seed2,270,0.2662570129633102,15.62757693541421,15.89383394837752,566.062928618226,0.0,581.9567625666035,219.150053,841.296159,0.0,1060.446212
2026-07-16_ttft_component_regression/phase1/input8000_rate2p5_reuse50_seed2,285,0.2379139979414853,23.06552975755303,23.303443755494516,566.062928618226,0.0,589.3663723737205,19.658799,547.880089,0.0,567.538888
2026-07-16_ttft_component_regression/phase1/input8000_rate2p5_reuse50_seed2,299,77.65368034201683,27.868202215054477,105.52188255707131,566.062928618226,0.0,671.5848111752973,69.808238,551.875154,0.0,621.683392
2026-07-16_ttft_component_regression/phase1/input8000_rate2p5_reuse50_seed2,9,0.015614278775947758,0.6708538703757668,0.6864681491517146,566.062928618226,0.0,566.7493967673777,0.000903,503.866806,0.0,503.867709
2026-07-16_ttft_component_regression/phase1/input8000_rate2p5_reuse50_seed2,24,0.0,8.057225788492332,8.057225788492332,566.062928618226,0.0,574.1201544067184,13.275451,517.220927,0.0,530.496378
2026-07-16_ttft_component_regression/phase1/input8000_rate2p5_reuse50_seed2,36,0.0,8.059478631052421,8.059478631052421,566.062928618226,0.0,574.1224072492785,1.804938,517.160255,0.0,518.965193
2026-07-16_ttft_component_regression/phase1/input8000_rate2p5_reuse50_seed2,68,0.0,7.503844282102931,7.503844282102931,566.062928618226,0.0,573.5667729003289,22.975412,803.03088,0.0,826.006292
2026-07-16_ttft_component_regression/phase1/input8000_rate2p5_reuse50_seed2,70,0.0,12.368751624787997,12.368751624787997,566.062928618226,0.0,578.4316802430141,2.191354,522.856088,0.0,525.047442
2026-07-16_ttft_component_regression/phase1/input8000_rate2p5_reuse50_seed2,67,0.015766660593180444,0.5999985223172755,0.6157651829104559,566.062928618226,0.0,566.6786938011364,0.020653,542.367394,0.0,542.388047
2026-07-16_ttft_component_regression/phase1/input8000_rate2p5_reuse50_seed2,81,0.030624089272104284,14.780820091966925,14.811444181239029,566.062928618226,0.0,580.874372799465,2.78582,527.121065,0.0,529.906885
2026-07-16_ttft_component_regression/phase1/input8000_rate2p5_reuse50_seed2,93,0.03683795413297723,16.63765075718347,16.674488711316446,566.062928618226,0.0,582.7374173295425,6.28641,530.930733,0.0,537.217143
2026-07-16_ttft_component_regression/phase1/input8000_rate2p5_reuse50_seed2,100,0.0,17.518005181145156,17.518005181145156,566.062928618226,0.0,583.5809337993712,22.063209,543.496086,0.0,565.559295
2026-07-16_ttft_component_regression/phase1/input8000_rate2p5_reuse50_seed2,120,0.0,13.234216208774992,13.234216208774992,566.062928618226,0.0,579.297144827001,3.523221,527.629321,0.0,531.152542
2026-07-16_ttft_component_regression/phase1/input8000_rate2p5_reuse50_seed2,151,0.004312826323411059,7.14960556523632,7.153918391559731,566.062928618226,0.0,573.2168470097857,11.503621,521.113265,0.0,532.616886
2026-07-16_ttft_component_regression/phase1/input8000_rate2p5_reuse50_seed2,161,0.02947325957909397,14.696460894671057,14.725934154250151,566.062928618226,0.0,580.7888627724761,19.392769,532.844495,0.0,552.237264
2026-07-16_ttft_component_regression/phase1/input8000_rate2p5_reuse50_seed2,157,0.0,11.99136323197316,11.99136323197316,566.062928618226,0.0,578.0542918501992,7.850862,532.404834,0.0,540.255696
2026-07-16_ttft_component_regression/phase1/input8000_rate2p5_reuse50_seed2,165,0.09925900267852017,15.774628117923092,15.873887120601612,566.062928618226,0.0,581.9368157388276,19.692105,531.199736,0.0,550.891841
2026-07-16_ttft_component_regression/phase1/input8000_rate2p5_reuse50_seed2,190,0.0,12.393798913080627,12.393798913080627,566.062928618226,0.0,578.4567275313067,18.089077,536.925432,0.0,555.014509
2026-07-16_ttft_component_regression/phase1/input8000_rate2p5_reuse50_seed2,210,0.0,7.514729554296276,7.514729554296276,566.062928618226,0.0,573.5776581725223,9.117465,532.957879,0.0,542.075344
2026-07-16_ttft_component_regression/phase1/input8000_rate2p5_reuse50_seed2,222,0.0,8.07588617534464,8.07588617534464,566.062928618226,0.0,574.1388147935706,8.302015,527.926632,0.0,536.228647
2026-07-16_ttft_component_regression/phase1/input8000_rate2p5_reuse50_seed2,235,0.0,12.342243542529133,12.342243542529133,566.062928618226,0.0,578.4051721607551,9.321852,532.22599,0.0,541.547842
2026-07-16_ttft_component_regression/phase1/input8000_rate2p5_reuse50_seed2,250,0.0,18.792354664576244,18.792354664576244,566.062928618226,0.0,584.8552832828022,167.812828,842.708942,0.0,1010.52177
2026-07-16_ttft_component_regression/phase1/input8000_rate2p5_reuse50_seed2,241,0.038902785834784216,16.543781764010603,16.58268454984539,566.062928618226,0.0,582.6456131680713,75.156461,838.172234,0.0,913.328695
2026-07-16_ttft_component_regression/phase1/input8000_rate2p5_reuse50_seed2,248,0.0,17.502503491508687,17.502503491508687,566.062928618226,0.0,583.5654321097347,57.461669,572.864467,0.0,630.326136
2026-07-16_ttft_component_regression/phase1/input8000_rate2p5_reuse50_seed2,240,0.028518357309608642,14.628032127390451,14.65655048470006,566.062928618226,0.0,580.719479102926,14.379382,570.011751,0.0,584.391133
2026-07-16_ttft_component_regression/phase1/input8000_rate2p5_reuse50_seed2,265,1.1559374118487176,27.5146859947651,28.670623406613817,566.062928618226,0.6222584169834413,595.3558104418232,25.001734000000003,1029.974095,0.625374,1055.601203
2026-07-16_ttft_component_regression/phase1/input8000_rate2p5_reuse50_seed2,258,0.17580754127426856,22.460951092616963,22.63675863389123,566.062928618226,0.0,588.6996872521172,5.400713,552.292632,0.0,557.693345
2026-07-16_ttft_component_regression/phase1/input8000_rate2p5_reuse50_seed2,284,3181.0217562626635,27.518926758696672,3208.54068302136,566.062928618226,0.0,3774.6036116395862,1792.6088539999998,549.634383,0.0,2342.243237
2026-07-16_ttft_component_regression/phase1/input8000_rate2p5_reuse50_seed2,279,0.19147212501760869,22.585490652093622,22.77696277711123,566.062928618226,0.0,588.8398913953372,24.856836,548.504618,0.0,573.361454
2026-07-16_ttft_component_regression/phase1/input8000_rate2p5_reuse50_seed2,293,3173.118993094385,26.461956013338988,3199.5809491077243,566.062928618226,0.0,3765.6438777259505,2029.975632,552.094192,0.0,2582.069824
2026-07-16_ttft_component_regression/phase1/input8000_rate2p5_reuse50_seed2,16,0.02163927580762784,16.473914989207408,16.495554265015038,566.062928618226,0.0,582.558482883241,13.164738,564.130559,0.0,577.295297
2026-07-16_ttft_component_regression/phase1/input8000_rate2p5_reuse50_seed2,12,0.0,13.250723584799402,13.250723584799402,566.062928618226,0.0,579.3136522030254,185.80311,522.927192,0.0,708.730302
2026-07-16_ttft_component_regression/phase1/input8000_rate2p5_reuse50_seed2,17,0.030306682613584757,18.552023752471314,18.5823304350849,566.062928618226,0.0,584.645259053311,226.228736,827.23339,0.0,1053.462126
2026-07-16_ttft_component_regression/phase1/input8000_rate2p5_reuse50_seed2,11,0.0,8.053765866413372,8.053765866413372,566.062928618226,0.0,574.1166944846394,5.529943,516.838303,0.0,522.368246
2026-07-16_ttft_component_regression/phase1/input8000_rate2p5_reuse50_seed2,4,0.01694646980483564,0.7071018635799963,0.7240483333848319,566.062928618226,0.0,566.7869769516109,0.00274,503.866806,0.0,503.869546
2026-07-16_ttft_component_regression/phase1/input8000_rate2p5_reuse50_seed2,31,0.0,21.053018838928132,21.053018838928132,566.062928618226,0.0,587.1159474571541,3.860447,541.283782,0.0,545.144229
2026-07-16_ttft_component_regression/phase1/input8000_rate2p5_reuse50_seed2,28,0.0,19.597812837068673,19.597812837068673,566.062928618226,0.0,585.6607414552947,9.822396,536.179881,0.0,546.002277
2026-07-16_ttft_component_regression/phase1/input8000_rate2p5_reuse50_seed2,58,0.0,11.807361786610896,11.807361786610896,566.062928618226,0.0,577.8702904048369,2.08711,523.8494,0.0,525.93651
2026-07-16_ttft_component_regression/phase1/input8000_rate2p5_reuse50_seed2,80,0.02806727660899025,7.267619992977853,7.295687269586843,566.062928618226,0.0,573.3586158878129,3.287966,520.248259,0.0,523.536225
2026-07-16_ttft_component_regression/phase1/input8000_rate2p5_reuse50_seed2,86,0.9007614772381117,26.06897649663877,26.96973797387688,566.062928618226,0.6222584169834413,593.6549250090864,272.17938100000003,1005.879204,0.625374,1278.683959
2026-07-16_ttft_component_regression/phase1/input8000_rate2p5_reuse50_seed2,85,0.0,11.804271303590012,11.804271303590012,566.062928618226,0.0,577.867199921816,19.19911,531.563539,0.0,550.762649
2026-07-16_ttft_component_regression/phase1/input8000_rate2p5_reuse50_seed2,102,0.8811957235899606,26.02376533078109,26.90496105437105,566.062928618226,0.6222584169834413,593.5901480895805,252.223986,1012.671042,0.625374,1265.520402
2026-07-16_ttft_component_regression/phase1/input8000_rate2p5_reuse50_seed2,101,0.03144908659454675,14.842655670795429,14.874104757389976,566.062928618226,0.0,580.937033375616,12.348095,536.07204,0.0,548.420135
2026-07-16_ttft_component_regression/phase1/input8000_rate2p5_reuse50_seed2,109,0.0,19.79707448973273,19.79707448973273,566.062928618226,0.0,585.8600031079587,106.781875,542.663361,0.0,649.445236
2026-07-16_ttft_component_regression/phase1/input8000_rate2p5_reuse50_seed2,107,0.891841180553295,26.048635815571316,26.940476996124612,566.062928618226,0.6222584169834413,593.625664031334,18.496754000000003,1017.878111,0.625374,1037.000239
2026-07-16_ttft_component_regression/phase1/input8000_rate2p5_reuse50_seed2,128,0.2028378242179179,25.421701917168374,25.624539741386293,566.062928618226,0.0,591.6874683596124,131.728039,857.796374,0.0,989.524413
2026-07-16_ttft_component_regression/phase1/input8000_rate2p5_reuse50_seed2,127,0.0,21.197247172196782,21.197247172196782,566.062928618226,0.0,587.2601757904227,8.128327,582.289256,0.0,590.417583
2026-07-16_ttft_component_regression/phase1/input8000_rate2p5_reuse50_seed2,140,0.0,21.149201692158105,21.149201692158105,566.062928618226,0.0,587.2121303103842,18.863584,547.596935,0.0,566.460519
2026-07-16_ttft_component_regression/phase1/input8000_rate2p5_reuse50_seed2,146,0.19882690305927012,23.779338653103444,23.978165556162715,566.062928618226,0.0,590.0410941743887,8.065164,553.3409,0.0,561.406064
2026-07-16_ttft_component_regression/phase1/input8000_rate2p5_reuse50_seed2,153,4951.145446649784,26.540555339138034,4977.686001988923,566.062928618226,0.0,5543.748930607148,3410.650679,552.605187,0.0,3963.255866
2026-07-16_ttft_component_regression/phase1/input8000_rate2p5_reuse50_seed2,171,0.22772432747538776,22.987778548918808,23.215502876394197,566.062928618226,0.0,589.2784314946202,16.262172,557.480887,0.0,573.743059
2026-07-16_ttft_component_regression/phase1/input8000_rate2p5_reuse50_seed2,173,0.0,18.879069637632515,18.879069637632515,566.062928618226,0.0,584.9419982558585,4.757543,547.053492,0.0,551.811035
2026-07-16_ttft_component_regression/phase1/input8000_rate2p5_reuse50_seed2,194,0.0,19.616195785683647,19.616195785683647,566.062928618226,0.0,585.6791244039097,13.366679,546.218464,0.0,559.585143
2026-07-16_ttft_component_regression/phase1/input8000_rate2p5_reuse50_seed2,184,0.0,18.91495111785495,18.91495111785495,566.062928618226,0.0,584.9778797360809,24.015056,549.604476,0.0,573.619532
2026-07-16_ttft_component_regression/phase1/input8000_rate2p5_reuse50_seed2,200,0.0289678252007365,18.619331660200217,18.648299485400955,566.062928618226,0.0,584.7112281036269,8.241908,539.136944,0.0,547.378852
2026-07-16_ttft_component_regression/phase1/input8000_rate2p5_reuse50_seed2,205,0.026458385237448517,17.47780634460663,17.504264729844078,566.062928618226,0.0,583.5671933480701,0.74247,537.633259,0.0,538.375729
2026-07-16_ttft_component_regression/phase1/input8000_rate2p5_reuse50_seed2,219,0.0,19.628633154859628,19.628633154859628,566.062928618226,0.0,585.6915617730856,0.466451,545.578257,0.0,546.044708
2026-07-16_ttft_component_regression/phase1/input8000_rate2p5_reuse50_seed2,244,0.0,18.364725684526444,18.364725684526444,566.062928618226,0.0,584.4276543027524,181.118777,825.461784,0.0,1006.580561
2026-07-16_ttft_component_regression/phase1/input8000_rate2p5_reuse50_seed2,242,0.031653689096123795,14.858176489546732,14.889830178642857,566.062928618226,0.0,580.9527587968689,1.519676,569.848715,0.0,571.368391
2026-07-16_ttft_component_regression/phase1/input8000_rate2p5_reuse50_seed2,256,0.9657603471042233,26.501993591932585,27.467753939036808,566.062928618226,0.6222584169834413,594.1529409742462,17.191071,1017.500432,0.625374,1035.316877
2026-07-16_ttft_component_regression/phase1/input8000_rate2p5_reuse50_seed2,239,0.9368878411172664,26.146753233862867,27.083641074980132,566.062928618226,0.6222584169834413,593.7688281101896,20.455285,989.399911,0.625374,1010.48057
2026-07-16_ttft_component_regression/phase1/input8000_rate2p5_reuse50_seed2,264,0.2698772389762117,24.06342778940917,24.333305028385382,566.062928618226,0.0,590.3962336466113,1.988228,546.73074,0.0,548.718968
2026-07-16_ttft_component_regression/phase1/input8000_rate2p5_reuse50_seed2,243,0.024846752934844084,17.543583184142715,17.56842993707756,566.062928618226,0.0,583.6313585553036,114.453915,882.82973,0.0,997.283645
2026-07-16_ttft_component_regression/phase1/input8000_rate2p5_reuse50_seed2,281,0.9657603471042233,26.501993591932585,27.467753939036808,566.062928618226,0.6222584169834413,594.1529409742462,16.753772,1040.394633,0.625374,1057.773779
2026-07-16_ttft_component_regression/phase1/input8000_rate2p5_reuse50_seed2,296,2841.1251111850606,26.470079929925387,2867.595191114986,566.062928618226,0.6222584169834413,3434.2803781501957,1753.0052799999999,1037.126482,0.625374,2790.757136
2026-07-16_ttft_component_regression/phase1/input8000_rate2p5_reuse50_seed2,290,1100.638629495915,26.52530995918907,1127.1639394551041,566.062928618226,0.6222584169834413,1693.8491264903134,643.821509,1041.82509,0.625374,1686.271973
2026-07-16_ttft_component_regression/phase1/input8000_rate2p5_reuse50_seed2,19,0.015412323510383479,0.6656072804718739,0.6810196039822574,566.062928618226,0.0,566.7439482222082,0.008651,503.866806,0.0,503.875457
2026-07-16_ttft_component_regression/phase1/input8000_rate2p5_reuse50_seed2,32,0.0,8.072060878176492,8.072060878176492,566.062928618226,0.0,574.1349894964025,11.828501,517.451711,0.0,529.280212
2026-07-16_ttft_component_regression/phase1/input8000_rate2p5_reuse50_seed2,33,0.0,13.24061287923316,13.24061287923316,566.062928618226,0.0,579.3035414974592,172.008784,523.05372,0.0,695.062504
2026-07-16_ttft_component_regression/phase1/input8000_rate2p5_reuse50_seed2,37,0.021952084005713884,16.49945012377191,16.521402207777626,566.062928618226,0.0,582.5843308260037,7.492077,527.347433,0.0,534.83951
2026-07-16_ttft_component_regression/phase1/input8000_rate2p5_reuse50_seed2,64,0.0,18.836061177690574,18.836061177690574,566.062928618226,0.0,584.8989897959166,10.609198,540.942438,0.0,551.551636
2026-07-16_ttft_component_regression/phase1/input8000_rate2p5_reuse50_seed2,61,0.027361758842374573,17.438665188507922,17.466026947350297,566.062928618226,0.0,583.5289555655763,13.068038,530.607085,0.0,543.675123
2026-07-16_ttft_component_regression/phase1/input8000_rate2p5_reuse50_seed2,59,0.030934680404138545,14.80396156633077,14.834896246734909,566.062928618226,0.0,580.897824864961,7.442769,527.963657,0.0,535.406426
2026-07-16_ttft_component_regression/phase1/input8000_rate2p5_reuse50_seed2,62,0.0,18.350456406727698,18.350456406727698,566.062928618226,0.0,584.4133850249538,61.298629,536.258153,0.0,597.556782
2026-07-16_ttft_component_regression/phase1/input8000_rate2p5_reuse50_seed2,82,0.18358032360091514,22.52312506176188,22.706705385362795,566.062928618226,0.0,588.7696340035889,0.0209,547.047851,0.0,547.068751
2026-07-16_ttft_component_regression/phase1/input8000_rate2p5_reuse50_seed2,75,0.17319523489953,23.568822920113806,23.742018155013337,566.062928618226,0.0,589.8049467732393,6.79311,548.454666,0.0,555.247776
2026-07-16_ttft_component_regression/phase1/input8000_rate2p5_reuse50_seed2,89,3905.9615326942667,25.98121454418903,3931.942747238456,566.062928618226,0.6222584169834413,4498.627934273665,8859.622647,1037.251686,0.625374,9897.499707
2026-07-16_ttft_component_regression/phase1/input8000_rate2p5_reuse50_seed2,90,2220.983483790305,26.07300225162034,2247.0564860419254,566.062928618226,0.0,2813.1194146601515,1196.426649,549.868387,0.0,1746.295036
2026-07-16_ttft_component_regression/phase1/input8000_rate2p5_reuse50_seed2,88,4080.09120478841,26.044525538099396,4106.1357303265095,566.062928618226,0.6222584169834413,4672.820917361719,3907.689962,1029.10472,0.625374,4937.420056
2026-07-16_ttft_component_regression/phase1/input8000_rate2p5_reuse50_seed2,124,0.029216515546974412,18.607206358764394,18.636422874311368,566.062928618226,0.0,584.6993514925374,0.387438,540.495256,0.0,540.882694
2026-07-16_ttft_component_regression/phase1/input8000_rate2p5_reuse50_seed2,159,0.028176094789745726,7.268539774070151,7.296715868859897,566.062928618226,0.0,573.3596444870859,9.934115,523.292534,0.0,533.226649
2026-07-16_ttft_component_regression/phase1/input8000_rate2p5_reuse50_seed2,163,0.02806727660899025,7.267619992977853,7.295687269586843,566.062928618226,0.0,573.3586158878129,0.097098,565.868998,0.0,565.966096
2026-07-16_ttft_component_regression/phase1/input8000_rate2p5_reuse50_seed2,166,0.04118021046837467,12.59229791285624,12.633478123324615,566.062928618226,0.0,578.6964067415506,37.996023,830.547279,0.0,868.543302
2026-07-16_ttft_component_regression/phase1/input8000_rate2p5_reuse50_seed2,169,0.05273386697284128,14.85255772036729,14.905291587340132,566.062928618226,0.0,580.9682202055661,2.253716,531.557611,0.0,533.811327
2026-07-16_ttft_component_regression/phase1/input8000_rate2p5_reuse50_seed2,179,0.03807342155630828,16.58282779666216,16.620901218218467,566.062928618226,0.0,582.6838298364445,18.240656,536.837374,0.0,555.07803
2026-07-16_ttft_component_regression/phase1/input8000_rate2p5_reuse50_seed2,186,0.0,17.514168226403303,17.514168226403303,566.062928618226,0.0,583.5770968446293,22.426156,550.167858,0.0,572.594014
2026-07-16_ttft_component_regression/phase1/input8000_rate2p5_reuse50_seed2,197,0.022779556804518417,16.567860309529063,16.590639866333582,566.062928618226,0.0,582.6535684845596,4.154217,535.806937,0.0,539.961154
2026-07-16_ttft_component_regression/phase1/input8000_rate2p5_reuse50_seed2,220,0.0,13.250723584799402,13.250723584799402,566.062928618226,0.0,579.3136522030254,16.170883,527.270206,0.0,543.441089
2026-07-16_ttft_component_regression/phase1/input8000_rate2p5_reuse50_seed2,262,0.0,11.989787995686989,11.989787995686989,566.062928618226,0.0,578.052716613913,10.849361,532.604898,0.0,543.454259
2026-07-16_ttft_component_regression/phase1/input8000_rate2p5_reuse50_seed2,266,0.19722338670704676,10.957001099928164,11.15422448663521,566.062928618226,0.0,577.2171531048613,3.130255,530.978048,0.0,534.108303
2026-07-16_ttft_component_regression/phase1/input8000_rate2p5_reuse50_seed2,252,0.9937249315006199,26.55927194605391,27.55299687755453,566.062928618226,0.6222584169834413,594.2381839127639,6.646093,975.606128,0.625374,982.877595
2026-07-16_ttft_component_regression/phase1/input8000_rate2p5_reuse50_seed2,271,0.16863076579445815,15.599330389112307,15.767961154906764,566.062928618226,0.0,581.8308897731328,4.31349,533.67,0.0,537.98349
2026-07-16_ttft_component_regression/phase1/input8000_rate2p5_reuse50_seed2,288,0.10628858357534682,17.731036637123438,17.837325220698784,566.062928618226,0.0,583.9002538389248,15.974803,539.001624,0.0,554.976427
2026-07-16_ttft_component_regression/phase1/input8000_rate2p5_reuse50_seed2,14,0.0,8.058357631036833,8.058357631036833,566.062928618226,0.0,574.1212862492629,6.397225,516.760831,0.0,523.158056
2026-07-16_ttft_component_regression/phase1/input8000_rate2p5_reuse50_seed2,22,0.0,13.238987853746227,13.238987853746227,566.062928618226,0.0,579.3019164719723,13.194792,523.075416,0.0,536.270208
2026-07-16_ttft_component_regression/phase1/input8000_rate2p5_reuse50_seed2,8,0.01685600667019855,0.7045411394885359,0.7213971461587345,566.062928618226,0.0,566.7843257643848,0.000906,503.866806,0.0,503.867712
2026-07-16_ttft_component_regression/phase1/input8000_rate2p5_reuse50_seed2,56,0.8583513158391027,25.968185428867034,26.826536744706136,566.062928618226,423.9400663798772,1016.8295317428093,230.17444362011838,522.899288,423.9400663798817,1177.013798
2026-07-16_ttft_component_regression/phase1/input8000_rate2p5_reuse50_seed2,47,0.8936216719263008,26.05273209167507,26.946353763601373,566.062928618226,423.9400663798772,1016.9493487617045,0.0183856201183795,503.866806,423.9400663798817,927.825258
2026-07-16_ttft_component_regression/phase1/input8000_rate2p5_reuse50_seed2,57,0.0,135.9979587113183,135.9979587113183,566.062928618226,0.0,702.0608873295444,7.784677,516.795455,0.0,524.580132
2026-07-16_ttft_component_regression/phase1/input8000_rate2p5_reuse50_seed2,76,0.030103280658454322,14.742378034644137,14.772481315302592,566.062928618226,0.0,580.8354099335286,16.14228,527.832425,0.0,543.974705
2026-07-16_ttft_component_regression/phase1/input8000_rate2p5_reuse50_seed2,83,0.03758630474328427,16.60489178872551,16.642478093468796,566.062928618226,0.0,582.7054067116948,4.184323,530.590637,0.0,534.77496
2026-07-16_ttft_component_regression/phase1/input8000_rate2p5_reuse50_seed2,111,0.0,8.068048374860362,8.068048374860362,566.062928618226,0.0,574.1309769930864,224.089254,811.960363,0.0,1036.049617
2026-07-16_ttft_component_regression/phase1/input8000_rate2p5_reuse50_seed2,110,0.015813305695308127,0.6760837172335339,0.691897022928842,566.062928618226,0.0,566.7548256411549,0.024256,545.815335,0.0,545.839591
2026-07-16_ttft_component_regression/phase1/input8000_rate2p5_reuse50_seed2,133,0.0,13.226609499506619,13.226609499506619,566.062928618226,0.0,579.2895381177326,17.601713,534.525875,0.0,552.127588
2026-07-16_ttft_component_regression/phase1/input8000_rate2p5_reuse50_seed2,142,0.02044035247237034,15.394231939044055,15.414672291516425,566.062928618226,0.0,581.4776009097425,7.769956,536.807518,0.0,544.577474
2026-07-16_ttft_component_regression/phase1/input8000_rate2p5_reuse50_seed2,145,0.036711190840614236,16.643071359349584,16.679782550190197,566.062928618226,0.0,582.7427111684162,12.385207,537.347699,0.0,549.732906
2026-07-16_ttft_component_regression/phase1/input8000_rate2p5_reuse50_seed2,170,0.059517071054672986,16.961645492150815,17.02116256320549,566.062928618226,0.0,583.0840911814315,12.982077,535.199627,0.0,548.181704
2026-07-16_ttft_component_regression/phase1/input8000_rate2p5_reuse50_seed2,167,0.05625584833544312,15.109670544022377,15.16592639235782,566.062928618226,0.0,581.2288550105839,12.355825,534.271245,0.0,546.62707
2026-07-16_ttft_component_regression/phase1/input8000_rate2p5_reuse50_seed2,180,0.9133247600926651,26.096857234732823,27.010181994825487,566.062928618226,423.9400663798772,1017.0131769929287,14.49985562011838,538.425633,423.9400663798817,976.865555
2026-07-16_ttft_component_regression/phase1/input8000_rate2p5_reuse50_seed2,201,0.0,13.257805924365602,13.257805924365602,566.062928618226,0.0,579.3207345425916,14.107584,529.785268,0.0,543.892852
2026-07-16_ttft_component_regression/phase1/input8000_rate2p5_reuse50_seed2,211,0.0,7.504886289596548,7.504886289596548,566.062928618226,0.0,573.5678149078226,5.223943,520.482195,0.0,525.706138
2026-07-16_ttft_component_regression/phase1/input8000_rate2p5_reuse50_seed2,225,0.022676666122690134,16.559284169451075,16.581960835573767,566.062928618226,0.0,582.6448894537998,17.647721,535.718764,0.0,553.366485
2026-07-16_ttft_component_regression/phase1/input8000_rate2p5_reuse50_seed2,215,0.0,12.388502254565768,12.388502254565768,566.062928618226,0.0,578.4514308727918,9.575018,531.443315,0.0,541.018333
2026-07-16_ttft_component_regression/phase1/input8000_rate2p5_reuse50_seed2,228,0.027614775954429783,17.42737709622688,17.45499187218131,566.062928618226,0.0,583.5179204904073,10.388088,569.858779,0.0,580.246867
2026-07-16_ttft_component_regression/phase1/input8000_rate2p5_reuse50_seed2,229,0.0,18.351766894165554,18.351766894165554,566.062928618226,0.0,584.4146955123915,168.315426,839.932657,0.0,1008.248083
2026-07-16_ttft_component_regression/phase1/input8000_rate2p5_reuse50_seed2,246,0.18629869058583845,23.677488655972297,23.863787346558137,566.062928618226,0.0,589.9267159647842,10.616248,546.369372,0.0,556.98562
2026-07-16_ttft_component_regression/phase1/input8000_rate2p5_reuse50_seed2,238,0.0,18.884957431979238,18.884957431979238,566.062928618226,0.0,584.9478860502053,23.468379,542.778943,0.0,566.247322
2026-07-16_ttft_component_regression/phase1/input8000_rate2p5_reuse50_seed2,267,1573.1049889175204,24.365199554037208,1597.4701884715575,566.062928618226,423.9400663798772,2587.4731834696604,874.9302166201184,550.286717,423.9400663798817,1849.157
2026-07-16_ttft_component_regression/phase1/input8000_rate2p5_reuse50_seed2,259,0.20218079933983216,22.66891339574372,22.87109419508355,566.062928618226,0.0,588.9340228133095,20.321372,548.155886,0.0,568.477258
2026-07-16_ttft_component_regression/phase1/input8000_rate2p5_reuse50_seed2,5,0.0,8.061687839261246,8.061687839261246,566.062928618226,0.0,574.1246164574873,8.402975,516.758943,0.0,525.161918
2026-07-16_ttft_component_regression/phase1/input8000_rate2p5_reuse50_seed2,1,0.01676482597545372,0.701975962176911,0.7187407881523648,566.062928618226,0.0,566.7816694063783,0.25251,503.866806,0.0,504.119316
2026-07-16_ttft_component_regression/phase1/input8000_rate2p5_reuse50_seed2,13,0.0,13.24225510849355,13.24225510849355,566.062928618226,0.0,579.3051837267195,0.456161,523.067832,0.0,523.523993
2026-07-16_ttft_component_regression/phase1/input8000_rate2p5_reuse50_seed2,40,0.0,8.070077763678748,8.070077763678748,566.062928618226,0.0,574.1330063819048,13.221657,518.188703,0.0,531.41036
2026-07-16_ttft_component_regression/phase1/input8000_rate2p5_reuse50_seed2,52,0.030103280658454322,14.742378034644137,14.772481315302592,566.062928618226,0.0,580.8354099335286,8.47986,527.011113,0.0,535.490973
2026-07-16_ttft_component_regression/phase1/input8000_rate2p5_reuse50_seed2,48,0.0,11.815356293268254,11.815356293268254,566.062928618226,0.0,577.8782849114942,16.790027,522.89772,0.0,539.687747
2026-07-16_ttft_component_regression/phase1/input8000_rate2p5_reuse50_seed2,46,0.0033551949778476264,7.140896332937285,7.144251527915133,566.062928618226,0.0,573.2071801461411,4.468718,516.769247,0.0,521.237965
2026-07-16_ttft_component_regression/phase1/input8000_rate2p5_reuse50_seed2,87,0.0,17.534352220009364,17.534352220009364,566.062928618226,0.0,583.5972808382354,22.324532,542.478254,0.0,564.802786
2026-07-16_ttft_component_regression/phase1/input8000_rate2p5_reuse50_seed2,78,0.0,17.798110434682286,17.798110434682286,566.062928618226,0.0,583.8610390529083,21.889422,542.401231,0.0,564.290653
2026-07-16_ttft_component_regression/phase1/input8000_rate2p5_reuse50_seed2,73,0.026848916237548728,17.461101404128446,17.487950320365993,566.062928618226,0.0,583.550878938592,0.866906,531.204525,0.0,532.071431
2026-07-16_ttft_component_regression/phase1/input8000_rate2p5_reuse50_seed2,99,0.02658912035027037,17.4722496550757,17.49883877542597,566.062928618226,0.0,583.561767393652,9.864837,539.163054,0.0,549.027891
2026-07-16_ttft_component_regression/phase1/input8000_rate2p5_reuse50_seed2,104,0.0278655038726354,17.41604226378017,17.443907767652806,566.062928618226,0.0,583.5068363858788,4.76376,537.659115,0.0,542.422875
2026-07-16_ttft_component_regression/phase1/input8000_rate2p5_reuse50_seed2,126,0.0,13.226609499506619,13.226609499506619,566.062928618226,0.0,579.2895381177326,0.877306,528.158544,0.0,529.03585
2026-07-16_ttft_component_regression/phase1/input8000_rate2p5_reuse50_seed2,147,0.0,17.53186589757718,17.53186589757718,566.062928618226,0.0,583.5947945158032,238.619244,539.218775,0.0,777.838019
2026-07-16_ttft_component_regression/phase1/input8000_rate2p5_reuse50_seed2,158,0.0,17.524345283029987,17.524345283029987,566.062928618226,0.0,583.587273901256,15.358173,538.513739,0.0,553.871912
2026-07-16_ttft_component_regression/phase1/input8000_rate2p5_reuse50_seed2,138,0.0,13.250723584799402,13.250723584799402,566.062928618226,0.0,579.3136522030254,15.038302,526.619694,0.0,541.657996
2026-07-16_ttft_component_regression/phase1/input8000_rate2p5_reuse50_seed2,139,0.02308727487979321,16.593630771986312,16.616718046866104,566.062928618226,0.0,582.6796466650922,1.694898,535.373013,0.0,537.067911
2026-07-16_ttft_component_regression/phase1/input8000_rate2p5_reuse50_seed2,144,0.03474150304920018,16.723042136088143,16.757783639137344,566.062928618226,0.0,582.8207122573633,11.14895,535.752759,0.0,546.901709
2026-07-16_ttft_component_regression/phase1/input8000_rate2p5_reuse50_seed2,160,0.0,18.873218354705543,18.873218354705543,566.062928618226,0.0,584.9361469729315,273.078974,548.466697,0.0,821.545671
2026-07-16_ttft_component_regression/phase1/input8000_rate2p5_reuse50_seed2,175,0.19948359992925568,22.648030837672614,22.84751443760187,566.062928618226,0.0,588.9104430558278,7.181978,547.731579,0.0,554.913557
2026-07-16_ttft_component_regression/phase1/input8000_rate2p5_reuse50_seed2,164,0.20038117961864865,22.654989778836608,22.855370958455257,566.062928618226,0.0,588.9182995766813,7.266502,551.57918,0.0,558.845682
2026-07-16_ttft_component_regression/phase1/input8000_rate2p5_reuse50_seed2,195,0.0,21.152564936401482,21.152564936401482,566.062928618226,0.0,587.2154935546275,8.467582,546.760644,0.0,555.228226
2026-07-16_ttft_component_regression/phase1/input8000_rate2p5_reuse50_seed2,207,0.0,7.515654837060843,7.515654837060843,566.062928618226,0.0,573.5785834552869,7.655736,523.406331,0.0,531.062067
2026-07-16_ttft_component_regression/phase1/input8000_rate2p5_reuse50_seed2,214,0.020335753514470225,15.38626285914851,15.40659861266298,566.062928618226,0.0,581.469527230889,274.171695,534.670577,0.0,808.842272
2026-07-16_ttft_component_regression/phase1/input8000_rate2p5_reuse50_seed2,212,0.0,12.370309262233794,12.370309262233794,566.062928618226,0.0,578.4332378804598,0.248902,533.692083,0.0,533.940985
2026-07-16_ttft_component_regression/phase1/input8000_rate2p5_reuse50_seed2,231,0.029202926983025096,17.352862472802038,17.382065399785063,566.062928618226,0.0,583.4449940180111,16.352911,535.371295,0.0,551.724206
2026-07-16_ttft_component_regression/phase1/input8000_rate2p5_reuse50_seed2,230,0.02064911149282909,15.41019074891204,15.43083986040487,566.062928618226,0.0,581.4937684786308,10.992042,535.106619,0.0,546.098661
2026-07-16_ttft_component_regression/phase1/input8000_rate2p5_reuse50_seed2,273,0.09166775401852771,0.5961899155153395,0.6878576695338672,566.062928618226,0.0,566.7507862877599,0.003926,507.839384,0.0,507.84331
2026-07-16_ttft_component_regression/phase1/input8000_rate2p5_reuse50_seed2,275,0.9205429467960315,26.11247276329429,27.03301571009032,566.062928618226,423.9400663798772,1017.0360107081935,12.00563262011838,525.457327,423.9400663798817,961.403026
2026-07-16_ttft_component_regression/phase1/input8000_rate2p5_reuse50_seed2,292,0.0,11.969380148855928,11.969380148855928,566.062928618226,0.0,578.032308767082,5.232685,531.147909,0.0,536.380594
2026-07-16_ttft_component_regression/phase1/input8000_rate2p5_reuse50_seed2,2,0.016298119632415925,0.6890839823287339,0.7053821019611498,566.062928618226,0.0,566.7683107201872,0.495959,503.866806,0.0,504.362765
2026-07-16_ttft_component_regression/phase1/input8000_rate2p5_reuse50_seed2,10,0.0,8.053765866413372,8.053765866413372,566.062928618226,0.0,574.1166944846394,6.102986,516.848511,0.0,522.951497
2026-07-16_ttft_component_regression/phase1/input8000_rate2p5_reuse50_seed2,26,0.0,13.274733594399223,13.274733594399223,566.062928618226,0.0,579.3376622126252,14.642028,523.8902,0.0,538.532228
2026-07-16_ttft_component_regression/phase1/input8000_rate2p5_reuse50_seed2,38,0.0,13.265160231029387,13.265160231029387,566.062928618226,0.0,579.3280888492554,15.723403,523.995576,0.0,539.718979
2026-07-16_ttft_component_regression/phase1/input8000_rate2p5_reuse50_seed2,45,0.03031207145880157,14.757735654017472,14.788047725476273,566.062928618226,0.0,580.8509763437023,8.521942,528.014089,0.0,536.536031
2026-07-16_ttft_component_regression/phase1/input8000_rate2p5_reuse50_seed2,84,0.024758196320883358,0.5318994101378441,0.5566576064587275,566.062928618226,0.0,566.6195862246848,0.032479,503.866806,0.0,503.899285
2026-07-16_ttft_component_regression/phase1/input8000_rate2p5_reuse50_seed2,92,0.0023971086754360953,7.131397811359378,7.133794920034814,566.062928618226,0.0,573.1967235382608,0.3512,516.930783,0.0,517.281983
2026-07-16_ttft_component_regression/phase1/input8000_rate2p5_reuse50_seed2,95,0.0,11.82718893395824,11.82718893395824,566.062928618226,0.0,577.8901175521843,7.109043,522.987128,0.0,530.096171
2026-07-16_ttft_component_regression/phase1/input8000_rate2p5_reuse50_seed2,114,0.022779556804518417,16.567860309529063,16.590639866333582,566.062928618226,0.0,582.6535684845596,1.554716,538.491443,0.0,540.046159
2026-07-16_ttft_component_regression/phase1/input8000_rate2p5_reuse50_seed2,132,0.021114999696174884,16.431503092525062,16.452618092221236,566.062928618226,0.0,582.5155467104472,193.817149,532.688908,0.0,726.506057
2026-07-16_ttft_component_regression/phase1/input8000_rate2p5_reuse50_seed2,131,0.0,13.243914520717835,13.243914520717835,566.062928618226,0.0,579.3068431389438,48.150443,531.632556,0.0,579.782999
2026-07-16_ttft_component_regression/phase1/input8000_rate2p5_reuse50_seed2,136,0.030659392780993142,18.533403889431032,18.564063282212025,566.062928618226,0.0,584.626991900438,8.041651,533.568046,0.0,541.609697
2026-07-16_ttft_component_regression/phase1/input8000_rate2p5_reuse50_seed2,130,0.0,8.060588722477972,8.060588722477972,566.062928618226,0.0,574.123517340704,17.37383,521.882414,0.0,539.256244
2026-07-16_ttft_component_regression/phase1/input8000_rate2p5_reuse50_seed2,154,0.0,17.507716821864165,17.507716821864165,566.062928618226,0.0,583.5706454400902,10.089258,541.610395,0.0,551.699653
2026-07-16_ttft_component_regression/phase1/input8000_rate2p5_reuse50_seed2,177,0.0,17.79303523784784,17.79303523784784,566.062928618226,0.0,583.8559638560738,21.358915,544.238601,0.0,565.597516
2026-07-16_ttft_component_regression/phase1/input8000_rate2p5_reuse50_seed2,174,0.03501140731952794,16.712523873057652,16.74753528037718,566.062928618226,0.0,582.8104638986032,17.162176,540.895923,0.0,558.058099
2026-07-16_ttft_component_regression/phase1/input8000_rate2p5_reuse50_seed2,221,0.016672926590947535,0.6994063517012498,0.7160792782921973,566.062928618226,0.0,566.7790078965182,0.042785,509.173936,0.0,509.216721
2026-07-16_ttft_component_regression/phase1/input8000_rate2p5_reuse50_seed2,257,0.0021842348498925693,7.129184196412154,7.131368431262046,566.062928618226,0.0,573.194297049488,12.373034,523.817007,0.0,536.190041
2026-07-16_ttft_component_regression/phase1/input8000_rate2p5_reuse50_seed2,278,0.0,11.820336240164256,11.820336240164256,566.062928618226,0.0,577.8832648583902,17.386055,532.69605,0.0,550.082105
2026-07-16_ttft_component_regression/phase1/input8000_rate2p5_reuse50_seed2,289,0.06072681160561541,16.91297409582675,16.973700907432367,566.062928618226,0.0,583.0366295256583,16.072908,535.845904,0.0,551.918812
2026-07-16_ttft_component_regression/phase1/input8000_rate2p5_reuse50_seed2,282,0.10013894109963845,15.840357834963116,15.940496776062755,566.062928618226,0.0,582.0034253942888,20.534323,534.709233,0.0,555.243556
2026-07-16_ttft_component_regression/phase1/input8000_rate2p5_reuse50_seed2,276,0.00197139612000961,7.126934217636996,7.128905613757006,566.062928618226,0.0,573.191834231983,13.312154,523.326989,0.0,536.639143
2026-07-16_ttft_component_regression/phase1/input8000_rate2p5_reuse50_seed2,6,0.016672926590947535,0.6994063517012498,0.7160792782921973,566.062928618226,0.0,566.7790078965182,0.027875,503.866806,0.0,503.894681
2026-07-16_ttft_component_regression/phase1/input8000_rate2p5_reuse50_seed2,15,0.0,8.054929840100769,8.054929840100769,566.062928618226,0.0,574.1178584583267,12.727315,516.842015,0.0,529.56933
2026-07-16_ttft_component_regression/phase1/input8000_rate2p5_reuse50_seed2,23,0.0,13.245591095146231,13.245591095146231,566.062928618226,0.0,579.3085197133722,6.726014,523.293176,0.0,530.01919
2026-07-16_ttft_component_regression/phase1/input8000_rate2p5_reuse50_seed2,34,0.02909245960731063,18.613275246096467,18.642367705703776,566.062928618226,0.0,584.7052963239298,21.853227,567.291849,0.0,589.145076
2026-07-16_ttft_component_regression/phase1/input8000_rate2p5_reuse50_seed2,35,0.0,19.593496225729854,19.593496225729854,566.062928618226,0.0,585.6564248439558,241.801004,834.931937,0.0,1076.732941
2026-07-16_ttft_component_regression/phase1/input8000_rate2p5_reuse50_seed2,42,0.0,19.677786484210383,19.677786484210383,566.062928618226,0.0,585.7407151024364,6.451357,541.660582,0.0,548.111939
2026-07-16_ttft_component_regression/phase1/input8000_rate2p5_reuse50_seed2,29,0.022882289170468317,16.57644347450907,16.599325763679538,566.062928618226,0.0,582.6622543819055,16.077506,527.555241,0.0,543.632747
2026-07-16_ttft_component_regression/phase1/input8000_rate2p5_reuse50_seed2,51,489.350081496543,26.01536443902674,515.3654459355697,566.062928618226,0.0,1081.4283745537957,344.34336199999996,546.778287,0.0,891.121649
2026-07-16_ttft_component_regression/phase1/input8000_rate2p5_reuse50_seed2,44,0.16719262026296863,23.51829750123119,23.68549012149416,566.062928618226,0.0,589.7484187397201,9.093462,545.520746,0.0,554.614208
2026-07-16_ttft_component_regression/phase1/input8000_rate2p5_reuse50_seed2,63,0.16804577872728432,23.525507690578277,23.69355346930556,566.062928618226,0.0,589.7564820875316,24.015714,548.39185,0.0,572.407564
2026-07-16_ttft_component_regression/phase1/input8000_rate2p5_reuse50_seed2,98,0.03364006097689398,16.764673008580736,16.79831306955763,566.062928618226,0.0,582.8612416877836,6.225498,540.057223,0.0,546.282721
2026-07-16_ttft_component_regression/phase1/input8000_rate2p5_reuse50_seed2,94,0.03246526484881957,14.92050158922321,14.95296685407203,566.062928618226,0.0,581.0158954722981,2.02126,531.019478,0.0,533.040738
2026-07-16_ttft_component_regression/phase1/input8000_rate2p5_reuse50_seed2,105,0.023704908092109293,15.652745374256819,15.676450282348927,566.062928618226,0.0,581.7393789005749,16.613298,536.223078,0.0,552.836376
2026-07-16_ttft_component_regression/phase1/input8000_rate2p5_reuse50_seed2,117,0.026220156814357534,18.743649957457208,18.769870114271566,566.062928618226,0.0,584.8327987324976,16.349187,538.139829,0.0,554.489016
2026-07-16_ttft_component_regression/phase1/input8000_rate2p5_reuse50_seed2,125,0.0,19.621751516628784,19.621751516628784,566.062928618226,0.0,585.6846801348548,20.821968,542.909788,0.0,563.731756
2026-07-16_ttft_component_regression/phase1/input8000_rate2p5_reuse50_seed2,113,0.024902119163482842,16.749540330158,16.77444244932148,566.062928618226,0.0,582.8373710675475,16.752254,535.553965,0.0,552.306219
2026-07-16_ttft_component_regression/phase1/input8000_rate2p5_reuse50_seed2,135,0.0,21.090416040605245,21.090416040605245,566.062928618226,0.0,587.1533446588312,4.747562,548.983846,0.0,553.731408
2026-07-16_ttft_component_regression/phase1/input8000_rate2p5_reuse50_seed2,182,0.003674503187023683,7.143889246335757,7.147563749522781,566.062928618226,0.0,573.2104923677488,14.259847,526.382195,0.0,540.642042
2026-07-16_ttft_component_regression/phase1/input8000_rate2p5_reuse50_seed2,178,0.024291495828406354,0.5203329128750255,0.5446244087034319,566.062928618226,0.0,566.6075530269294,0.023879,510.826237,0.0,510.850116
2026-07-16_ttft_component_regression/phase1/input8000_rate2p5_reuse50_seed2,198,0.02982805345666018,18.5766745408785,18.60650259433516,566.062928618226,0.0,584.6694312125612,11.683786,534.840787,0.0,546.524573
2026-07-16_ttft_component_regression/phase1/input8000_rate2p5_reuse50_seed2,193,0.022159873606156105,16.516509775936964,16.53866964954312,566.062928618226,0.0,582.6015982677691,15.876064,534.424483,0.0,550.300547
2026-07-16_ttft_component_regression/phase1/input8000_rate2p5_reuse50_seed2,188,0.0,12.379992710029706,12.379992710029706,566.062928618226,0.0,578.4429213282557,10.678598,531.642991,0.0,542.321589
2026-07-16_ttft_component_regression/phase1/input8000_rate2p5_reuse50_seed2,217,0.022056054403043715,16.507976344471704,16.53003239887475,566.062928618226,0.0,582.5929610171007,6.1738,537.27154,0.0,543.44534
2026-07-16_ttft_component_regression/phase1/input8000_rate2p5_reuse50_seed2,226,0.0,19.610593755472674,19.610593755472674,566.062928618226,0.0,585.6735223736987,10.307016,846.690666,0.0,856.997682
2026-07-16_ttft_component_regression/phase1/input8000_rate2p5_reuse50_seed2,224,0.028207974645130526,18.655408668470702,18.683616643115833,566.062928618226,0.0,584.7465452613418,16.967484,574.180768,0.0,591.148252
2026-07-16_ttft_component_regression/phase1/input8000_rate2p5_reuse50_seed2,247,0.030727779537822283,14.788527611382193,14.819255390920015,566.062928618226,0.0,580.882184009146,7.081426,532.145355,0.0,539.226781
2026-07-16_ttft_component_regression/phase1/input8000_rate2p5_reuse50_seed2,249,0.9205429467960315,26.11247276329429,27.03301571009032,566.062928618226,423.9400663798772,1017.0360107081935,43.379811620118375,534.817263,423.9400663798817,1002.137141
2026-07-16_ttft_component_regression/phase1/input8000_rate2p5_reuse50_seed2,254,0.0,17.80188967860731,17.80188967860731,566.062928618226,0.0,583.8648182968333,11.188964,538.871779,0.0,550.060743
2026-07-16_ttft_component_regression/phase1/input8000_rate2p5_reuse50_seed2,261,0.0,19.185735960869767,19.185735960869767,566.062928618226,0.0,585.2486645790958,11.86238,543.315153,0.0,555.177533
2026-07-16_ttft_component_regression/phase1/input8000_rate2p5_reuse50_seed2,263,0.2379139979414853,23.06552975755303,23.303443755494516,566.062928618226,0.0,589.3663723737205,22.54914,545.739048,0.0,568.288188
2026-07-16_ttft_component_regression/phase1/input8000_rate2p5_reuse50_seed2,286,0.0,20.14352394314189,20.14352394314189,566.062928618226,0.0,586.2064525613679,20.707744,549.41344,0.0,570.121184
2026-07-16_ttft_component_regression/phase1/input8000_rate2p5_reuse50_seed2,295,0.0,17.800632477735842,17.800632477735842,566.062928618226,0.0,583.8635610959618,11.198665,544.939345,0.0,556.13801
2026-07-16_ttft_component_regression/phase1/input8000_rate2p5_reuse50_seed2,3,0.01694646980483564,0.7071018635799963,0.7240483333848319,566.062928618226,0.0,566.7869769516109,0.027992,503.866806,0.0,503.894798
2026-07-16_ttft_component_regression/phase1/input8000_rate2p5_reuse50_seed2,7,0.0,8.040278536158821,8.040278536158821,566.062928618226,0.0,574.1032071543848,12.173749,516.792671,0.0,528.96642
2026-07-16_ttft_component_regression/phase1/input8000_rate2p5_reuse50_seed2,25,0.024802767442014602,16.74082236947181,16.765625136913826,566.062928618226,0.0,582.8285537551399,2.759076,527.563113,0.0,530.322189
2026-07-16_ttft_component_regression/phase1/input8000_rate2p5_reuse50_seed2,20,0.0,13.29727137825825,13.29727137825825,566.062928618226,0.0,579.3601999964843,8.873591,523.447736,0.0,532.321327
2026-07-16_ttft_component_regression/phase1/input8000_rate2p5_reuse50_seed2,39,0.0,21.186776076004392,21.186776076004392,566.062928618226,0.0,587.2497046942304,2.78904,541.795686,0.0,544.584726
2026-07-16_ttft_component_regression/phase1/input8000_rate2p5_reuse50_seed2,41,0.1983031551245047,25.382875892629492,25.581179047754,566.062928618226,0.0,591.64410766598,15.565273,545.69137,0.0,561.256643
2026-07-16_ttft_component_regression/phase1/input8000_rate2p5_reuse50_seed2,27,0.024399293029975958,18.8178894272255,18.842288720255475,566.062928618226,0.0,584.9052173384815,213.448325,530.236237,0.0,743.684562
2026-07-16_ttft_component_regression/phase1/input8000_rate2p5_reuse50_seed2,30,0.0,19.660772247029634,19.660772247029634,566.062928618226,0.0,585.7237008652556,12.656731,536.184329,0.0,548.84106
2026-07-16_ttft_component_regression/phase1/input8000_rate2p5_reuse50_seed2,54,186.68984458694374,25.963815646481073,212.6536602334248,566.062928618226,423.9400663798772,1202.656655231528,183.35165762011837,548.653068,423.9400663798817,1155.944792
2026-07-16_ttft_component_regression/phase1/input8000_rate2p5_reuse50_seed2,66,0.18404067266443758,25.25897206995745,25.44301274262189,566.062928618226,0.0,591.5059413608479,10.686303,549.469976,0.0,560.156279
2026-07-16_ttft_component_regression/phase1/input8000_rate2p5_reuse50_seed2,91,0.030727779537822283,14.788527611382193,14.819255390920015,566.062928618226,0.0,580.882184009146,1.724249,531.367728,0.0,533.091977
2026-07-16_ttft_component_regression/phase1/input8000_rate2p5_reuse50_seed2,96,0.0,11.82545301853683,11.82545301853683,566.062928618226,0.0,577.8883816367628,2.219116,532.733208,0.0,534.952324
2026-07-16_ttft_component_regression/phase1/input8000_rate2p5_reuse50_seed2,108,0.02658912035027037,17.4722496550757,17.49883877542597,566.062928618226,0.0,583.561767393652,39.901689,842.006156,0.0,881.907845
2026-07-16_ttft_component_regression/phase1/input8000_rate2p5_reuse50_seed2,106,0.02260165024693204,15.563136444864998,15.58573809511193,566.062928618226,0.0,581.6486667133379,16.530077,573.018409,0.0,589.548486
2026-07-16_ttft_component_regression/phase1/input8000_rate2p5_reuse50_seed2,112,0.0,19.627262315426876,19.627262315426876,566.062928618226,0.0,585.6901909336528,10.785429,542.390378,0.0,553.175807
2026-07-16_ttft_component_regression/phase1/input8000_rate2p5_reuse50_seed2,118,0.0,21.135852521980812,21.135852521980812,566.062928618226,0.0,587.1987811402068,1.746492,542.990585,0.0,544.737077
2026-07-16_ttft_component_regression/phase1/input8000_rate2p5_reuse50_seed2,116,0.0,19.628633154859628,19.628633154859628,566.062928618226,0.0,585.6915617730856,11.728606,542.507674,0.0,554.23628
2026-07-16_ttft_component_regression/phase1/input8000_rate2p5_reuse50_seed2,134,0.0,21.145848856724395,21.145848856724395,566.062928618226,0.0,587.2087774749504,16.906689,546.47447,0.0,563.381159
2026-07-16_ttft_component_regression/phase1/input8000_rate2p5_reuse50_seed2,143,0.18984867516818069,23.706549556124678,23.89639823129286,566.062928618226,0.0,589.9593268495189,7.916929,550.500567,0.0,558.417496
2026-07-16_ttft_component_regression/phase1/input8000_rate2p5_reuse50_seed2,162,0.18453252097142947,23.66297072989489,23.84750325086632,566.062928618226,0.0,589.9104318690923,13.112488,548.946462,0.0,562.05895
2026-07-16_ttft_component_regression/phase1/input8000_rate2p5_reuse50_seed2,155,1684.8825985547364,26.143003264618272,1711.0256018193547,566.062928618226,0.0,2277.0885304375806,1005.5700029999999,552.468355,0.0,1558.038358
2026-07-16_ttft_component_regression/phase1/input8000_rate2p5_reuse50_seed2,168,2754.5144445213778,26.505916751356494,2781.020361272734,566.062928618226,0.0,3347.0832898909603,1686.864932,550.255579,0.0,2237.120511
2026-07-16_ttft_component_regression/phase1/input8000_rate2p5_reuse50_seed2,176,0.1888282598892258,22.56468187792675,22.753510137815976,566.062928618226,0.0,588.816438756042,17.480317,552.530531,0.0,570.010848
2026-07-16_ttft_component_regression/phase1/input8000_rate2p5_reuse50_seed2,189,0.0,19.723722769613342,19.723722769613342,566.062928618226,0.0,585.7866513878394,22.768807,547.148148,0.0,569.916955
2026-07-16_ttft_component_regression/phase1/input8000_rate2p5_reuse50_seed2,191,0.17101094050559473,25.143355576496266,25.31436651700186,566.062928618226,0.0,591.3772951352279,1.502188,548.83491,0.0,550.337098
2026-07-16_ttft_component_regression/phase1/input8000_rate2p5_reuse50_seed2,196,0.0,21.071542099322677,21.071542099322677,566.062928618226,0.0,587.1344707175487,20.188069,544.221954,0.0,564.410023
2026-07-16_ttft_component_regression/phase1/input8000_rate2p5_reuse50_seed2,185,0.0,18.850174334795764,18.850174334795764,566.062928618226,0.0,584.9131029530217,21.00941,548.564913,0.0,569.574323
2026-07-16_ttft_component_regression/phase1/input8000_rate2p5_reuse50_seed2,202,0.17705057409902542,25.197238651058758,25.37428922515778,566.062928618226,0.0,591.4372178433838,17.741762,548.112371,0.0,565.854133
2026-07-16_ttft_component_regression/phase1/input8000_rate2p5_reuse50_seed2,223,0.0,21.0622370049778,21.0622370049778,566.062928618226,0.0,587.1251656232038,12.755509,547.654347,0.0,560.409856
2026-07-16_ttft_component_regression/phase1/input8000_rate2p5_reuse50_seed2,206,0.17878931669682308,25.21265719690322,25.39144651360004,566.062928618226,0.0,591.454375131826,20.111572,548.8863,0.0,568.997872
2026-07-16_ttft_component_regression/phase1/input8000_rate2p5_reuse50_seed2,227,0.1701539607574515,25.13566873079172,25.305822691549174,566.062928618226,0.0,591.3687513097752,13.317444,550.246749,0.0,563.564193
2026-07-16_ttft_component_regression/phase1/input8000_rate2p5_reuse50_seed2,234,0.0,19.71493358929093,19.71493358929093,566.062928618226,0.0,585.7778622075169,22.099064,546.155475,0.0,568.254539
2026-07-16_ttft_component_regression/phase1/input8000_rate2p5_reuse50_seed2,251,0.19147212501760869,22.585490652093622,22.77696277711123,566.062928618226,0.0,588.8398913953372,11.954689,549.424756,0.0,561.379445
2026-07-16_ttft_component_regression/phase1/input8000_rate2p5_reuse50_seed2,236,0.17839712422105136,23.612227104498217,23.790624228719267,566.062928618226,0.0,589.8535528469453,217.265009,547.704509,0.0,764.969518
2026-07-16_ttft_component_regression/phase1/input8000_rate2p5_reuse50_seed2,253,938.6313746028536,26.47814592391381,965.1095205267674,566.062928618226,0.0,1531.1724491449934,583.291705,546.879851,0.0,1130.171556
2026-07-16_ttft_component_regression/phase1/input8000_rate2p5_reuse50_seed2,277,0.0,18.850174334795764,18.850174334795764,566.062928618226,0.0,584.9131029530217,2.008221,547.720393,0.0,549.728614
2026-07-16_ttft_component_regression/phase1/input8000_rate2p5_reuse50_seed2,268,147.4342471476706,24.311201774284747,171.74544892195533,566.062928618226,0.0,737.8083775401814,125.50482699999999,549.865541,0.0,675.370368
2026-07-16_ttft_component_regression/phase1/input8000_rate2p5_reuse50_seed2,283,0.22497730995886717,22.966613714188032,23.1915910241469,566.062928618226,0.0,589.2545196423729,15.701942,550.64328,0.0,566.345222
2026-07-16_ttft_component_regression/phase1/input8000_rate2p5_reuse50_seed2,18,0.015714157726630082,0.6734708972359265,0.6891850549625566,566.062928618226,0.0,566.7521136731885,0.004642,503.866806,0.0,503.871448
2026-07-16_ttft_component_regression/phase1/input8000_rate2p5_reuse50_seed2,53,0.9296056846700241,26.13166455747259,27.061270242142612,566.062928618226,423.9400663798772,1017.0642652402458,4.78756362011838,522.834648,423.9400663798817,951.562278
2026-07-16_ttft_component_regression/phase1/input8000_rate2p5_reuse50_seed2,49,0.02370739230996965,0.5063242524859953,0.530031644795965,566.062928618226,0.0,566.592960263022,0.013388,503.866806,0.0,503.880194
2026-07-16_ttft_component_regression/phase1/input8000_rate2p5_reuse50_seed2,55,0.9043420784673248,484.47415563962574,485.37849771809306,566.062928618226,423.9400663798772,1475.3814927161964,16.83583862011838,526.920329,423.9400663798817,967.696234
2026-07-16_ttft_component_regression/phase1/input8000_rate2p5_reuse50_seed2,50,0.9368878411172664,26.146753233862867,27.083641074980132,566.062928618226,423.9400663798772,1017.0866360730834,5.05727662011838,516.691071,423.9400663798817,945.688414
2026-07-16_ttft_component_regression/phase1/input8000_rate2p5_reuse50_seed2,72,0.0,19.703342211720614,19.703342211720614,566.062928618226,0.0,585.7662708299466,24.193275,540.92135,0.0,565.114625
2026-07-16_ttft_component_regression/phase1/input8000_rate2p5_reuse50_seed2,60,0.9259752588779746,26.124031761320307,27.050007020198283,566.062928618226,423.9400663798772,1017.0530020183015,4.276075620118379,529.891789,423.9400663798817,958.107931
2026-07-16_ttft_component_regression/phase1/input8000_rate2p5_reuse50_seed2,65,0.0,18.338536485711124,18.338536485711124,566.062928618226,0.0,584.4014651039371,3.618364,535.813833,0.0,539.432197
2026-07-16_ttft_component_regression/phase1/input8000_rate2p5_reuse50_seed2,77,0.9097263446172686,26.0889628585499,26.998689203167167,566.062928618226,423.9400663798772,1017.0016842012703,20.75291762011838,545.04417,423.9400663798817,989.737154
2026-07-16_ttft_component_regression/phase1/input8000_rate2p5_reuse50_seed2,103,0.8717171686005604,27.242456277637373,28.114173446237935,566.062928618226,423.9400663798772,1018.1171684443411,18.850313620118374,543.440026,423.9400663798817,986.230406
2026-07-16_ttft_component_regression/phase1/input8000_rate2p5_reuse50_seed2,102,0.0,18.353074665367043,18.353074665367043,566.062928618226,0.0,584.416003283593,17.215428,545.396654,0.0,562.612082
2026-07-16_ttft_component_regression/phase1/input8000_rate2p5_reuse50_seed2,107,0.0,19.756663127350016,19.756663127350016,566.062928618226,0.0,585.8195917455761,11.306934,546.339629,0.0,557.646563
2026-07-16_ttft_component_regression/phase1/input8000_rate2p5_reuse50_seed2,129,0.0,19.64085172217165,19.64085172217165,566.062928618226,0.0,585.7037803403977,20.879418,539.826084,0.0,560.705502
2026-07-16_ttft_component_regression/phase1/input8000_rate2p5_reuse50_seed2,123,0.026220156814357534,18.743649957457208,18.769870114271566,566.062928618226,0.0,584.8327987324976,118.380373,840.33915,0.0,958.719523
2026-07-16_ttft_component_regression/phase1/input8000_rate2p5_reuse50_seed2,122,0.023495301666005927,16.628088483428705,16.65158378509471,566.062928618226,0.0,582.7145124033207,13.51243,571.821154,0.0,585.333584
2026-07-16_ttft_component_regression/phase1/input8000_rate2p5_reuse50_seed2,148,2057.6187520518083,26.100782821177557,2083.719534872986,566.062928618226,423.9400663798772,3073.722529871089,1244.9633366201183,547.858649,423.9400663798817,2216.762052
2026-07-16_ttft_component_regression/phase1/input8000_rate2p5_reuse50_seed2,149,1494.2733282261447,26.096857234732823,1520.3701854608776,566.062928618226,423.9400663798772,2510.3731804589806,3646.7771506201184,548.364042,423.9400663798817,4619.081259
2026-07-16_ttft_component_regression/phase1/input8000_rate2p5_reuse50_seed2,137,0.0,21.186776076004392,21.186776076004392,566.062928618226,0.0,587.2497046942304,9.111259,545.428733,0.0,554.539992
2026-07-16_ttft_component_regression/phase1/input8000_rate2p5_reuse50_seed2,141,0.21201878122326442,25.49948479395274,25.711503575176003,566.062928618226,0.0,591.774432193402,19.821152,547.651291,0.0,567.472443
2026-07-16_ttft_component_regression/phase1/input8000_rate2p5_reuse50_seed2,152,785.5757883722451,26.104693960894192,811.6804823331394,566.062928618226,423.9400663798772,1801.6834773312426,8023.428066620118,551.134788,423.9400663798817,8998.502921
2026-07-16_ttft_component_regression/phase1/input8000_rate2p5_reuse50_seed2,203,0.0,7.48582176405017,7.48582176405017,566.062928618226,0.0,573.5487503822761,7.750045,521.689646,0.0,529.439691
2026-07-16_ttft_component_regression/phase1/input8000_rate2p5_reuse50_seed2,208,0.023206023785159836,15.611920747482529,15.63512677126769,566.062928618226,0.0,581.6980553894937,6.300386,533.56626,0.0,539.866646
2026-07-16_ttft_component_regression/phase1/input8000_rate2p5_reuse50_seed2,213,0.0,18.369837641242235,18.369837641242235,566.062928618226,0.0,584.4327662594683,0.509935,538.494793,0.0,539.004728
2026-07-16_ttft_component_regression/phase1/input8000_rate2p5_reuse50_seed2,192,0.02511012008788265,18.789580109958898,18.814690230046782,566.062928618226,0.0,584.8776188482728,3.907425,536.968304,0.0,540.875729
2026-07-16_ttft_component_regression/phase1/input8000_rate2p5_reuse50_seed2,204,0.8947523715364609,27.297306765470456,28.19205913700692,566.062928618226,423.9400663798772,1018.1950541351101,5.44700562011838,531.495793,423.9400663798817,960.882865
2026-07-16_ttft_component_regression/phase1/input8000_rate2p5_reuse50_seed2,216,0.0,19.800251080272627,19.800251080272627,566.062928618226,0.0,585.8631796984986,42.04759,548.386281,0.0,590.433871
2026-07-16_ttft_component_regression/phase1/input8000_rate2p5_reuse50_seed2,209,0.02415238500175484,17.570500116247686,17.594652501249442,566.062928618226,0.0,583.6575811194755,10.479359,534.217308,0.0,544.696667
2026-07-16_ttft_component_regression/phase1/input8000_rate2p5_reuse50_seed2,232,0.19342223473578768,23.735642532166757,23.929064766902545,566.062928618226,0.0,589.9919933851286,16.323221,548.319502,0.0,564.642723
2026-07-16_ttft_component_regression/phase1/input8000_rate2p5_reuse50_seed2,260,3869.7915080862567,26.412011713044812,3896.2035197993014,566.062928618226,423.9400663798772,4886.206514797404,2335.086280620118,556.080641,423.9400663798817,3315.106988
2026-07-16_ttft_component_regression/phase1/input8000_rate2p5_reuse50_seed2,255,41.11663362858212,26.453774452144312,67.57040808072644,566.062928618226,423.9400663798772,1057.5734030788296,36.45275262011838,553.829002,423.9400663798817,1014.221821
2026-07-16_ttft_component_regression/phase1/input8000_rate2p5_reuse50_seed2,272,0.29095690207452746,24.226177194070267,24.517134096144794,566.062928618226,0.0,590.5800627143708,0.289619,555.405393,0.0,555.695012
2026-07-16_ttft_component_regression/phase1/input8000_rate2p5_reuse50_seed2,294,0.9768971357030856,26.52530995918907,27.502207094892157,566.062928618226,423.9400663798772,1017.5052020929953,25.210810620118373,540.758192,423.9400663798817,989.909069
2026-07-16_ttft_component_regression/phase1/input8000_rate2p5_reuse50_seed2,287,1.04266542958076,27.80747330496878,28.850138734549542,566.062928618226,423.9400663798772,1018.8531337326527,26.33622262011838,538.044714,423.9400663798817,988.321003
2026-07-16_ttft_component_regression/phase1/input8000_rate2p5_reuse50_seed2,297,0.0,19.07670845469184,19.07670845469184,566.062928618226,0.0,585.1396370729178,11.450674,543.292209,0.0,554.742883
2026-07-16_ttft_component_regression/phase1/input8000_rate2p5_reuse50_seed2,291,0.9620626391188918,26.494103032645423,27.456165671764314,566.062928618226,423.9400663798772,1017.4591606698675,6.830656620118379,534.94396,423.9400663798817,965.714683
2026-07-16_ttft_component_regression/phase1/input8000_rate2p5_reuse50_seed2,298,0.9589044454623509,26.190584284882053,27.149488730344405,566.062928618226,423.9400663798772,1017.1524837284476,21.80364462011838,552.689871,423.9400663798817,998.433582
2026-07-16_ttft_component_regression/phase1/input8000_rate2p5_reuse50_seed2,0,0.01685600667019855,0.7045411394885359,0.7213971461587345,566.062928618226,0.0,566.7843257643848,0.0,503.866806,0.0,503.866806
2026-07-16_ttft_component_regression/phase1/input8000_rate2p5_reuse50_seed2,21,0.0,8.042822015730675,8.042822015730675,566.062928618226,0.0,574.1057506339566,3.607327,517.897503,0.0,521.50483
2026-07-16_ttft_component_regression/phase1/input8000_rate2p5_reuse50_seed2,43,0.0,7.487020160178715,7.487020160178715,566.062928618226,0.0,573.5499487784048,14.603709,517.841695,0.0,532.445404
2026-07-16_ttft_component_regression/phase1/input8000_rate2p5_reuse50_seed2,74,0.023105722508323268,15.603774351605177,15.6268800741135,566.062928618226,0.0,581.6898086923395,3.442184,527.263049,0.0,530.705233
2026-07-16_ttft_component_regression/phase1/input8000_rate2p5_reuse50_seed2,79,0.05910353090019465,16.977666423555817,17.036769954456012,566.062928618226,0.0,583.099698572682,4.361565,530.153069,0.0,534.514634
2026-07-16_ttft_component_regression/phase1/input8000_rate2p5_reuse50_seed2,69,0.0,7.487020160178715,7.487020160178715,566.062928618226,0.0,573.5499487784048,11.500342,517.785823,0.0,529.286165
2026-07-16_ttft_component_regression/phase1/input8000_rate2p5_reuse50_seed2,71,0.0,12.418392142099641,12.418392142099641,566.062928618226,0.0,578.4813207603256,13.335237,523.320024,0.0,536.655261
2026-07-16_ttft_component_regression/phase1/input8000_rate2p5_reuse50_seed2,97,0.03683795413297723,16.63765075718347,16.674488711316446,566.062928618226,0.0,582.7374173295425,19.967724,530.966189,0.0,550.933913
2026-07-16_ttft_component_regression/phase1/input8000_rate2p5_reuse50_seed2,115,0.023596897280905405,16.636720069546723,16.66031696682763,566.062928618226,0.0,582.7232455850536,5.276896,534.4079,0.0,539.684796
2026-07-16_ttft_component_regression/phase1/input8000_rate2p5_reuse50_seed2,119,0.0,13.24061287923316,13.24061287923316,566.062928618226,0.0,579.3035414974592,16.80683,534.191277,0.0,550.998107
2026-07-16_ttft_component_regression/phase1/input8000_rate2p5_reuse50_seed2,121,0.022470413884445654,16.542153070842406,16.56462348472685,566.062928618226,0.0,582.6275521029529,33.066888,535.007416,0.0,568.074304
2026-07-16_ttft_component_regression/phase1/input8000_rate2p5_reuse50_seed2,150,0.03195932429963687,14.88150336776217,14.913462692061806,566.062928618226,0.0,580.9763913102878,17.442901,537.283663,0.0,554.726564
2026-07-16_ttft_component_regression/phase1/input8000_rate2p5_reuse50_seed2,156,0.03349995621829703,16.769827258919705,16.803327215138,566.062928618226,0.0,582.866255833364,3.335404,538.68725,0.0,542.022654
2026-07-16_ttft_component_regression/phase1/input8000_rate2p5_reuse50_seed2,172,0.05604746844408656,15.093889720143798,15.149937188587884,566.062928618226,0.0,581.2128658068139,2.211489,538.968934,0.0,541.180423
2026-07-16_ttft_component_regression/phase1/input8000_rate2p5_reuse50_seed2,187,0.0,17.520549349605762,17.520549349605762,566.062928618226,0.0,583.5834779678318,6.494864,541.301835,0.0,547.796699
2026-07-16_ttft_component_regression/phase1/input8000_rate2p5_reuse50_seed2,181,0.031243817137471677,14.827159427214415,14.858403244351887,566.062928618226,0.0,580.9213318625779,0.330301,536.777622,0.0,537.107923
2026-07-16_ttft_component_regression/phase1/input8000_rate2p5_reuse50_seed2,183,0.03580778610935414,16.68070274062338,16.716510526732737,566.062928618226,0.0,582.7794391449587,4.691245,537.333592,0.0,542.024837
2026-07-16_ttft_component_regression/phase1/input8000_rate2p5_reuse50_seed2,199,0.029585194053492577,18.588924776350904,18.618509970404396,566.062928618226,0.0,584.6814385886304,4.073315,537.835237,0.0,541.908552
2026-07-16_ttft_component_regression/phase1/input8000_rate2p5_reuse50_seed2,218,0.0,8.060588722477972,8.060588722477972,566.062928618226,0.0,574.123517340704,13.731239,527.814624,0.0,541.545863
2026-07-16_ttft_component_regression/phase1/input8000_rate2p5_reuse50_seed2,233,0.0,11.817001041836049,11.817001041836049,566.062928618226,0.0,577.8799296600621,15.534288,533.103868,0.0,548.638156
2026-07-16_ttft_component_regression/phase1/input8000_rate2p5_reuse50_seed2,237,0.031755737666511165,14.865946053483839,14.89770179115035,566.062928618226,0.0,580.9606304093763,19.891454,534.074292,0.0,553.965746
2026-07-16_ttft_component_regression/phase1/input8000_rate2p5_reuse50_seed2,245,0.024846752934844084,17.543583184142715,17.56842993707756,566.062928618226,0.0,583.6313585553036,14.301665,535.831555,0.0,550.13322
2026-07-16_ttft_component_regression/phase1/input8000_rate2p5_reuse50_seed2,280,0.0,19.18878303730245,19.18878303730245,566.062928618226,0.0,585.2517116555284,21.153606,546.449314,0.0,567.60292
2026-07-16_ttft_component_regression/phase1/input8000_rate2p5_reuse50_seed2,274,0.0,17.819234656315203,17.819234656315203,566.062928618226,0.0,583.8821632745412,20.611813,541.820571,0.0,562.432384
2026-07-16_ttft_component_regression/phase1/input8000_rate2p5_reuse50_seed2,269,0.26634940252949313,13.904940957238129,14.171290359767621,566.062928618226,0.0,580.2342189779936,2.788519,572.397275,0.0,575.185794
2026-07-16_ttft_component_regression/phase1/input8000_rate2p5_reuse50_seed2,270,0.2662570129633102,15.62757693541421,15.89383394837752,566.062928618226,0.0,581.9567625666035,219.150053,841.296159,0.0,1060.446212
2026-07-16_ttft_component_regression/phase1/input8000_rate2p5_reuse50_seed2,285,0.2379139979414853,23.06552975755303,23.303443755494516,566.062928618226,0.0,589.3663723737205,19.658799,547.880089,0.0,567.538888
2026-07-16_ttft_component_regression/phase1/input8000_rate2p5_reuse50_seed2,299,74.4789507092679,26.548087538544667,101.02703824781257,566.062928618226,0.0,667.0899668660386,69.808238,551.875154,0.0,621.683392
2026-07-16_ttft_component_regression/phase1/input8000_rate2p5_reuse50_seed2,9,0.015614278775947758,0.6708538703757668,0.6864681491517146,566.062928618226,0.0,566.7493967673777,0.000903,503.866806,0.0,503.867709
2026-07-16_ttft_component_regression/phase1/input8000_rate2p5_reuse50_seed2,24,0.0,8.057225788492332,8.057225788492332,566.062928618226,0.0,574.1201544067184,13.275451,517.220927,0.0,530.496378
2026-07-16_ttft_component_regression/phase1/input8000_rate2p5_reuse50_seed2,36,0.0,8.059478631052421,8.059478631052421,566.062928618226,0.0,574.1224072492785,1.804938,517.160255,0.0,518.965193
2026-07-16_ttft_component_regression/phase1/input8000_rate2p5_reuse50_seed2,68,0.0,7.503844282102931,7.503844282102931,566.062928618226,0.0,573.5667729003289,22.972798,803.03088,0.0,826.003678
2026-07-16_ttft_component_regression/phase1/input8000_rate2p5_reuse50_seed2,70,0.0,12.368751624787997,12.368751624787997,566.062928618226,0.0,578.4316802430141,2.18874,522.856088,0.0,525.044828
2026-07-16_ttft_component_regression/phase1/input8000_rate2p5_reuse50_seed2,67,0.015766660593180444,0.5999985223172755,0.6157651829104559,566.062928618226,0.0,566.6786938011364,0.018039,542.367394,0.0,542.385433
2026-07-16_ttft_component_regression/phase1/input8000_rate2p5_reuse50_seed2,81,0.030624089272104284,14.780820091966925,14.811444181239029,566.062928618226,0.0,580.874372799465,2.783206,527.121065,0.0,529.904271
2026-07-16_ttft_component_regression/phase1/input8000_rate2p5_reuse50_seed2,93,0.03683795413297723,16.63765075718347,16.674488711316446,566.062928618226,0.0,582.7374173295425,6.283796,530.930733,0.0,537.214529
2026-07-16_ttft_component_regression/phase1/input8000_rate2p5_reuse50_seed2,100,0.0,18.341205258007005,18.341205258007005,566.062928618226,0.0,584.404133876233,22.060595,543.496086,0.0,565.556681
2026-07-16_ttft_component_regression/phase1/input8000_rate2p5_reuse50_seed2,120,0.0,13.234216208774992,13.234216208774992,566.062928618226,0.0,579.297144827001,3.520607,527.629321,0.0,531.149928
2026-07-16_ttft_component_regression/phase1/input8000_rate2p5_reuse50_seed2,151,0.004312826323411059,7.14960556523632,7.153918391559731,566.062928618226,0.0,573.2168470097857,11.501007,521.113265,0.0,532.614272
2026-07-16_ttft_component_regression/phase1/input8000_rate2p5_reuse50_seed2,161,0.02044035247237034,15.394231939044055,15.414672291516425,566.062928618226,0.0,581.4776009097425,19.390155,532.844495,0.0,552.23465
2026-07-16_ttft_component_regression/phase1/input8000_rate2p5_reuse50_seed2,157,0.0,11.807361786610896,11.807361786610896,566.062928618226,0.0,577.8702904048369,7.848248,532.404834,0.0,540.253082
2026-07-16_ttft_component_regression/phase1/input8000_rate2p5_reuse50_seed2,165,0.054889176439057295,15.007540766708802,15.062429943147858,566.062928618226,0.0,581.1253585613739,19.689491,531.199736,0.0,550.889227
2026-07-16_ttft_component_regression/phase1/input8000_rate2p5_reuse50_seed2,190,0.0,12.393798913080627,12.393798913080627,566.062928618226,0.0,578.4567275313067,18.086463,536.925432,0.0,555.011895
2026-07-16_ttft_component_regression/phase1/input8000_rate2p5_reuse50_seed2,210,0.0,7.514729554296276,7.514729554296276,566.062928618226,0.0,573.5776581725223,9.114851,532.957879,0.0,542.07273
2026-07-16_ttft_component_regression/phase1/input8000_rate2p5_reuse50_seed2,222,0.0,8.07588617534464,8.07588617534464,566.062928618226,0.0,574.1388147935706,8.299401,527.926632,0.0,536.226033
2026-07-16_ttft_component_regression/phase1/input8000_rate2p5_reuse50_seed2,235,0.0,12.342243542529133,12.342243542529133,566.062928618226,0.0,578.4051721607551,9.319238,532.22599,0.0,541.545228
2026-07-16_ttft_component_regression/phase1/input8000_rate2p5_reuse50_seed2,250,0.0,18.792354664576244,18.792354664576244,566.062928618226,0.0,584.8552832828022,167.810214,842.708942,0.0,1010.519156
2026-07-16_ttft_component_regression/phase1/input8000_rate2p5_reuse50_seed2,241,0.038902785834784216,16.543781764010603,16.58268454984539,566.062928618226,0.0,582.6456131680713,75.153847,838.172234,0.0,913.326081
2026-07-16_ttft_component_regression/phase1/input8000_rate2p5_reuse50_seed2,248,0.0,17.502503491508687,17.502503491508687,566.062928618226,0.0,583.5654321097347,57.459055,572.864467,0.0,630.323522
2026-07-16_ttft_component_regression/phase1/input8000_rate2p5_reuse50_seed2,240,0.028518357309608642,14.628032127390451,14.65655048470006,566.062928618226,0.0,580.719479102926,14.376768,570.011751,0.0,584.388519
2026-07-16_ttft_component_regression/phase1/input8000_rate2p5_reuse50_seed2,265,1.1559374118487176,27.5146859947651,28.670623406613817,566.062928618226,423.9400663798772,1018.673618404717,14.02250462011838,545.511793,423.9400663798817,983.474364
2026-07-16_ttft_component_regression/phase1/input8000_rate2p5_reuse50_seed2,258,0.17580754127426856,22.460951092616963,22.63675863389123,566.062928618226,0.0,588.6996872521172,5.398099,552.292632,0.0,557.690731
2026-07-16_ttft_component_regression/phase1/input8000_rate2p5_reuse50_seed2,284,2334.493986525743,27.777943234889367,2362.2719297606322,566.062928618226,0.0,2928.3348583788584,1331.69947,549.478674,0.0,1881.178144
2026-07-16_ttft_component_regression/phase1/input8000_rate2p5_reuse50_seed2,293,2614.5287200623866,26.461956013338988,2640.990676075726,566.062928618226,0.0,3207.053604693952,1568.173067,551.867958,0.0,2120.041025
2026-07-16_ttft_component_regression/phase1/input8000_rate2p5_reuse50_seed2,279,0.19147212501760869,22.585490652093622,22.77696277711123,566.062928618226,0.0,588.8398913953372,19.483094,549.123514,0.0,568.606608
2026-07-16_ttft_component_regression/phase1/input8000_rate2p5_reuse50_seed2,16,0.02163927580762784,16.473914989207408,16.495554265015038,566.062928618226,0.0,582.558482883241,13.164738,564.130559,0.0,577.295297
2026-07-16_ttft_component_regression/phase1/input8000_rate2p5_reuse50_seed2,12,0.0,13.250723584799402,13.250723584799402,566.062928618226,0.0,579.3136522030254,185.80311,522.927192,0.0,708.730302
2026-07-16_ttft_component_regression/phase1/input8000_rate2p5_reuse50_seed2,17,0.030306682613584757,18.552023752471314,18.5823304350849,566.062928618226,0.0,584.645259053311,226.228736,827.23339,0.0,1053.462126
2026-07-16_ttft_component_regression/phase1/input8000_rate2p5_reuse50_seed2,11,0.0,8.053765866413372,8.053765866413372,566.062928618226,0.0,574.1166944846394,5.529943,516.838303,0.0,522.368246
2026-07-16_ttft_component_regression/phase1/input8000_rate2p5_reuse50_seed2,4,0.01694646980483564,0.7071018635799963,0.7240483333848319,566.062928618226,0.0,566.7869769516109,0.00274,503.866806,0.0,503.869546
2026-07-16_ttft_component_regression/phase1/input8000_rate2p5_reuse50_seed2,31,0.0,21.053018838928132,21.053018838928132,566.062928618226,0.0,587.1159474571541,3.860447,541.283782,0.0,545.144229
2026-07-16_ttft_component_regression/phase1/input8000_rate2p5_reuse50_seed2,28,0.0,19.597812837068673,19.597812837068673,566.062928618226,0.0,585.6607414552947,9.822396,536.179881,0.0,546.002277
2026-07-16_ttft_component_regression/phase1/input8000_rate2p5_reuse50_seed2,58,0.0,11.807361786610896,11.807361786610896,566.062928618226,0.0,577.8702904048369,2.08711,523.8494,0.0,525.93651
2026-07-16_ttft_component_regression/phase1/input8000_rate2p5_reuse50_seed2,80,0.02806727660899025,7.267619992977853,7.295687269586843,566.062928618226,0.0,573.3586158878129,3.287966,520.248259,0.0,523.536225
2026-07-16_ttft_component_regression/phase1/input8000_rate2p5_reuse50_seed2,86,0.9007614772381117,26.06897649663877,26.96973797387688,566.062928618226,423.9400663798772,1016.9727329719801,15.84240062011838,533.532628,423.9400663798817,973.315095
2026-07-16_ttft_component_regression/phase1/input8000_rate2p5_reuse50_seed2,85,0.0,11.804271303590012,11.804271303590012,566.062928618226,0.0,577.867199921816,19.19911,531.563539,0.0,550.762649
2026-07-16_ttft_component_regression/phase1/input8000_rate2p5_reuse50_seed2,101,0.022398842989061772,15.546925663071567,15.56932450606063,566.062928618226,0.0,581.6322531242866,16.030955,536.476062,0.0,552.507017
2026-07-16_ttft_component_regression/phase1/input8000_rate2p5_reuse50_seed2,109,0.026627599306307467,18.72622375255372,18.75285135186003,566.062928618226,0.0,584.815779970086,8.531717,539.693478,0.0,548.225195
2026-07-16_ttft_component_regression/phase1/input8000_rate2p5_reuse50_seed2,128,0.023495301666005927,16.628088483428705,16.65158378509471,566.062928618226,0.0,582.7145124033207,131.583114,831.680011,0.0,963.263125
2026-07-16_ttft_component_regression/phase1/input8000_rate2p5_reuse50_seed2,127,0.0,13.280679572291945,13.280679572291945,566.062928618226,0.0,579.3436081905179,15.097878,564.094969,0.0,579.192847
2026-07-16_ttft_component_regression/phase1/input8000_rate2p5_reuse50_seed2,153,0.0,17.536828523954075,17.536828523954075,566.062928618226,0.0,583.5997571421801,4.876205,541.447453,0.0,546.323658
2026-07-16_ttft_component_regression/phase1/input8000_rate2p5_reuse50_seed2,140,0.026896514371023545,18.714544750299375,18.7414412646704,566.062928618226,0.0,584.8043698828964,6.375165,538.898331,0.0,545.273496
2026-07-16_ttft_component_regression/phase1/input8000_rate2p5_reuse50_seed2,146,0.0,17.54419886320463,17.54419886320463,566.062928618226,0.0,583.6071274814307,22.180643,543.093018,0.0,565.273661
2026-07-16_ttft_component_regression/phase1/input8000_rate2p5_reuse50_seed2,171,0.0,17.791759843670416,17.791759843670416,566.062928618226,0.0,583.8546884618964,16.461346,544.082335,0.0,560.543681
2026-07-16_ttft_component_regression/phase1/input8000_rate2p5_reuse50_seed2,173,0.0,17.54175169161799,17.54175169161799,566.062928618226,0.0,583.604680309844,19.16612,543.34463,0.0,562.51075
2026-07-16_ttft_component_regression/phase1/input8000_rate2p5_reuse50_seed2,194,0.022779556804518417,16.567860309529063,16.590639866333582,566.062928618226,0.0,582.6535684845596,19.237618,537.102415,0.0,556.340033
2026-07-16_ttft_component_regression/phase1/input8000_rate2p5_reuse50_seed2,184,0.0,17.540524531637516,17.540524531637516,566.062928618226,0.0,583.6034531498635,4.666487,545.508303,0.0,550.17479
2026-07-16_ttft_component_regression/phase1/input8000_rate2p5_reuse50_seed2,200,0.0289678252007365,18.619331660200217,18.648299485400955,566.062928618226,0.0,584.7112281036269,8.289983,536.02935,0.0,544.319333
2026-07-16_ttft_component_regression/phase1/input8000_rate2p5_reuse50_seed2,205,0.026458385237448517,17.47780634460663,17.504264729844078,566.062928618226,0.0,583.5671933480701,0.917709,537.960067,0.0,538.877776
2026-07-16_ttft_component_regression/phase1/input8000_rate2p5_reuse50_seed2,219,0.027690072837045204,18.679211597256536,18.706901670093583,566.062928618226,0.0,584.7698302883196,17.361848,539.603941,0.0,556.965789
2026-07-16_ttft_component_regression/phase1/input8000_rate2p5_reuse50_seed2,244,0.0,18.364725684526444,18.364725684526444,566.062928618226,0.0,584.4276543027524,197.148764,826.021576,0.0,1023.17034
2026-07-16_ttft_component_regression/phase1/input8000_rate2p5_reuse50_seed2,242,0.031653689096123795,14.858176489546732,14.889830178642857,566.062928618226,0.0,580.9527587968689,17.129448,570.234402,0.0,587.36385
2026-07-16_ttft_component_regression/phase1/input8000_rate2p5_reuse50_seed2,256,0.9824900667847407,492.7172391346888,493.69972920147353,566.062928618226,423.9400663798772,1483.7027241995768,5.248147620118379,542.721793,423.9400663798817,971.910007
2026-07-16_ttft_component_regression/phase1/input8000_rate2p5_reuse50_seed2,239,0.9368878411172664,26.146753233862867,27.083641074980132,566.062928618226,423.9400663798772,1017.0866360730834,5.18264662011838,534.044827,423.9400663798817,963.16754
2026-07-16_ttft_component_regression/phase1/input8000_rate2p5_reuse50_seed2,243,0.024846752934844084,17.543583184142715,17.56842993707756,566.062928618226,0.0,583.6313585553036,130.104167,883.552815,0.0,1013.656982
2026-07-16_ttft_component_regression/phase1/input8000_rate2p5_reuse50_seed2,264,0.2698772389762117,24.06342778940917,24.333305028385382,566.062928618226,0.0,590.3962336466113,18.807757,547.412165,0.0,566.219922
2026-07-16_ttft_component_regression/phase1/input8000_rate2p5_reuse50_seed2,296,393.76570920542537,491.30271579775876,885.0684250031841,566.062928618226,423.9400663798772,1875.0714200012874,313.60195262011837,548.502745,423.9400663798817,1286.044764
2026-07-16_ttft_component_regression/phase1/input8000_rate2p5_reuse50_seed2,281,0.9657603471042233,26.501993591932585,27.467753939036808,566.062928618226,423.9400663798772,1017.47074893714,14.07178362011838,552.774749,423.9400663798817,990.786599
2026-07-16_ttft_component_regression/phase1/input8000_rate2p5_reuse50_seed2,290,0.9314235614269103,26.13545889228407,27.06688245371098,566.062928618226,423.9400663798772,1017.0698774518141,21.98251362011838,552.942743,423.9400663798817,998.865323
2026-07-16_ttft_component_regression/phase1/input8000_rate2p5_reuse50_seed2,19,0.015412323510383479,0.6656072804718739,0.6810196039822574,566.062928618226,0.0,566.7439482222082,0.008651,503.866806,0.0,503.875457
2026-07-16_ttft_component_regression/phase1/input8000_rate2p5_reuse50_seed2,32,0.0,8.072060878176492,8.072060878176492,566.062928618226,0.0,574.1349894964025,11.828501,517.451711,0.0,529.280212
2026-07-16_ttft_component_regression/phase1/input8000_rate2p5_reuse50_seed2,33,0.0,13.24061287923316,13.24061287923316,566.062928618226,0.0,579.3035414974592,172.008784,523.05372,0.0,695.062504
2026-07-16_ttft_component_regression/phase1/input8000_rate2p5_reuse50_seed2,37,0.021952084005713884,16.49945012377191,16.521402207777626,566.062928618226,0.0,582.5843308260037,7.492077,527.347433,0.0,534.83951
2026-07-16_ttft_component_regression/phase1/input8000_rate2p5_reuse50_seed2,64,0.0,18.836061177690574,18.836061177690574,566.062928618226,0.0,584.8989897959166,10.609198,540.942438,0.0,551.551636
2026-07-16_ttft_component_regression/phase1/input8000_rate2p5_reuse50_seed2,61,0.027361758842374573,17.438665188507922,17.466026947350297,566.062928618226,0.0,583.5289555655763,13.068038,530.607085,0.0,543.675123
2026-07-16_ttft_component_regression/phase1/input8000_rate2p5_reuse50_seed2,59,0.030934680404138545,14.80396156633077,14.834896246734909,566.062928618226,0.0,580.897824864961,7.442769,527.963657,0.0,535.406426
2026-07-16_ttft_component_regression/phase1/input8000_rate2p5_reuse50_seed2,62,0.0,18.350456406727698,18.350456406727698,566.062928618226,0.0,584.4133850249538,61.298629,536.258153,0.0,597.556782
2026-07-16_ttft_component_regression/phase1/input8000_rate2p5_reuse50_seed2,82,0.17319523489953,23.568822920113806,23.742018155013337,566.062928618226,0.0,589.8049467732393,0.0209,547.047851,0.0,547.068751
2026-07-16_ttft_component_regression/phase1/input8000_rate2p5_reuse50_seed2,75,0.17319523489953,23.568822920113806,23.742018155013337,566.062928618226,0.0,589.8049467732393,6.79311,548.454666,0.0,555.247776
2026-07-16_ttft_component_regression/phase1/input8000_rate2p5_reuse50_seed2,89,3937.1667314250894,25.98121454418903,3963.1479459692787,566.062928618226,423.9400663798772,4953.150940967382,8409.796132620118,551.053548,423.9400663798817,9384.789747
2026-07-16_ttft_component_regression/phase1/input8000_rate2p5_reuse50_seed2,90,2211.7645068901097,26.07300225162034,2237.83750914173,566.062928618226,0.0,2803.9004377599563,1196.426649,549.868387,0.0,1746.295036
2026-07-16_ttft_component_regression/phase1/input8000_rate2p5_reuse50_seed2,88,4122.701573681124,26.044525538099396,4148.746099219223,566.062928618226,423.9400663798772,5138.749094217325,3897.962517620118,548.030865,423.9400663798817,4869.933449
2026-07-16_ttft_component_regression/phase1/input8000_rate2p5_reuse50_seed2,124,0.021847963430251593,16.490931140160257,16.512779103590507,566.062928618226,0.0,582.5757077218166,17.058851,537.67127,0.0,554.730121
2026-07-16_ttft_component_regression/phase1/input8000_rate2p5_reuse50_seed2,159,0.004525475255218866,7.151429410646559,7.155954885901778,566.062928618226,0.0,573.2188835041278,14.224702,523.447475,0.0,537.672177
2026-07-16_ttft_component_regression/phase1/input8000_rate2p5_reuse50_seed2,163,0.004419160164551293,7.150522656751436,7.154941816915987,566.062928618226,0.0,573.217870435142,6.673248,565.933444,0.0,572.606692
2026-07-16_ttft_component_regression/phase1/input8000_rate2p5_reuse50_seed2,166,0.0,11.970735412060888,11.970735412060888,566.062928618226,0.0,578.0336640302869,44.699849,830.485233,0.0,875.185082
2026-07-16_ttft_component_regression/phase1/input8000_rate2p5_reuse50_seed2,169,0.05273386697284128,14.85255772036729,14.905291587340132,566.062928618226,0.0,580.9682202055661,8.895496,531.494061,0.0,540.389557
2026-07-16_ttft_component_regression/phase1/input8000_rate2p5_reuse50_seed2,179,0.03807342155630828,16.58282779666216,16.620901218218467,566.062928618226,0.0,582.6838298364445,3.016979,536.583174,0.0,539.600153
2026-07-16_ttft_component_regression/phase1/input8000_rate2p5_reuse50_seed2,186,0.0,17.514168226403303,17.514168226403303,566.062928618226,0.0,583.5770968446293,6.830391,543.282358,0.0,550.112749
2026-07-16_ttft_component_regression/phase1/input8000_rate2p5_reuse50_seed2,197,0.022779556804518417,16.567860309529063,16.590639866333582,566.062928618226,0.0,582.6535684845596,5.401593,535.811321,0.0,541.212914
2026-07-16_ttft_component_regression/phase1/input8000_rate2p5_reuse50_seed2,220,0.0,13.250723584799402,13.250723584799402,566.062928618226,0.0,579.3136522030254,16.16262,527.27379,0.0,543.43641
2026-07-16_ttft_component_regression/phase1/input8000_rate2p5_reuse50_seed2,262,0.0,11.989787995686989,11.989787995686989,566.062928618226,0.0,578.052716613913,17.837498,532.717472,0.0,550.55497
2026-07-16_ttft_component_regression/phase1/input8000_rate2p5_reuse50_seed2,266,0.19722338670704676,10.957001099928164,11.15422448663521,566.062928618226,0.0,577.2171531048613,13.861164,530.918275,0.0,544.779439
2026-07-16_ttft_component_regression/phase1/input8000_rate2p5_reuse50_seed2,252,0.9937249315006199,26.55927194605391,27.55299687755453,566.062928618226,423.9400663798772,1017.5559918756577,4.707290620118379,521.713257,423.9400663798817,950.360614
2026-07-16_ttft_component_regression/phase1/input8000_rate2p5_reuse50_seed2,271,0.09892620588690693,15.750089921577361,15.849016127464267,566.062928618226,0.0,581.9119447456903,15.033266,533.673584,0.0,548.70685
2026-07-16_ttft_component_regression/phase1/input8000_rate2p5_reuse50_seed2,288,0.06163501957966048,16.874484636181208,16.93611965576087,566.062928618226,0.0,582.9990482739869,4.889504,539.129076,0.0,544.01858
2026-07-16_ttft_component_regression/phase1/input8000_rate2p5_reuse50_seed3,18,0.015896193944411587,0.7823192939169769,0.7982154878613884,566.3274394046304,0.0,567.1256548924918,0.014463,503.866806,0.0,503.881269
2026-07-16_ttft_component_regression/phase1/input8000_rate2p5_reuse50_seed3,68,0.09388398190429707,0.6629137693317292,0.7567977512360262,566.3274394046304,0.0,567.0842371558664,3.8e-05,503.866806,0.0,503.866844
2026-07-16_ttft_component_regression/phase1/input8000_rate2p5_reuse50_seed3,72,0.004963627402752371,7.59115876259837,7.596122390001122,566.3274394046304,0.0,573.9235617946315,0.701176,516.811327,0.0,517.512503
2026-07-16_ttft_component_regression/phase1/input8000_rate2p5_reuse50_seed3,103,0.029777988132156877,7.627428335701514,7.6572063238336705,566.3274394046304,0.0,573.984645728464,12.47641,517.859135,0.0,530.335545
2026-07-16_ttft_component_regression/phase1/input8000_rate2p5_reuse50_seed3,120,0.03155529616552256,7.628476153821536,7.660031449987058,566.3274394046304,0.0,573.9874708546174,1.802011,557.529693,0.0,559.331704
2026-07-16_ttft_component_regression/phase1/input8000_rate2p5_reuse50_seed3,123,0.058448350450501244,261.10009764774736,261.15854599819784,566.3274394046304,0.0,827.4859854028282,631.512209,810.457694,0.0,1441.969903
2026-07-16_ttft_component_regression/phase1/input8000_rate2p5_reuse50_seed3,122,0.0035318878560057884,12.634511779437146,12.638043667293152,566.3274394046304,0.0,578.9654830719235,118.523652,866.51607,0.0,985.039722
2026-07-16_ttft_component_regression/phase1/input8000_rate2p5_reuse50_seed3,154,0.030966431080478685,15.850422883438725,15.881389314519204,566.3274394046304,0.0,582.2088287191496,10.873664,528.564649,0.0,539.438313
2026-07-16_ttft_component_regression/phase1/input8000_rate2p5_reuse50_seed3,169,0.005937953691194213,7.590891957527516,7.59682991121871,566.3274394046304,0.0,573.9242693158491,0.347519,526.420887,0.0,526.768406
2026-07-16_ttft_component_regression/phase1/input8000_rate2p5_reuse50_seed3,173,0.0,12.563479968392203,12.563479968392203,566.3274394046304,0.0,578.8909193730226,3.824813,567.477934,0.0,571.302747
2026-07-16_ttft_component_regression/phase1/input8000_rate2p5_reuse50_seed3,174,0.031607824889501306,15.909133960548608,15.94074178543811,566.3274394046304,0.0,582.2681811900685,15.905357,835.359433,0.0,851.26479
2026-07-16_ttft_component_regression/phase1/input8000_rate2p5_reuse50_seed3,178,0.03931898496788155,18.098780707306403,18.138099692274285,566.3274394046304,0.0,584.4655390969046,19.054272,533.747692,0.0,552.801964
2026-07-16_ttft_component_regression/phase1/input8000_rate2p5_reuse50_seed3,185,0.0,19.7656159617535,19.7656159617535,566.3274394046304,0.0,586.0930553663839,7.707514,541.998836,0.0,549.70635
2026-07-16_ttft_component_regression/phase1/input8000_rate2p5_reuse50_seed3,179,0.0,18.821715662923427,18.821715662923427,566.3274394046304,0.0,585.1491550675538,143.385485,536.693791,0.0,680.079276
2026-07-16_ttft_component_regression/phase1/input8000_rate2p5_reuse50_seed3,186,0.1770439478959987,25.017832762994644,25.194876710890643,566.3274394046304,0.0,591.522316115521,6.587216,552.932937,0.0,559.520153
2026-07-16_ttft_component_regression/phase1/input8000_rate2p5_reuse50_seed3,187,7377.354634935709,26.974798543129914,7404.329433478839,566.3274394046304,0.0,7970.656872883469,5966.19832,550.094591,0.0,6516.292911
2026-07-16_ttft_component_regression/phase1/input8000_rate2p5_reuse50_seed3,196,9210.68877191937,27.117197848064283,9237.805969767434,566.3274394046304,0.0,9804.133409172066,3561.982336,548.188817,0.0,4110.171153
2026-07-16_ttft_component_regression/phase1/input8000_rate2p5_reuse50_seed3,219,8818.642081340655,27.020008358252593,8845.662089698908,566.3274394046304,0.0,9411.98952910354,1092.113671,550.945068,0.0,1643.058739
2026-07-16_ttft_component_regression/phase1/input8000_rate2p5_reuse50_seed3,211,13399.0511412299,27.032010971338213,13426.083152201238,566.3274394046304,0.0,13992.410591605869,3839.4331669999997,551.824408,0.0,4391.257575
2026-07-16_ttft_component_regression/phase1/input8000_rate2p5_reuse50_seed3,221,11030.824153572901,27.074796670380376,11057.898950243281,566.3274394046304,0.0,11624.226389647913,1934.040863,549.301844,0.0,2483.342707
2026-07-16_ttft_component_regression/phase1/input8000_rate2p5_reuse50_seed3,247,0.019642643731422757,17.220873342708554,17.240515986439977,566.3274394046304,0.0,583.5679553910703,13.871275,532.332115,0.0,546.20339
2026-07-16_ttft_component_regression/phase1/input8000_rate2p5_reuse50_seed3,262,0.0,13.559669071974062,13.559669071974062,566.3274394046304,0.0,579.8871084766045,9.244043,528.069817,0.0,537.31386
2026-07-16_ttft_component_regression/phase1/input8000_rate2p5_reuse50_seed3,290,0.0,8.177290023695559,8.177290023695559,566.3274394046304,0.0,574.504729428326,0.571896,520.258852,0.0,520.830748
2026-07-16_ttft_component_regression/phase1/input8000_rate2p5_reuse50_seed3,299,0.0,8.177307075232816,8.177307075232816,566.3274394046304,0.0,574.5047464798631,7.233228,521.284661,0.0,528.517889
2026-07-16_ttft_component_regression/phase1/input8000_rate2p5_reuse50_seed3,12,0.0,8.808443839569385,8.808443839569385,566.3274394046304,0.0,575.1358832441997,15.486136,516.770207,0.0,532.256343
2026-07-16_ttft_component_regression/phase1/input8000_rate2p5_reuse50_seed3,17,0.0,14.51325340942108,14.51325340942108,566.3274394046304,0.0,580.8406928140514,2.603071,522.998296,0.0,525.601367
2026-07-16_ttft_component_regression/phase1/input8000_rate2p5_reuse50_seed3,5,0.017146188097241378,0.8236660115524618,0.8408121996497031,566.3274394046304,0.0,567.16825160428,0.020695,503.866806,0.0,503.887501
2026-07-16_ttft_component_regression/phase1/input8000_rate2p5_reuse50_seed3,37,0.018398734112578193,17.094231803656378,17.112630537768954,566.3274394046304,0.0,583.4400699423993,18.742543,528.145065,0.0,546.887608
2026-07-16_ttft_component_regression/phase1/input8000_rate2p5_reuse50_seed3,53,0.005071909880482014,7.591174725095286,7.596246634975768,566.3274394046304,0.0,573.9236860396061,16.156282,517.185247,0.0,533.341529
2026-07-16_ttft_component_regression/phase1/input8000_rate2p5_reuse50_seed3,64,0.043594073425239854,13.485504085249152,13.529098158674392,566.3274394046304,0.0,579.8565375633048,15.220296,523.451064,0.0,538.67136
2026-07-16_ttft_component_regression/phase1/input8000_rate2p5_reuse50_seed3,83,0.004308678757050523,12.682327820287483,12.686636499044534,566.3274394046304,0.0,579.0140759036749,8.647389,523.742264,0.0,532.389653
2026-07-16_ttft_component_regression/phase1/input8000_rate2p5_reuse50_seed3,96,0.060068531352352794,16.131249307109638,16.19131783846199,566.3274394046304,0.0,582.5187572430923,7.310047,528.321865,0.0,535.631912
2026-07-16_ttft_component_regression/phase1/input8000_rate2p5_reuse50_seed3,98,0.06490074539517374,18.258246431932506,18.32314717732768,566.3274394046304,0.0,584.650586581958,18.623722,538.186529,0.0,556.810251
2026-07-16_ttft_component_regression/phase1/input8000_rate2p5_reuse50_seed3,102,0.0,18.901131576465737,18.901131576465737,566.3274394046304,0.0,585.2285709810961,6.143224,543.321114,0.0,549.464338
2026-07-16_ttft_component_regression/phase1/input8000_rate2p5_reuse50_seed3,108,0.0,18.875466582147336,18.875466582147336,566.3274394046304,0.0,585.2029059867776,14.664661,542.238412,0.0,556.903073
2026-07-16_ttft_component_regression/phase1/input8000_rate2p5_reuse50_seed3,114,0.20465946522322243,23.30775379403141,23.512413259254632,566.3274394046304,0.0,589.839852663885,0.165004,547.876435,0.0,548.041439
2026-07-16_ttft_component_regression/phase1/input8000_rate2p5_reuse50_seed3,110,0.0,19.83206422215332,19.83206422215332,566.3274394046304,0.0,586.1595036267837,176.486971,543.777158,0.0,720.264129
2026-07-16_ttft_component_regression/phase1/input8000_rate2p5_reuse50_seed3,131,0.0,19.696357439537593,19.696357439537593,566.3274394046304,0.0,586.0237968441679,20.318851,545.467037,0.0,565.785888
2026-07-16_ttft_component_regression/phase1/input8000_rate2p5_reuse50_seed3,141,1930.2482415152106,28.609607709141216,1958.8578492243519,566.3274394046304,0.0,2525.185288628982,1125.874819,549.876455,0.0,1675.751274
2026-07-16_ttft_component_regression/phase1/input8000_rate2p5_reuse50_seed3,133,0.1993412942520182,23.263922149367037,23.463263443619056,566.3274394046304,0.0,589.7907028482495,92.466147,546.26099,0.0,638.727137
2026-07-16_ttft_component_regression/phase1/input8000_rate2p5_reuse50_seed3,153,0.0,18.79982901831693,18.79982901831693,566.3274394046304,0.0,585.1272684229473,22.499851,541.615401,0.0,564.115252
2026-07-16_ttft_component_regression/phase1/input8000_rate2p5_reuse50_seed3,180,0.0057214974091865595,7.591031920929516,7.596753418338702,566.3274394046304,0.0,573.9241928229691,9.098211,519.793646,0.0,528.891857
2026-07-16_ttft_component_regression/phase1/input8000_rate2p5_reuse50_seed3,199,0.004200491934520286,12.67573418990115,12.67993468183567,566.3274394046304,0.0,579.007374086466,4.767009,531.214882,0.0,535.981891
2026-07-16_ttft_component_regression/phase1/input8000_rate2p5_reuse50_seed3,202,0.03266456596673554,16.007618454245943,16.04028302021268,566.3274394046304,0.0,582.367722424843,16.589822,534.068397,0.0,550.658219
2026-07-16_ttft_component_regression/phase1/input8000_rate2p5_reuse50_seed3,208,0.0,18.829960215490285,18.829960215490285,566.3274394046304,0.0,585.1573996201206,133.939353,839.235302,0.0,973.174655
2026-07-16_ttft_component_regression/phase1/input8000_rate2p5_reuse50_seed3,190,0.0040974231631302,7.590633164330169,7.5947305874932995,566.3274394046304,0.0,573.9221699921236,11.148146,526.404611,0.0,537.552757
2026-07-16_ttft_component_regression/phase1/input8000_rate2p5_reuse50_seed3,207,0.03681754121898732,18.229331027836334,18.26614856905532,566.3274394046304,0.0,584.5935879736857,3.311981,569.536549,0.0,572.84853
2026-07-16_ttft_component_regression/phase1/input8000_rate2p5_reuse50_seed3,227,0.0,21.61899712266449,21.61899712266449,566.3274394046304,0.0,587.9464365272948,23.380571,546.170434,0.0,569.551005
2026-07-16_ttft_component_regression/phase1/input8000_rate2p5_reuse50_seed3,251,0.0,8.176082929882286,8.176082929882286,566.3274394046304,0.0,574.5035223345127,4.023778,523.173791,0.0,527.197569
2026-07-16_ttft_component_regression/phase1/input8000_rate2p5_reuse50_seed3,256,0.0,8.176410444736703,8.176410444736703,566.3274394046304,0.0,574.503849849367,4.992004,526.271641,0.0,531.263645
2026-07-16_ttft_component_regression/phase1/input8000_rate2p5_reuse50_seed3,260,0.0,13.504992764804769,13.504992764804769,566.3274394046304,0.0,579.8324321694352,16.878381,529.784532,0.0,546.662913
2026-07-16_ttft_component_regression/phase1/input8000_rate2p5_reuse50_seed3,268,0.01923056233430239,17.178528091081493,17.197758653415796,566.3274394046304,0.0,583.5251980580462,15.125518,533.379098,0.0,548.504616
2026-07-16_ttft_component_regression/phase1/input8000_rate2p5_reuse50_seed3,280,0.0,20.18110455052939,20.18110455052939,566.3274394046304,0.0,586.5085439551598,5.226616,545.191893,0.0,550.418509
2026-07-16_ttft_component_regression/phase1/input8000_rate2p5_reuse50_seed3,271,0.023225669695019668,19.541250916276645,19.564476585971665,566.3274394046304,0.0,585.891915990602,16.456272,535.334175,0.0,551.790447
2026-07-16_ttft_component_regression/phase1/input8000_rate2p5_reuse50_seed3,30,0.012659855822865617,0.6736078461776179,0.6862677020004836,566.3274394046304,0.0,567.0137071066308,0.019331,542.367394,0.0,542.386725
2026-07-16_ttft_component_regression/phase1/input8000_rate2p5_reuse50_seed3,31,0.0,8.1773050331323,8.1773050331323,566.3274394046304,0.0,574.5047444377626,83.51928,803.03088,0.0,886.55016
2026-07-16_ttft_component_regression/phase1/input8000_rate2p5_reuse50_seed3,86,0.05270545756745952,0.5707103594714353,0.6234158170388948,566.3274394046304,0.0,566.9508552216693,0.01942,503.866806,0.0,503.886226
2026-07-16_ttft_component_regression/phase1/input8000_rate2p5_reuse50_seed3,93,0.03122202006472732,7.628496149259983,7.6597181693247105,566.3274394046304,0.0,573.9871575739551,5.435515,516.779551,0.0,522.215066
2026-07-16_ttft_component_regression/phase1/input8000_rate2p5_reuse50_seed3,97,0.004254409985441424,12.679022650258453,12.683277060243894,566.3274394046304,0.0,579.0107164648742,9.825533,522.922808,0.0,532.748341
2026-07-16_ttft_component_regression/phase1/input8000_rate2p5_reuse50_seed3,129,0.034013928545019015,16.1367922658957,16.17080619444072,566.3274394046304,0.0,582.4982455990711,24.082088,528.029897,0.0,552.111985
2026-07-16_ttft_component_regression/phase1/input8000_rate2p5_reuse50_seed3,127,0.0,12.660440082217425,12.660440082217425,566.3274394046304,0.0,578.9878794868478,11.32307,524.37964,0.0,535.70271
2026-07-16_ttft_component_regression/phase1/input8000_rate2p5_reuse50_seed3,134,0.10360768567628764,19.531616317736955,19.635224003413242,566.3274394046304,0.0,585.9626634080436,9.490169,530.841485,0.0,540.331654
2026-07-16_ttft_component_regression/phase1/input8000_rate2p5_reuse50_seed3,139,0.0,20.122662769191717,20.122662769191717,566.3274394046304,0.0,586.4501021738221,18.791283,542.780774,0.0,561.572057
2026-07-16_ttft_component_regression/phase1/input8000_rate2p5_reuse50_seed3,182,0.02559981042387152,0.5526766115273952,0.5782764219512667,566.3274394046304,0.0,566.9057158265816,0.003018,513.24114,0.0,513.244158
2026-07-16_ttft_component_regression/phase1/input8000_rate2p5_reuse50_seed3,184,0.005613252264651294,7.591084431312292,7.596697683576943,566.3274394046304,0.0,573.9241370882073,7.188366,521.172627,0.0,528.360993
2026-07-16_ttft_component_regression/phase1/input8000_rate2p5_reuse50_seed3,195,0.003988345171792664,12.66274775099299,12.666736096164783,566.3274394046304,0.0,578.9941755007951,2.003904,526.494088,0.0,528.497992
2026-07-16_ttft_component_regression/phase1/input8000_rate2p5_reuse50_seed3,214,0.03329089355971836,16.067079463841566,16.100370357401285,566.3274394046304,0.0,582.4278097620316,14.391299,536.357922,0.0,550.749221
2026-07-16_ttft_component_regression/phase1/input8000_rate2p5_reuse50_seed3,205,0.03329089355971836,16.067079463841566,16.100370357401285,566.3274394046304,0.0,582.4278097620316,15.878964,537.13076,0.0,553.009724
2026-07-16_ttft_component_regression/phase1/input8000_rate2p5_reuse50_seed3,232,0.0,20.16334849177724,20.16334849177724,566.3274394046304,0.0,586.4907878964076,15.570172,542.123507,0.0,557.693679
2026-07-16_ttft_component_regression/phase1/input8000_rate2p5_reuse50_seed3,224,0.03816055184231337,18.161218762197183,18.199379314039497,566.3274394046304,0.0,584.5268187186698,9.163361,538.143451,0.0,547.306812
2026-07-16_ttft_component_regression/phase1/input8000_rate2p5_reuse50_seed3,237,0.0,21.15707662963595,21.15707662963595,566.3274394046304,0.0,587.4845160342663,0.289391,544.517814,0.0,544.807205
2026-07-16_ttft_component_regression/phase1/input8000_rate2p5_reuse50_seed3,223,0.032874001665179904,16.02740835941946,16.060282361084642,566.3274394046304,0.0,582.387721765715,5.666594,537.380677,0.0,543.047271
2026-07-16_ttft_component_regression/phase1/input8000_rate2p5_reuse50_seed3,253,0.02642966124275845,19.35668692940955,19.383116590652307,566.3274394046304,0.0,585.7105559952827,4.224404,540.776812,0.0,545.001216
2026-07-16_ttft_component_regression/phase1/input8000_rate2p5_reuse50_seed3,276,0.0,8.177102869973433,8.177102869973433,566.3274394046304,0.0,574.5045422746038,10.07478,528.383516,0.0,538.458296
2026-07-16_ttft_component_regression/phase1/input8000_rate2p5_reuse50_seed3,285,0.0,8.17725435921425,8.17725435921425,566.3274394046304,0.0,574.5046937638446,13.399762,526.343137,0.0,539.742899
2026-07-16_ttft_component_regression/phase1/input8000_rate2p5_reuse50_seed3,292,0.0,13.528351068362117,13.528351068362117,566.3274394046304,0.0,579.8557904729925,11.821978,531.669463,0.0,543.491441
2026-07-16_ttft_component_regression/phase1/input8000_rate2p5_reuse50_seed3,4,0.017054428466935705,0.8205083484752408,0.8375627769421765,566.3274394046304,0.0,567.1650021815725,0.015396,503.866806,0.0,503.882202
2026-07-16_ttft_component_regression/phase1/input8000_rate2p5_reuse50_seed3,27,0.0,13.563237686002699,13.563237686002699,566.3274394046304,0.0,579.8906770906331,19.129702,523.290616,0.0,542.420318
2026-07-16_ttft_component_regression/phase1/input8000_rate2p5_reuse50_seed3,19,0.0,8.807489911357061,8.807489911357061,566.3274394046304,0.0,575.1349293159874,10.809521,517.188831,0.0,527.998352
2026-07-16_ttft_component_regression/phase1/input8000_rate2p5_reuse50_seed3,35,0.020560061159899574,17.31661878792558,17.33717884908548,566.3274394046304,0.0,583.6646182537158,11.019234,527.793001,0.0,538.812235
2026-07-16_ttft_component_regression/phase1/input8000_rate2p5_reuse50_seed3,49,0.03695443655115509,18.222579475331727,18.259533911882883,566.3274394046304,0.0,584.5869733165132,21.498675,567.101097,0.0,588.599772
2026-07-16_ttft_component_regression/phase1/input8000_rate2p5_reuse50_seed3,60,0.19992810780300685,23.414905559654425,23.614833667457432,566.3274394046304,0.0,589.9422730720878,16.375478,545.169077,0.0,561.544555
2026-07-16_ttft_component_regression/phase1/input8000_rate2p5_reuse50_seed3,50,0.0,18.84296105723022,18.84296105723022,566.3274394046304,0.0,585.1704004618606,149.828489,834.639841,0.0,984.46833
2026-07-16_ttft_component_regression/phase1/input8000_rate2p5_reuse50_seed3,56,0.0,19.83697441717514,19.83697441717514,566.3274394046304,0.0,586.1644138218055,17.439285,540.949318,0.0,558.388603
2026-07-16_ttft_component_regression/phase1/input8000_rate2p5_reuse50_seed3,47,0.03484208749818636,18.322466026278153,18.35730811377634,566.3274394046304,0.0,584.6847475184067,7.576176,531.557741,0.0,539.133917
2026-07-16_ttft_component_regression/phase1/input8000_rate2p5_reuse50_seed3,69,10136.845557206008,26.99558061036056,10163.84113781637,566.3274394046304,0.0,10730.168577221,1558.518454,549.865351,0.0,2108.383805
2026-07-16_ttft_component_regression/phase1/input8000_rate2p5_reuse50_seed3,75,7318.842969830902,27.087868878380977,7345.930838709283,566.3274394046304,0.0,7912.258278113914,185.28762,547.569945,0.0,732.857565
2026-07-16_ttft_component_regression/phase1/input8000_rate2p5_reuse50_seed3,80,9758.12250412523,28.667487739827596,9786.789991865056,566.3274394046304,0.0,10353.117431269688,4525.189052,550.710704,0.0,5075.899756
2026-07-16_ttft_component_regression/phase1/input8000_rate2p5_reuse50_seed3,88,6119.818424762661,27.035856711686982,6146.854281474349,566.3274394046304,0.0,6713.181720878979,5130.2632699999995,550.185793,0.0,5680.449063
2026-07-16_ttft_component_regression/phase1/input8000_rate2p5_reuse50_seed3,91,6531.948946448769,27.026978719994126,6558.975925168763,566.3274394046304,0.0,7125.303364573393,6254.233354999999,549.478546,0.0,6803.711901
2026-07-16_ttft_component_regression/phase1/input8000_rate2p5_reuse50_seed3,101,6667.059679004506,27.004526241876288,6694.064205246382,566.3274394046304,0.0,7260.391644651012,7201.357913000001,550.92913,0.0,7752.287043
2026-07-16_ttft_component_regression/phase1/input8000_rate2p5_reuse50_seed3,121,1069.0514591137414,26.977103021752203,1096.0285621354935,566.3274394046304,0.0,1662.356001540124,765.5060119999999,552.713648,0.0,1318.21966
2026-07-16_ttft_component_regression/phase1/input8000_rate2p5_reuse50_seed3,100,6136.1092270218305,27.066460715750374,6163.175687737581,566.3274394046304,0.0,6729.503127142211,5151.124599000001,551.179878,0.0,5702.304477
2026-07-16_ttft_component_regression/phase1/input8000_rate2p5_reuse50_seed3,135,5139.483437557064,27.049062412366258,5166.532499969429,566.3274394046304,0.0,5732.85993937406,3497.730721,547.418147,0.0,4045.148868
2026-07-16_ttft_component_regression/phase1/input8000_rate2p5_reuse50_seed3,107,6186.235783001028,27.070772669180364,6213.306555670209,566.3274394046304,0.0,6779.633995074839,5517.977205,547.129701,0.0,6065.106906
2026-07-16_ttft_component_regression/phase1/input8000_rate2p5_reuse50_seed3,126,1248.3765380881111,26.923371848582892,1275.2999099366941,566.3274394046304,0.0,1841.6273493413246,1048.589584,550.764611,0.0,1599.354195
2026-07-16_ttft_component_regression/phase1/input8000_rate2p5_reuse50_seed3,149,3631.908336142912,26.94075461130595,3658.849090754218,566.3274394046304,0.0,4225.176530158848,2176.273936,547.150665,0.0,2723.424601
2026-07-16_ttft_component_regression/phase1/input8000_rate2p5_reuse50_seed3,140,6366.708638119726,28.7633391163427,6395.471977236069,566.3274394046304,0.0,6961.799416640699,5057.297812,549.235958,0.0,5606.53377
2026-07-16_ttft_component_regression/phase1/input8000_rate2p5_reuse50_seed3,150,8515.90167138433,26.932093049633888,8542.833764433964,566.3274394046304,0.0,9109.161203838596,7859.570229,552.225039,0.0,8411.795268
2026-07-16_ttft_component_regression/phase1/input8000_rate2p5_reuse50_seed3,164,5052.017765689213,26.991454978117755,5079.009220667331,566.3274394046304,0.0,5645.336660071961,3517.796416,549.998501,0.0,4067.794917
2026-07-16_ttft_component_regression/phase1/input8000_rate2p5_reuse50_seed3,175,9255.901839473052,27.039933792769848,9282.941773265822,566.3274394046304,0.0,9849.269212670453,3202.402964,551.94296,0.0,3754.345924
2026-07-16_ttft_component_regression/phase1/input8000_rate2p5_reuse50_seed3,191,0.0,18.813376247885277,18.813376247885277,566.3274394046304,0.0,585.1408156525156,5.549714,544.763857,0.0,550.313571
2026-07-16_ttft_component_regression/phase1/input8000_rate2p5_reuse50_seed3,192,0.0,19.774639313298092,19.774639313298092,566.3274394046304,0.0,586.1020787179284,27.282448,547.153072,0.0,574.43552
2026-07-16_ttft_component_regression/phase1/input8000_rate2p5_reuse50_seed3,193,0.19629140156424976,23.38550332790914,23.58179472947339,566.3274394046304,0.0,589.9092341341037,7.523608,548.3386,0.0,555.862208
2026-07-16_ttft_component_regression/phase1/input8000_rate2p5_reuse50_seed3,217,0.03695443655115509,18.222579475331727,18.259533911882883,566.3274394046304,0.0,584.5869733165132,8.122339,539.62728,0.0,547.749619
2026-07-16_ttft_component_regression/phase1/input8000_rate2p5_reuse50_seed3,233,0.0,20.215452476207012,20.215452476207012,566.3274394046304,0.0,586.5428918808374,248.185442,541.582787,0.0,789.768229
2026-07-16_ttft_component_regression/phase1/input8000_rate2p5_reuse50_seed3,225,0.020458810202544364,17.30594883016482,17.326407640367364,566.3274394046304,0.0,583.6538470449977,18.917608,537.725287,0.0,556.642895
2026-07-16_ttft_component_regression/phase1/input8000_rate2p5_reuse50_seed3,231,0.021418908751011958,19.63372515120056,19.655144059951574,566.3274394046304,0.0,585.9825834645819,8.911442,537.991177,0.0,546.902619
2026-07-16_ttft_component_regression/phase1/input8000_rate2p5_reuse50_seed3,245,0.024159466809177407,19.49046834516772,19.514627811976897,566.3274394046304,0.0,585.8420672166072,17.457156,538.437874,0.0,555.89503
2026-07-16_ttft_component_regression/phase1/input8000_rate2p5_reuse50_seed3,265,0.02376268172804108,19.512317298533727,19.536079980261768,566.3274394046304,0.0,585.8635193848921,3.823695,534.068884,0.0,537.892579
2026-07-16_ttft_component_regression/phase1/input8000_rate2p5_reuse50_seed3,273,0.019333826877459624,17.189102213614387,17.208436040491847,566.3274394046304,0.0,583.5358754451222,18.392127,532.002011,0.0,550.394138
2026-07-16_ttft_component_regression/phase1/input8000_rate2p5_reuse50_seed3,3,0.0,8.80851406220353,8.80851406220353,566.3274394046304,0.0,575.1359534668339,8.28688,516.739199,0.0,525.026079
2026-07-16_ttft_component_regression/phase1/input8000_rate2p5_reuse50_seed3,0,0.01658468567240182,0.8046619659788349,0.8212466516512367,566.3274394046304,0.0,567.1486860562816,0.0,503.866806,0.0,503.866806
2026-07-16_ttft_component_regression/phase1/input8000_rate2p5_reuse50_seed3,13,0.02867138304586837,20.83689610797253,20.8655674910184,566.3274394046304,0.0,587.1930068956488,451.109259,877.063576,0.0,1328.172835
2026-07-16_ttft_component_regression/phase1/input8000_rate2p5_reuse50_seed3,11,0.022689603568932445,18.428876047011503,18.451565650580434,566.3274394046304,0.0,584.7790050552107,217.963982,871.437711,0.0,1089.401693
2026-07-16_ttft_component_regression/phase1/input8000_rate2p5_reuse50_seed3,23,0.0,22.71494325256425,22.71494325256425,566.3274394046304,0.0,589.0423826571946,17.290847,540.731462,0.0,558.022309
2026-07-16_ttft_component_regression/phase1/input8000_rate2p5_reuse50_seed3,16,0.0,21.639848517345357,21.639848517345357,566.3274394046304,0.0,587.9672879219758,128.74758,815.568136,0.0,944.315716
2026-07-16_ttft_component_regression/phase1/input8000_rate2p5_reuse50_seed3,10,0.0,14.542320319250425,14.542320319250425,566.3274394046304,0.0,580.8697597238807,15.308576,560.840187,0.0,576.148763
2026-07-16_ttft_component_regression/phase1/input8000_rate2p5_reuse50_seed3,26,0.18371914161715666,26.832522353327292,27.01624149494445,566.3274394046304,0.0,593.3436808995748,25.011949,544.752842,0.0,569.764791
2026-07-16_ttft_component_regression/phase1/input8000_rate2p5_reuse50_seed3,61,0.21378361089639303,23.52545466881926,23.739238279715654,566.3274394046304,0.0,590.066677684346,9.092297,550.437531,0.0,559.529828
2026-07-16_ttft_component_regression/phase1/input8000_rate2p5_reuse50_seed3,29,12955.492912176383,28.94873327445799,12984.441645450841,566.3274394046304,0.0,13550.769084855472,10349.474484,554.97996,0.0,10904.454444
2026-07-16_ttft_component_regression/phase1/input8000_rate2p5_reuse50_seed3,52,8527.128782094538,27.032010971338213,8554.160793065876,566.3274394046304,0.0,9120.488232470507,1156.6433410000002,552.184045,0.0,1708.827386
2026-07-16_ttft_component_regression/phase1/input8000_rate2p5_reuse50_seed3,82,7598.003746871726,27.25217314456144,7625.255920016288,566.3274394046304,0.0,8191.583359420918,231.65086,547.930389,0.0,779.581249
2026-07-16_ttft_component_regression/phase1/input8000_rate2p5_reuse50_seed3,62,9042.502762680597,27.234115898753597,9069.73687857935,566.3274394046304,0.0,9636.06431798398,988.599874,548.485514,0.0,1537.085388
2026-07-16_ttft_component_regression/phase1/input8000_rate2p5_reuse50_seed3,76,0.263881504862211,23.77318995260482,24.037071457467032,566.3274394046304,0.0,590.3645108620974,25.14511,553.145273,0.0,578.290383
2026-07-16_ttft_component_regression/phase1/input8000_rate2p5_reuse50_seed3,87,3853.4313403299025,27.226776265847423,3880.65811659575,566.3274394046304,0.0,4446.985556000381,2113.451702,546.227514,0.0,2659.679216
2026-07-16_ttft_component_regression/phase1/input8000_rate2p5_reuse50_seed3,85,0.2175367772551382,23.55500446477987,23.772541242035008,566.3274394046304,0.0,590.0999806466654,13.131796,547.239427,0.0,560.371223
2026-07-16_ttft_component_regression/phase1/input8000_rate2p5_reuse50_seed3,89,7482.1586260869635,27.189090026146058,7509.3477161131095,566.3274394046304,0.0,8075.67515551774,9965.464808,553.952644,0.0,10519.417452
2026-07-16_ttft_component_regression/phase1/input8000_rate2p5_reuse50_seed3,92,7668.935951012284,27.211898501285024,7696.147849513569,566.3274394046304,0.0,8262.4752889182,12207.340087,555.284687,0.0,12762.624774
2026-07-16_ttft_component_regression/phase1/input8000_rate2p5_reuse50_seed3,119,2567.3274819752796,27.169637191090963,2594.497119166371,566.3274394046304,0.0,3160.824558571001,1532.529205,551.740886,0.0,2084.270091
2026-07-16_ttft_component_regression/phase1/input8000_rate2p5_reuse50_seed3,124,3461.4615729958277,27.133616379457738,3488.5951893752854,566.3274394046304,0.0,4054.9226287799156,2321.935855,550.357341,0.0,2872.293196
2026-07-16_ttft_component_regression/phase1/input8000_rate2p5_reuse50_seed3,130,5276.945602050012,26.974798543129914,5303.9204005931415,566.3274394046304,0.0,5870.247839997772,3958.376675,546.545046,0.0,4504.921721
2026-07-16_ttft_component_regression/phase1/input8000_rate2p5_reuse50_seed3,125,4047.102377903364,27.18135722657026,4074.283735129934,566.3274394046304,0.0,4640.611174534564,2849.191194,547.615577,0.0,3396.806771
2026-07-16_ttft_component_regression/phase1/input8000_rate2p5_reuse50_seed3,148,2523.3788223414203,27.039933792769848,2550.41875613419,566.3274394046304,0.0,3116.7461955388203,1434.1042129999998,545.98352,0.0,1980.087733
2026-07-16_ttft_component_regression/phase1/input8000_rate2p5_reuse50_seed3,142,4808.039048516365,28.81907356246589,4836.858122078831,566.3274394046304,0.0,5403.185561483461,3011.432818,548.958108,0.0,3560.390926
2026-07-16_ttft_component_regression/phase1/input8000_rate2p5_reuse50_seed3,152,8420.915335076505,27.063320197515882,8447.97865527402,566.3274394046304,0.0,9014.306094678652,4206.604504,547.259463,0.0,4753.863967
2026-07-16_ttft_component_regression/phase1/input8000_rate2p5_reuse50_seed3,172,9956.050898804146,27.06716182829054,9983.118060632436,566.3274394046304,0.0,10549.445500037067,5186.627576,550.002019,0.0,5736.629595
2026-07-16_ttft_component_regression/phase1/input8000_rate2p5_reuse50_seed3,181,7572.767408482725,27.12640961543137,7599.893818098156,566.3274394046304,0.0,8166.221257502786,4019.060511,549.538479,0.0,4568.59899
2026-07-16_ttft_component_regression/phase1/input8000_rate2p5_reuse50_seed3,165,6445.794066236243,27.10834726979792,6472.902413506042,566.3274394046304,0.0,7039.229852910672,5989.8305199999995,549.926501,0.0,6539.757021
2026-07-16_ttft_component_regression/phase1/input8000_rate2p5_reuse50_seed3,162,6503.106032985729,27.1228304279449,6530.228863413674,566.3274394046304,0.0,7096.556302818304,5892.539143,550.627673,0.0,6443.166816
2026-07-16_ttft_component_regression/phase1/input8000_rate2p5_reuse50_seed3,200,11146.31057364894,27.177466622624536,11173.488040271564,566.3274394046304,0.0,11739.815479676196,3913.680204,553.185491,0.0,4466.865695
2026-07-16_ttft_component_regression/phase1/input8000_rate2p5_reuse50_seed3,194,1333.3524991325974,27.245000459017277,1360.5974995916147,566.3274394046304,0.0,1926.9249389962451,717.923283,551.243872,0.0,1269.167155
2026-07-16_ttft_component_regression/phase1/input8000_rate2p5_reuse50_seed3,206,14913.440086190636,27.06716182829054,14940.507248018926,566.3274394046304,0.0,15506.834687423558,5977.017667,550.668656,0.0,6527.686323
2026-07-16_ttft_component_regression/phase1/input8000_rate2p5_reuse50_seed3,201,12054.394421080144,27.111992947413707,12081.506414027557,566.3274394046304,0.0,12647.833853432188,3743.671879,549.783269,0.0,4293.455148
2026-07-16_ttft_component_regression/phase1/input8000_rate2p5_reuse50_seed3,212,14952.795666051054,27.032010971338213,14979.827677022391,566.3274394046304,0.0,15546.155116427022,6229.04127,549.462418,0.0,6778.503688
2026-07-16_ttft_component_regression/phase1/input8000_rate2p5_reuse50_seed3,230,0.19184226791606457,26.908084160779257,27.099926428695323,566.3274394046304,0.0,593.4273658333257,159.194387,855.367696,0.0,1014.562083
2026-07-16_ttft_component_regression/phase1/input8000_rate2p5_reuse50_seed3,229,0.2000880435816211,26.983833863594523,27.183921907176146,566.3274394046304,0.0,593.5113613118065,11.045503,580.986981,0.0,592.032484
2026-07-16_ttft_component_regression/phase1/input8000_rate2p5_reuse50_seed3,236,7676.751289273782,28.98612865986375,7705.737417933646,566.3274394046304,0.0,8272.064857338277,810.000641,546.531218,0.0,1356.531859
2026-07-16_ttft_component_regression/phase1/input8000_rate2p5_reuse50_seed3,238,10922.777680449934,28.944493140012668,10951.722173589946,566.3274394046304,0.0,11518.049612994577,5767.498613,550.224801,0.0,6317.723414
2026-07-16_ttft_component_regression/phase1/input8000_rate2p5_reuse50_seed3,246,6254.190301921876,28.957162763599293,6283.147464685476,566.3274394046304,0.0,6849.474904090106,5294.752701,550.977006,0.0,5845.729707
2026-07-16_ttft_component_regression/phase1/input8000_rate2p5_reuse50_seed3,244,5748.682428786735,28.98612865986375,5777.668557446598,566.3274394046304,0.0,6343.9959968512285,3956.628571,548.564836,0.0,4505.193407
2026-07-16_ttft_component_regression/phase1/input8000_rate2p5_reuse50_seed3,257,6195.091876366307,28.957162763599293,6224.049039129906,566.3274394046304,0.0,6790.376478534537,5241.689438,550.096319,0.0,5791.785757
2026-07-16_ttft_component_regression/phase1/input8000_rate2p5_reuse50_seed3,248,6727.60006943251,28.99828439393834,6756.598353826449,566.3274394046304,0.0,7322.925793231079,6781.255268,550.87249,0.0,7332.127758
2026-07-16_ttft_component_regression/phase1/input8000_rate2p5_reuse50_seed3,264,6103.175396965759,29.010283664958635,6132.185680630718,566.3274394046304,0.0,6698.513120035348,4576.762874999999,547.209001,0.0,5123.971876
2026-07-16_ttft_component_regression/phase1/input8000_rate2p5_reuse50_seed3,275,6796.242681916877,28.94873327445799,6825.191415191335,566.3274394046304,0.0,7391.518854595965,6619.673002,550.403637,0.0,7170.076639
2026-07-16_ttft_component_regression/phase1/input8000_rate2p5_reuse50_seed3,277,8439.82560510095,28.944493140012668,8468.770098240962,566.3274394046304,0.0,9035.097537645594,6253.151681,548.32446,0.0,6801.476141
2026-07-16_ttft_component_regression/phase1/input8000_rate2p5_reuse50_seed3,269,6626.386911387721,28.92736425469141,6655.314275642412,566.3274394046304,0.0,7221.641715047042,6150.718797,552.187979,0.0,6702.906776
2026-07-16_ttft_component_regression/phase1/input8000_rate2p5_reuse50_seed3,281,8386.613392576259,28.909967903684866,8415.523360479943,566.3274394046304,0.0,8981.850799884574,7414.790392,550.891024,0.0,7965.681416
2026-07-16_ttft_component_regression/phase1/input8000_rate2p5_reuse50_seed3,287,7822.515909598581,28.856199292180843,7851.372108890761,566.3274394046304,0.0,8417.699548295392,6272.403534,549.052726,0.0,6821.45626
2026-07-16_ttft_component_regression/phase1/input8000_rate2p5_reuse50_seed3,295,11782.255423127483,28.837758324444202,11811.093181451926,566.3274394046304,0.0,12377.420620856557,4139.345002,547.596543,0.0,4686.941545
2026-07-16_ttft_component_regression/phase1/input8000_rate2p5_reuse50_seed3,2,0.015996766037230593,0.7855220752624897,0.8015188412997203,566.3274394046304,0.0,567.1289582459301,0.016809,503.866806,0.0,503.883615
2026-07-16_ttft_component_regression/phase1/input8000_rate2p5_reuse50_seed3,14,0.0,8.807873478861762,8.807873478861762,566.3274394046304,0.0,575.1353128834921,3.69587,516.858719,0.0,520.554589
2026-07-16_ttft_component_regression/phase1/input8000_rate2p5_reuse50_seed3,25,0.0,14.47529159106973,14.47529159106973,566.3274394046304,0.0,580.8027309957001,2.38454,523.405976,0.0,525.790516
2026-07-16_ttft_component_regression/phase1/input8000_rate2p5_reuse50_seed3,39,0.0,13.463955714739688,13.463955714739688,566.3274394046304,0.0,579.79139511937,10.364996,523.547736,0.0,533.912732
2026-07-16_ttft_component_regression/phase1/input8000_rate2p5_reuse50_seed3,43,0.01734525702076412,16.989619262603487,17.00696451962425,566.3274394046304,0.0,583.3344039242546,11.02728,527.754633,0.0,538.781913
2026-07-16_ttft_component_regression/phase1/input8000_rate2p5_reuse50_seed3,59,0.03969429140340838,18.077727865834635,18.117422157238043,566.3274394046304,0.0,584.4448615618684,17.921531,530.571213,0.0,548.492744
2026-07-16_ttft_component_regression/phase1/input8000_rate2p5_reuse50_seed3,57,0.031714198941959884,15.918947095435188,15.950661294377149,566.3274394046304,0.0,582.2781006990075,8.543109,527.765993,0.0,536.309102
2026-07-16_ttft_component_regression/phase1/input8000_rate2p5_reuse50_seed3,77,0.10142404647355514,17.126333597574767,17.22775764404832,566.3274394046304,0.0,583.5551970486787,18.043147,528.144009,0.0,546.187156
2026-07-16_ttft_component_regression/phase1/input8000_rate2p5_reuse50_seed3,84,0.03626428450350803,18.256204936419504,18.292469220923014,566.3274394046304,0.0,584.6199086255534,19.093451,536.468272,0.0,555.561723
2026-07-16_ttft_component_regression/phase1/input8000_rate2p5_reuse50_seed3,116,0.10252617562122687,17.232187319036175,17.3347134946574,566.3274394046304,0.0,583.6621528992878,159.060973,536.282987,0.0,695.34396
2026-07-16_ttft_component_regression/phase1/input8000_rate2p5_reuse50_seed3,115,0.04411784135610126,13.517790215205341,13.561908056561442,566.3274394046304,0.0,579.8893474611918,14.779282,527.754,0.0,542.533282
2026-07-16_ttft_component_regression/phase1/input8000_rate2p5_reuse50_seed3,161,0.025703624202051894,0.5554912349646582,0.5811948591667101,566.3274394046304,0.0,566.908634263797,0.033445,511.398188,0.0,511.431633
2026-07-16_ttft_component_regression/phase1/input8000_rate2p5_reuse50_seed3,167,0.0,12.56050783893704,12.56050783893704,566.3274394046304,0.0,578.8879472435674,198.629783,824.453351,0.0,1023.083134
2026-07-16_ttft_component_regression/phase1/input8000_rate2p5_reuse50_seed3,166,0.005937953691194213,7.590891957527516,7.59682991121871,566.3274394046304,0.0,573.9242693158491,15.008458,559.760753,0.0,574.769211
2026-07-16_ttft_component_regression/phase1/input8000_rate2p5_reuse50_seed3,204,0.001935934035594541,7.5863921515006165,7.588328085536211,566.3274394046304,0.0,573.9157674901666,7.420775,527.124,0.0,534.544775
2026-07-16_ttft_component_regression/phase1/input8000_rate2p5_reuse50_seed3,209,0.0,12.725752219106958,12.725752219106958,566.3274394046304,0.0,579.0531916237373,6.398302,530.74887,0.0,537.147172
2026-07-16_ttft_component_regression/phase1/input8000_rate2p5_reuse50_seed3,198,0.05523281451037596,0.6455039619819706,0.7007367764923466,566.3274394046304,0.0,567.0281761811227,0.03028,511.080437,0.0,511.110717
2026-07-16_ttft_component_regression/phase1/input8000_rate2p5_reuse50_seed3,228,0.0,21.723621135747724,21.723621135747724,566.3274394046304,0.0,588.0510605403781,85.144806,541.826655,0.0,626.971461
2026-07-16_ttft_component_regression/phase1/input8000_rate2p5_reuse50_seed3,220,0.03720405337456782,16.45990283138886,16.497106884763426,566.3274394046304,0.0,582.8245462893938,3.109216,534.986391,0.0,538.095607
2026-07-16_ttft_component_regression/phase1/input8000_rate2p5_reuse50_seed3,226,0.01659324785775218,19.851282949565356,19.867876197423108,566.3274394046304,0.0,586.1953156020535,20.521086,539.083897,0.0,559.604983
2026-07-16_ttft_component_regression/phase1/input8000_rate2p5_reuse50_seed3,240,0.0,21.40466675366751,21.40466675366751,566.3274394046304,0.0,587.7321061582978,11.60065,546.920862,0.0,558.521512
2026-07-16_ttft_component_regression/phase1/input8000_rate2p5_reuse50_seed3,266,0.0,13.549069638427488,13.549069638427488,566.3274394046304,0.0,579.8765090430578,14.66006,534.807001,0.0,549.467061
2026-07-16_ttft_component_regression/phase1/input8000_rate2p5_reuse50_seed3,272,0.023090006959298377,19.54844895304142,19.571538960000716,566.3274394046304,0.0,585.898978364631,5.208195,541.331638,0.0,546.539833
2026-07-16_ttft_component_regression/phase1/input8000_rate2p5_reuse50_seed3,267,0.020762038434803978,17.337982059672463,17.358744098107266,566.3274394046304,0.0,583.6861835027377,176.500991,532.913394,0.0,709.414385
2026-07-16_ttft_component_regression/phase1/input8000_rate2p5_reuse50_seed3,283,0.01923056233430239,17.178528091081493,17.197758653415796,566.3274394046304,0.0,583.5251980580462,12.820603,538.995124,0.0,551.815727
2026-07-16_ttft_component_regression/phase1/input8000_rate2p5_reuse50_seed3,1,0.01559002296114168,0.7726895515375691,0.7882795744987108,566.3274394046304,0.0,567.115718979129,1.237428,503.866806,0.0,505.104234
2026-07-16_ttft_component_regression/phase1/input8000_rate2p5_reuse50_seed3,15,0.021959831254064418,18.350012404630142,18.371972235884208,566.3274394046304,0.0,584.6994116405145,18.270383,527.083625,0.0,545.354008
2026-07-16_ttft_component_regression/phase1/input8000_rate2p5_reuse50_seed3,6,0.0,8.808300527116481,8.808300527116481,566.3274394046304,0.0,575.1357399317468,2.100575,556.904509,0.0,559.005084
2026-07-16_ttft_component_regression/phase1/input8000_rate2p5_reuse50_seed3,22,0.0,21.630435718772965,21.630435718772965,566.3274394046304,0.0,587.9578751234034,11.988813,535.938793,0.0,547.927606
2026-07-16_ttft_component_regression/phase1/input8000_rate2p5_reuse50_seed3,7,0.0,14.527634066982474,14.527634066982474,566.3274394046304,0.0,580.8550734716129,40.725966,816.627837,0.0,857.353803
2026-07-16_ttft_component_regression/phase1/input8000_rate2p5_reuse50_seed3,34,0.0,21.1759721737974,21.1759721737974,566.3274394046304,0.0,587.5034115784277,4.06138,541.390278,0.0,545.451658
2026-07-16_ttft_component_regression/phase1/input8000_rate2p5_reuse50_seed3,20,0.02763523564642281,20.899835213764664,20.927470449411086,566.3274394046304,0.0,587.2549098540414,7.014647,530.117645,0.0,537.132292
2026-07-16_ttft_component_regression/phase1/input8000_rate2p5_reuse50_seed3,44,0.0,21.22476907984331,21.22476907984331,566.3274394046304,0.0,587.5522084844737,3.289646,578.351337,0.0,581.640983
2026-07-16_ttft_component_regression/phase1/input8000_rate2p5_reuse50_seed3,45,0.18871815187422492,25.11992227891009,25.308640430784315,566.3274394046304,0.0,591.6360798354146,259.956973,852.115207,0.0,1112.07218
2026-07-16_ttft_component_regression/phase1/input8000_rate2p5_reuse50_seed3,55,8645.17826431392,27.074796670380376,8672.2530609843,566.3274394046304,0.0,9238.58050038893,1160.243651,550.211297,0.0,1710.454948
2026-07-16_ttft_component_regression/phase1/input8000_rate2p5_reuse50_seed3,65,9200.902525136464,28.914394654751867,9229.816919791216,566.3274394046304,0.0,9796.144359195847,984.73857,551.705272,0.0,1536.443842
2026-07-16_ttft_component_regression/phase1/input8000_rate2p5_reuse50_seed3,90,131.83230165402816,27.313663983133583,159.14596563716174,566.3274394046304,0.0,725.4734050417921,100.97533299999999,546.48242,0.0,647.457753
2026-07-16_ttft_component_regression/phase1/input8000_rate2p5_reuse50_seed3,79,8219.036412092275,28.965285194581686,8248.001697286856,566.3274394046304,0.0,8814.329136691487,639.9689880000001,547.223945,0.0,1187.192933
2026-07-16_ttft_component_regression/phase1/input8000_rate2p5_reuse50_seed3,74,0.23570250328192788,23.695696547843312,23.93139905112524,566.3274394046304,0.0,590.2588384557556,245.358118,858.174438,0.0,1103.532556
2026-07-16_ttft_component_regression/phase1/input8000_rate2p5_reuse50_seed3,73,0.0,19.91011777225164,19.91011777225164,566.3274394046304,0.0,586.237557176882,8.758973,582.583516,0.0,591.342489
2026-07-16_ttft_component_regression/phase1/input8000_rate2p5_reuse50_seed3,113,0.21942261520436696,23.569789331585802,23.789211946790168,566.3274394046304,0.0,590.1166513514205,22.113616,552.590561,0.0,574.704177
2026-07-16_ttft_component_regression/phase1/input8000_rate2p5_reuse50_seed3,99,6161.308224284017,27.29714223878145,6188.605366522799,566.3274394046304,0.0,6754.932805927429,4546.705394,555.037652,0.0,5101.743046
2026-07-16_ttft_component_regression/phase1/input8000_rate2p5_reuse50_seed3,137,2089.9109617132826,28.80646234021099,2118.7174240534937,566.3274394046304,0.0,2685.044863458124,1131.5751260000002,551.096394,0.0,1682.67152
2026-07-16_ttft_component_regression/phase1/input8000_rate2p5_reuse50_seed3,136,0.239635150826922,23.58753307664434,23.82716822747126,566.3274394046304,0.0,590.1546076321016,16.457243,553.47294,0.0,569.930183
2026-07-16_ttft_component_regression/phase1/input8000_rate2p5_reuse50_seed3,147,0.0,19.759646602444256,19.759646602444256,566.3274394046304,0.0,586.0870860070746,23.11439,543.131055,0.0,566.245445
2026-07-16_ttft_component_regression/phase1/input8000_rate2p5_reuse50_seed3,132,0.21847892422057924,23.562396089188102,23.780875013408682,566.3274394046304,0.0,590.1083144180391,12.441016,555.642309,0.0,568.083325
2026-07-16_ttft_component_regression/phase1/input8000_rate2p5_reuse50_seed3,138,4787.667051166258,28.864004316951497,4816.5310554832095,566.3274394046304,0.0,5382.85849488784,2912.564845,550.503765,0.0,3463.06861
2026-07-16_ttft_component_regression/phase1/input8000_rate2p5_reuse50_seed3,170,0.0,18.823372074454344,18.823372074454344,566.3274394046304,0.0,585.1508114790847,21.404728,544.605047,0.0,566.009775
2026-07-16_ttft_component_regression/phase1/input8000_rate2p5_reuse50_seed3,239,0.01275861270915554,0.6765977278296719,0.6893563405388274,566.3274394046304,0.0,567.0167957451691,0.001988,509.682336,0.0,509.684324
2026-07-16_ttft_component_regression/phase1/input8000_rate2p5_reuse50_seed3,258,0.0,8.17726101151176,8.17726101151176,566.3274394046304,0.0,574.5047004161421,4.743211,523.923759,0.0,528.66697
2026-07-16_ttft_component_regression/phase1/input8000_rate2p5_reuse50_seed3,289,0.0,8.17726101151176,8.17726101151176,566.3274394046304,0.0,574.5047004161421,10.914652,525.895555,0.0,536.810207
2026-07-16_ttft_component_regression/phase1/input8000_rate2p5_reuse50_seed3,288,0.01361444707507138,0.703349286532506,0.7169637336075774,566.3274394046304,0.0,567.044403138238,0.007712,510.889788,0.0,510.8975
2026-07-16_ttft_component_regression/phase1/input8000_rate2p5_reuse50_seed3,297,0.02212479123419975,19.59843990188905,19.620564693123253,566.3274394046304,0.0,585.9480040977536,1.156051,530.910477,0.0,532.066528
2026-07-16_ttft_component_regression/phase1/input8000_rate2p5_reuse50_seed3,291,0.0,13.55611818194719,13.55611818194719,566.3274394046304,0.0,579.8835575865776,11.976098,529.803186,0.0,541.779284
2026-07-16_ttft_component_regression/phase1/input8000_rate2p5_reuse50_seed3,294,0.02086276267682195,17.348675314099463,17.369538076776283,566.3274394046304,0.0,583.6969774814066,13.989588,532.640921,0.0,546.630509
2026-07-16_ttft_component_regression/phase1/input8000_rate2p5_reuse50_seed3,8,0.017146188097241378,0.8236660115524618,0.8408121996497031,566.3274394046304,0.0,567.16825160428,0.008455,503.866806,0.0,503.875261
2026-07-16_ttft_component_regression/phase1/input8000_rate2p5_reuse50_seed3,28,0.0,8.17726101151176,8.17726101151176,566.3274394046304,0.0,574.5047004161421,6.410999,517.490559,0.0,523.901558
2026-07-16_ttft_component_regression/phase1/input8000_rate2p5_reuse50_seed3,42,0.019127136718121815,17.16796214341693,17.18708928013505,566.3274394046304,0.0,583.5145286847654,9.592499,527.926761,0.0,537.51926
2026-07-16_ttft_component_regression/phase1/input8000_rate2p5_reuse50_seed3,36,0.0,13.549069638427488,13.549069638427488,566.3274394046304,0.0,579.8765090430578,5.736818,523.610552,0.0,529.34737
2026-07-16_ttft_component_regression/phase1/input8000_rate2p5_reuse50_seed3,54,0.03128779662003262,15.879742323708633,15.911030120328666,566.3274394046304,0.0,582.238469524959,6.321059,527.621065,0.0,533.942124
2026-07-16_ttft_component_regression/phase1/input8000_rate2p5_reuse50_seed3,71,0.04018612721994577,18.0494702070835,18.089656334303445,566.3274394046304,0.0,584.4170957389338,42.798135,828.724174,0.0,871.522309
2026-07-16_ttft_component_regression/phase1/input8000_rate2p5_reuse50_seed3,81,0.0,21.018353773873876,21.018353773873876,566.3274394046304,0.0,587.3457931785042,35.343229,846.765349,0.0,882.108578
2026-07-16_ttft_component_regression/phase1/input8000_rate2p5_reuse50_seed3,70,0.031607824889501306,15.909133960548608,15.94074178543811,566.3274394046304,0.0,582.2681811900685,10.918082,565.312383,0.0,576.230465
2026-07-16_ttft_component_regression/phase1/input8000_rate2p5_reuse50_seed3,78,0.0,20.047703178977713,20.047703178977713,566.3274394046304,0.0,586.3751425836081,19.025712,573.340047,0.0,592.365759
2026-07-16_ttft_component_regression/phase1/input8000_rate2p5_reuse50_seed3,94,0.0,18.8806733313573,18.8806733313573,566.3274394046304,0.0,585.2081127359877,18.136876,539.376663,0.0,557.513539
2026-07-16_ttft_component_regression/phase1/input8000_rate2p5_reuse50_seed3,111,0.03956979840198016,18.084758842343334,18.124328640745315,566.3274394046304,0.0,584.4517680453756,16.818457,539.429752,0.0,556.248209
2026-07-16_ttft_component_regression/phase1/input8000_rate2p5_reuse50_seed3,118,0.0,20.045870152618846,20.045870152618846,566.3274394046304,0.0,586.3733095572492,4.395398,544.376931,0.0,548.772329
2026-07-16_ttft_component_regression/phase1/input8000_rate2p5_reuse50_seed3,128,0.03868138090579568,18.13360178285101,18.172283163756806,566.3274394046304,0.0,584.4997225683871,16.06922,536.39557,0.0,552.46479
2026-07-16_ttft_component_regression/phase1/input8000_rate2p5_reuse50_seed3,146,0.10753024632755663,19.33739919573697,19.444929442064527,566.3274394046304,0.0,585.7723688466949,64.978352,840.227482,0.0,905.205834
2026-07-16_ttft_component_regression/phase1/input8000_rate2p5_reuse50_seed3,151,0.0,18.810013305072236,18.810013305072236,566.3274394046304,0.0,585.1374527097026,8.29788,541.013869,0.0,549.311749
2026-07-16_ttft_component_regression/phase1/input8000_rate2p5_reuse50_seed3,156,0.038552063365180654,18.140526000163405,18.179078063528586,566.3274394046304,0.0,584.5065174681589,21.248876,535.011309,0.0,556.260185
2026-07-16_ttft_component_regression/phase1/input8000_rate2p5_reuse50_seed3,145,0.10052951940041183,17.04222888340422,17.14275840280463,566.3274394046304,0.0,583.4701978074349,13.629571,571.237036,0.0,584.866607
2026-07-16_ttft_component_regression/phase1/input8000_rate2p5_reuse50_seed3,160,0.0,18.833232091297564,18.833232091297564,566.3274394046304,0.0,585.1606714959279,8.245112,538.688937,0.0,546.934049
2026-07-16_ttft_component_regression/phase1/input8000_rate2p5_reuse50_seed3,168,0.0,19.82102894883031,19.82102894883031,566.3274394046304,0.0,586.1484683534607,12.639076,542.370542,0.0,555.009618
2026-07-16_ttft_component_regression/phase1/input8000_rate2p5_reuse50_seed3,188,0.037361686574379174,18.202245330101604,18.239607016675983,566.3274394046304,0.0,584.5670464213064,15.668669,540.699255,0.0,556.367924
2026-07-16_ttft_component_regression/phase1/input8000_rate2p5_reuse50_seed3,203,0.0341165244549539,16.146780759326358,16.180897283781313,566.3274394046304,0.0,582.5083366884116,14.852992,538.870893,0.0,553.723885
2026-07-16_ttft_component_regression/phase1/input8000_rate2p5_reuse50_seed3,243,0.012154994625425655,0.6586078747642788,0.6707628693897045,566.3274394046304,0.0,566.9982022740201,0.049129,511.271088,0.0,511.320217
2026-07-16_ttft_component_regression/phase1/input8000_rate2p5_reuse50_seed3,249,0.0,8.1754939379823,8.1754939379823,566.3274394046304,0.0,574.5029333426127,17.040149,521.666226,0.0,538.706375
2026-07-16_ttft_component_regression/phase1/input8000_rate2p5_reuse50_seed3,255,0.017557125545260146,17.01047321870938,17.02803034425464,566.3274394046304,0.0,583.355469748885,7.994561,534.829486,0.0,542.824047
2026-07-16_ttft_component_regression/phase1/input8000_rate2p5_reuse50_seed3,263,0.0,20.159747700647753,20.159747700647753,566.3274394046304,0.0,586.487187105278,12.04956,538.382989,0.0,550.432549
2026-07-16_ttft_component_regression/phase1/input8000_rate2p5_reuse50_seed3,252,0.0,13.492040501537092,13.492040501537092,566.3274394046304,0.0,579.8194799061674,0.856266,532.032482,0.0,532.888748
2026-07-16_ttft_component_regression/phase1/input8000_rate2p5_reuse50_seed3,259,0.025192109649109184,19.431579694074298,19.456771803723406,566.3274394046304,0.0,585.7842112083538,4.992818,535.200255,0.0,540.193073
2026-07-16_ttft_component_regression/phase1/input8000_rate2p5_reuse50_seed3,293,0.0,8.177167368716555,8.177167368716555,566.3274394046304,0.0,574.504606773347,10.933884,523.409706,0.0,534.34359
2026-07-16_ttft_component_regression/phase1/input8000_rate2p5_reuse50_seed3,296,0.0,8.177167368716555,8.177167368716555,566.3274394046304,0.0,574.504606773347,11.283075,526.182715,0.0,537.46579
2026-07-16_ttft_component_regression/phase1/input8000_rate2p5_reuse50_seed3,24,0.0,8.808487560178788,8.808487560178788,566.3274394046304,0.0,575.1359269648092,10.981599,516.726015,0.0,527.707614
2026-07-16_ttft_component_regression/phase1/input8000_rate2p5_reuse50_seed3,21,0.017146188097241378,0.8236660115524618,0.8408121996497031,566.3274394046304,0.0,567.16825160428,0.010144,503.866806,0.0,503.87695
2026-07-16_ttft_component_regression/phase1/input8000_rate2p5_reuse50_seed3,33,0.0,13.55611818194719,13.55611818194719,566.3274394046304,0.0,579.8835575865776,6.302895,522.971736,0.0,529.274631
2026-07-16_ttft_component_regression/phase1/input8000_rate2p5_reuse50_seed3,46,0.03654204409583679,18.242794428884075,18.27933647297991,566.3274394046304,0.0,584.6067758776103,13.294818,530.764205,0.0,544.059023
2026-07-16_ttft_component_regression/phase1/input8000_rate2p5_reuse50_seed3,38,0.02086276267682195,17.348675314099463,17.369538076776283,566.3274394046304,0.0,583.6969774814066,0.720929,527.198025,0.0,527.918954
2026-07-16_ttft_component_regression/phase1/input8000_rate2p5_reuse50_seed3,48,0.0,18.849376584113266,18.849376584113266,566.3274394046304,0.0,585.1768159887437,0.725267,536.523497,0.0,537.248764
2026-07-16_ttft_component_regression/phase1/input8000_rate2p5_reuse50_seed3,67,11624.460748467884,28.871949600087962,11653.332698067972,566.3274394046304,0.0,12219.660137472603,1996.08368,548.353644,0.0,2544.437324
2026-07-16_ttft_component_regression/phase1/input8000_rate2p5_reuse50_seed3,58,0.0,19.853166935011117,19.853166935011117,566.3274394046304,0.0,586.1806063396415,17.299523,541.587622,0.0,558.887145
2026-07-16_ttft_component_regression/phase1/input8000_rate2p5_reuse50_seed3,63,0.2511497338665,23.67652438920287,23.927674123069373,566.3274394046304,0.0,590.2551135276997,8.899486,545.890858,0.0,554.790344
2026-07-16_ttft_component_regression/phase1/input8000_rate2p5_reuse50_seed3,95,0.0,19.905141574712914,19.905141574712914,566.3274394046304,0.0,586.2325809793433,17.669632,551.811791,0.0,569.481423
2026-07-16_ttft_component_regression/phase1/input8000_rate2p5_reuse50_seed3,104,0.0,18.92102834320102,18.92102834320102,566.3274394046304,0.0,585.2484677478313,19.391822,546.49292,0.0,565.884742
2026-07-16_ttft_component_regression/phase1/input8000_rate2p5_reuse50_seed3,109,0.0,18.90782433625386,18.90782433625386,566.3274394046304,0.0,585.2352637408842,18.471962,544.736597,0.0,563.208559
2026-07-16_ttft_component_regression/phase1/input8000_rate2p5_reuse50_seed3,117,0.0,20.074682696159194,20.074682696159194,566.3274394046304,0.0,586.4021221007896,8.019693,545.107768,0.0,553.127461
2026-07-16_ttft_component_regression/phase1/input8000_rate2p5_reuse50_seed3,143,0.1001912619454539,17.010825439889327,17.11101670183478,566.3274394046304,0.0,583.4384561064651,18.105225,531.724962,0.0,549.830187
2026-07-16_ttft_component_regression/phase1/input8000_rate2p5_reuse50_seed3,158,0.004855343365853292,7.591131603352399,7.595986946718252,566.3274394046304,0.0,573.9234263513486,7.639586,520.043014,0.0,527.6826
2026-07-16_ttft_component_regression/phase1/input8000_rate2p5_reuse50_seed3,176,0.0,12.626454208744253,12.626454208744253,566.3274394046304,0.0,578.9538936133746,16.308335,533.860324,0.0,550.168659
2026-07-16_ttft_component_regression/phase1/input8000_rate2p5_reuse50_seed3,189,0.004963627402752371,7.59115876259837,7.596122390001122,566.3274394046304,0.0,573.9235617946315,13.124361,527.98761,0.0,541.111971
2026-07-16_ttft_component_regression/phase1/input8000_rate2p5_reuse50_seed3,197,0.004200491934520286,12.67573418990115,12.67993468183567,566.3274394046304,0.0,579.007374086466,2.276624,532.009649,0.0,534.286273
2026-07-16_ttft_component_regression/phase1/input8000_rate2p5_reuse50_seed3,210,0.03308278032361969,16.047228767966413,16.080311548290034,566.3274394046304,0.0,582.4077509529204,12.979844,536.662434,0.0,549.642278
2026-07-16_ttft_component_regression/phase1/input8000_rate2p5_reuse50_seed3,216,0.03318692064355979,16.057150343535714,16.090337264179272,566.3274394046304,0.0,582.4177766688097,14.654473,535.938924,0.0,550.593397
2026-07-16_ttft_component_regression/phase1/input8000_rate2p5_reuse50_seed3,218,0.03626428450350803,18.256204936419504,18.292469220923014,566.3274394046304,0.0,584.6199086255534,1.618266,536.882488,0.0,538.500754
2026-07-16_ttft_component_regression/phase1/input8000_rate2p5_reuse50_seed3,222,0.0,18.857319226023733,18.857319226023733,566.3274394046304,0.0,585.1847586306541,17.175328,541.063751,0.0,558.239079
2026-07-16_ttft_component_regression/phase1/input8000_rate2p5_reuse50_seed3,235,0.0,20.207003644363187,20.207003644363187,566.3274394046304,0.0,586.5344430489936,15.022259,543.132828,0.0,558.155087
2026-07-16_ttft_component_regression/phase1/input8000_rate2p5_reuse50_seed3,241,0.0,21.241542326868274,21.241542326868274,566.3274394046304,0.0,587.5689817314986,6.68375,547.249682,0.0,553.933432
2026-07-16_ttft_component_regression/phase1/input8000_rate2p5_reuse50_seed3,261,0.0,20.19156663419867,20.19156663419867,566.3274394046304,0.0,586.519006038829,19.776809,543.273972,0.0,563.050781
2026-07-16_ttft_component_regression/phase1/input8000_rate2p5_reuse50_seed3,270,0.0,8.17691146547581,8.17691146547581,566.3274394046304,0.0,574.5043508701061,11.105955,520.897348,0.0,532.003303
2026-07-16_ttft_component_regression/phase1/input8000_rate2p5_reuse50_seed3,282,0.0,13.47625651077779,13.47625651077779,566.3274394046304,0.0,579.8036959154082,8.918959,527.46052,0.0,536.379479
2026-07-16_ttft_component_regression/phase1/input8000_rate2p5_reuse50_seed3,284,0.016919817883887366,16.94801571814323,16.964935536027117,566.3274394046304,0.0,583.2923749406575,20.888636,536.112708,0.0,557.001344
2026-07-16_ttft_component_regression/phase1/input8000_rate2p5_reuse50_seed3,286,0.026550096153607115,19.349119102447908,19.375669198601514,566.3274394046304,0.0,585.7031086032318,5.599848,536.160076,0.0,541.759924
2026-07-16_ttft_component_regression/phase1/input8000_rate2p5_reuse50_seed3,298,0.018398734112578193,17.094231803656378,17.112630537768954,566.3274394046304,0.0,583.4400699423993,11.486142,534.273545,0.0,545.759687
2026-07-16_ttft_component_regression/phase1/input8000_rate2p5_reuse50_seed3,9,0.015996766037230593,0.7855220752624897,0.8015188412997203,566.3274394046304,0.0,567.1289582459301,0.004789,503.866806,0.0,503.871595
2026-07-16_ttft_component_regression/phase1/input8000_rate2p5_reuse50_seed3,32,0.0,8.176082929882286,8.176082929882286,566.3274394046304,0.0,574.5035223345127,6.952331,517.490559,0.0,524.44289
2026-07-16_ttft_component_regression/phase1/input8000_rate2p5_reuse50_seed3,41,0.0176628434504353,17.020913146959394,17.03857599040983,566.3274394046304,0.0,583.3660153950402,13.739432,527.449513,0.0,541.188945
2026-07-16_ttft_component_regression/phase1/input8000_rate2p5_reuse50_seed3,40,0.0,13.495251528808653,13.495251528808653,566.3274394046304,0.0,579.822690933439,18.292875,523.610552,0.0,541.903427
2026-07-16_ttft_component_regression/phase1/input8000_rate2p5_reuse50_seed3,51,0.031714198941959884,15.918947095435188,15.950661294377149,566.3274394046304,0.0,582.2781006990075,4.7373,527.535401,0.0,532.272701
2026-07-16_ttft_component_regression/phase1/input8000_rate2p5_reuse50_seed3,66,0.10164592697238282,17.14744086025509,17.249086787227473,566.3274394046304,0.0,583.5765261918579,7.883624,527.678121,0.0,535.561745
2026-07-16_ttft_component_regression/phase1/input8000_rate2p5_reuse50_seed3,106,0.003581163521722147,12.637581611922553,12.641162775444275,566.3274394046304,0.0,578.9686021800746,1.11252,523.758616,0.0,524.871136
2026-07-16_ttft_component_regression/phase1/input8000_rate2p5_reuse50_seed3,105,0.03122202006472732,7.628496149259983,7.6597181693247105,566.3274394046304,0.0,573.9871575739551,6.658355,518.769375,0.0,525.42773
2026-07-16_ttft_component_regression/phase1/input8000_rate2p5_reuse50_seed3,112,0.0,12.545901497030796,12.545901497030796,566.3274394046304,0.0,578.8733409016611,7.469581,530.622909,0.0,538.09249
2026-07-16_ttft_component_regression/phase1/input8000_rate2p5_reuse50_seed3,144,0.07282956611476475,8.134386004981216,8.20721557109598,566.3274394046304,0.0,574.5346549757263,11.915968,521.725541,0.0,533.641509
2026-07-16_ttft_component_regression/phase1/input8000_rate2p5_reuse50_seed3,159,0.03234919879261984,261.02912445912847,261.0614736579211,566.3274394046304,0.0,827.3889130625514,318.479609,833.772343,0.0,1152.251952
2026-07-16_ttft_component_regression/phase1/input8000_rate2p5_reuse50_seed3,163,0.03802886810161711,18.168089739639587,18.206118607741203,566.3274394046304,0.0,584.5335580123716,9.96013,532.594347,0.0,542.554477
2026-07-16_ttft_component_regression/phase1/input8000_rate2p5_reuse50_seed3,155,0.00539673464239193,7.5911548161444795,7.596551550786871,566.3274394046304,0.0,573.9239909554173,13.446707,519.865416,0.0,533.312123
2026-07-16_ttft_component_regression/phase1/input8000_rate2p5_reuse50_seed3,157,0.0,12.60685886891762,12.60685886891762,566.3274394046304,0.0,578.9342982735479,139.719994,571.87895,0.0,711.598944
2026-07-16_ttft_component_regression/phase1/input8000_rate2p5_reuse50_seed3,177,0.0,19.78986493209138,19.78986493209138,566.3274394046304,0.0,586.1173043367218,14.601907,542.022644,0.0,556.624551
2026-07-16_ttft_component_regression/phase1/input8000_rate2p5_reuse50_seed3,183,0.18641582159610587,23.304836524593945,23.491252346190052,566.3274394046304,0.0,589.8186917508204,2.934216,546.601494,0.0,549.53571
2026-07-16_ttft_component_regression/phase1/input8000_rate2p5_reuse50_seed3,171,0.0,18.8364894057905,18.8364894057905,566.3274394046304,0.0,585.1639288104209,12.243969,538.479823,0.0,550.723792
2026-07-16_ttft_component_regression/phase1/input8000_rate2p5_reuse50_seed3,213,0.004530495204952136,7.590983561930674,7.5955140571356266,566.3274394046304,0.0,573.9229534617659,4.031902,523.578946,0.0,527.610848
2026-07-16_ttft_component_regression/phase1/input8000_rate2p5_reuse50_seed3,215,0.0,12.62977831203517,12.62977831203517,566.3274394046304,0.0,578.9572177166655,3.606482,532.788094,0.0,536.394576
2026-07-16_ttft_component_regression/phase1/input8000_rate2p5_reuse50_seed3,234,0.0,13.528351068362117,13.528351068362117,566.3274394046304,0.0,579.8557904729925,3.307343,526.610194,0.0,529.917537
2026-07-16_ttft_component_regression/phase1/input8000_rate2p5_reuse50_seed3,242,0.01923056233430239,17.178528091081493,17.197758653415796,566.3274394046304,0.0,583.5251980580462,20.740581,537.026002,0.0,557.766583
2026-07-16_ttft_component_regression/phase1/input8000_rate2p5_reuse50_seed3,250,0.0,13.47625651077779,13.47625651077779,566.3274394046304,0.0,579.8036959154082,5.746856,533.392712,0.0,539.139568
2026-07-16_ttft_component_regression/phase1/input8000_rate2p5_reuse50_seed3,254,0.01745126305940673,17.000041914772257,17.017493177831664,566.3274394046304,0.0,583.344932582462,6.685846,535.251374,0.0,541.93722
2026-07-16_ttft_component_regression/phase1/input8000_rate2p5_reuse50_seed3,274,0.0,13.457914493130069,13.457914493130069,566.3274394046304,0.0,579.7853538977604,19.037035,526.356901,0.0,545.393936
2026-07-16_ttft_component_regression/phase1/input8000_rate2p5_reuse50_seed3,279,0.017873841405462942,17.04181876620678,17.059692607612245,566.3274394046304,0.0,583.3871320122425,19.479351,534.153321,0.0,553.632672
2026-07-16_ttft_component_regression/phase1/input8000_rate2p5_reuse50_seed3,278,0.0177684157466967,17.031361671992993,17.04913008773969,566.3274394046304,0.0,583.3765694923701,1.381077,536.824308,0.0,538.205385
2026-07-16_ttft_component_regression/phase1/input8000_rate2p5_reuse50_seed3,18,0.015896193944411587,0.7823192939169769,0.7982154878613884,566.3274394046304,0.0,567.1256548924918,0.014463,503.866806,0.0,503.881269
2026-07-16_ttft_component_regression/phase1/input8000_rate2p5_reuse50_seed3,69,0.9259090048292804,26.99558061036056,27.921489615189838,566.3274394046304,0.6223089189527922,594.8712379387729,8.057205,966.196092,0.625374,974.878671
2026-07-16_ttft_component_regression/phase1/input8000_rate2p5_reuse50_seed3,68,0.05270545756745952,0.5707103594714353,0.6234158170388948,566.3274394046304,0.0,566.9508552216693,0.007947,503.866806,0.0,503.874753
2026-07-16_ttft_component_regression/phase1/input8000_rate2p5_reuse50_seed3,88,0.8913803548075001,26.914591304360204,27.805971659167703,566.3274394046304,0.6223089189527922,594.7557199827507,17.750768,986.145623,0.625374,1004.521765
2026-07-16_ttft_component_regression/phase1/input8000_rate2p5_reuse50_seed3,72,0.0,13.504992764804769,13.504992764804769,566.3274394046304,0.0,579.8324321694352,15.364789,522.901688,0.0,538.266477
2026-07-16_ttft_component_regression/phase1/input8000_rate2p5_reuse50_seed3,103,0.06503645731830572,18.25135895840083,18.316395415719136,566.3274394046304,0.0,584.6438348203495,19.07121,531.143405,0.0,550.214615
2026-07-16_ttft_component_regression/phase1/input8000_rate2p5_reuse50_seed3,120,0.019333826877459624,17.189102213614387,17.208436040491847,566.3274394046304,0.0,583.5358754451222,6.553331,565.612223,0.0,572.165554
2026-07-16_ttft_component_regression/phase1/input8000_rate2p5_reuse50_seed3,123,0.0,341.93292577587727,341.93292577587727,566.3274394046304,0.0,908.2603651805076,649.281839,826.697163,0.0,1475.979002
2026-07-16_ttft_component_regression/phase1/input8000_rate2p5_reuse50_seed3,122,0.024551074493673712,19.46849169563894,19.49304277013261,566.3274394046304,0.0,585.820482174763,128.301274,876.257688,0.0,1004.558962
2026-07-16_ttft_component_regression/phase1/input8000_rate2p5_reuse50_seed3,141,0.9130949194153551,26.96784681584751,27.880941735262862,566.3274394046304,0.6223089189527922,594.8306900588459,6.212301999999999,1012.858159,0.625374,1019.695835
2026-07-16_ttft_component_regression/phase1/input8000_rate2p5_reuse50_seed3,164,0.8988523509760831,28.90117021672978,29.800022567705863,566.3274394046304,0.6223089189527922,596.7497708912889,16.755369,1013.034143,0.625374,1030.414886
2026-07-16_ttft_component_regression/phase1/input8000_rate2p5_reuse50_seed3,169,0.0,20.132188130054054,20.132188130054054,566.3274394046304,0.0,586.4596275346844,9.782893,548.462847,0.0,558.24574
2026-07-16_ttft_component_regression/phase1/input8000_rate2p5_reuse50_seed3,154,0.0,20.156129945517957,20.156129945517957,566.3274394046304,0.0,586.4835693501483,18.436583,545.517748,0.0,563.954331
2026-07-16_ttft_component_regression/phase1/input8000_rate2p5_reuse50_seed3,173,0.030511200579385236,20.716257386425266,20.746768587004652,566.3274394046304,0.0,587.074207991635,11.723025,568.231112,0.0,579.954137
2026-07-16_ttft_component_regression/phase1/input8000_rate2p5_reuse50_seed3,174,0.0,21.59563040695951,21.59563040695951,566.3274394046304,0.0,587.9230698115898,27.818291,836.856778,0.0,864.675069
2026-07-16_ttft_component_regression/phase1/input8000_rate2p5_reuse50_seed3,178,0.0,22.657981934036574,22.657981934036574,566.3274394046304,0.0,588.9854213386669,2.333863,541.267176,0.0,543.601039
2026-07-16_ttft_component_regression/phase1/input8000_rate2p5_reuse50_seed3,179,0.1678381648892086,26.682047029564075,26.849885194453282,566.3274394046304,0.0,593.1773245990836,134.18456,551.943392,0.0,686.127952
2026-07-16_ttft_component_regression/phase1/input8000_rate2p5_reuse50_seed3,186,0.17925904398269119,26.790632577255035,26.969891621237725,566.3274394046304,0.0,593.2973310258681,10.49003,545.496305,0.0,555.986335
2026-07-16_ttft_component_regression/phase1/input8000_rate2p5_reuse50_seed3,219,0.022541773991541048,19.577099844832745,19.599641618824286,566.3274394046304,0.0,585.9270810234547,1.884612,540.217538,0.0,542.10215
2026-07-16_ttft_component_regression/phase1/input8000_rate2p5_reuse50_seed3,211,0.0,20.208700526303186,20.208700526303186,566.3274394046304,0.0,586.5361399309336,6.396162,552.598426,0.0,558.994588
2026-07-16_ttft_component_regression/phase1/input8000_rate2p5_reuse50_seed3,221,0.0,20.217131687789873,20.217131687789873,566.3274394046304,0.0,586.5445710924203,20.999611,537.710027,0.0,558.709638
2026-07-16_ttft_component_regression/phase1/input8000_rate2p5_reuse50_seed3,247,0.0,8.17726101151176,8.17726101151176,566.3274394046304,0.0,574.5047004161421,14.010504,525.643035,0.0,539.653539
2026-07-16_ttft_component_regression/phase1/input8000_rate2p5_reuse50_seed3,262,0.0,8.17726101151176,8.17726101151176,566.3274394046304,0.0,574.5047004161421,10.259133,523.200511,0.0,533.459644
2026-07-16_ttft_component_regression/phase1/input8000_rate2p5_reuse50_seed3,290,0.015996766037230593,0.7855220752624897,0.8015188412997203,566.3274394046304,0.0,567.1289582459301,0.066707,513.55889,0.0,513.625597
2026-07-16_ttft_component_regression/phase1/input8000_rate2p5_reuse50_seed3,299,0.0,8.808536792235543,8.808536792235543,566.3274394046304,0.0,575.1359761968658,0.028077,522.746314,0.0,522.774391
2026-07-16_ttft_component_regression/phase1/input8000_rate2p5_reuse50_seed3,12,0.0,8.808443839569385,8.808443839569385,566.3274394046304,0.0,575.1358832441997,15.486136,516.770207,0.0,532.256343
2026-07-16_ttft_component_regression/phase1/input8000_rate2p5_reuse50_seed3,17,0.0,14.51325340942108,14.51325340942108,566.3274394046304,0.0,580.8406928140514,2.603071,522.998296,0.0,525.601367
2026-07-16_ttft_component_regression/phase1/input8000_rate2p5_reuse50_seed3,5,0.017146188097241378,0.8236660115524618,0.8408121996497031,566.3274394046304,0.0,567.16825160428,0.020695,503.866806,0.0,503.887501
2026-07-16_ttft_component_regression/phase1/input8000_rate2p5_reuse50_seed3,37,0.018398734112578193,17.094231803656378,17.112630537768954,566.3274394046304,0.0,583.4400699423993,18.742543,528.145065,0.0,546.887608
2026-07-16_ttft_component_regression/phase1/input8000_rate2p5_reuse50_seed3,53,0.005071909880482014,7.591174725095286,7.596246634975768,566.3274394046304,0.0,573.9236860396061,16.156282,517.185247,0.0,533.341529
2026-07-16_ttft_component_regression/phase1/input8000_rate2p5_reuse50_seed3,64,0.004308678757050523,12.682327820287483,12.686636499044534,566.3274394046304,0.0,579.0140759036749,15.220296,523.451064,0.0,538.67136
2026-07-16_ttft_component_regression/phase1/input8000_rate2p5_reuse50_seed3,83,0.004308678757050523,12.682327820287483,12.686636499044534,566.3274394046304,0.0,579.0140759036749,8.647389,523.742264,0.0,532.389653
2026-07-16_ttft_component_regression/phase1/input8000_rate2p5_reuse50_seed3,96,0.060068531352352794,16.131249307109638,16.19131783846199,566.3274394046304,0.0,582.5187572430923,7.310047,528.321865,0.0,535.631912
2026-07-16_ttft_component_regression/phase1/input8000_rate2p5_reuse50_seed3,98,0.02429058049774898,19.48315699271759,19.507447573215337,566.3274394046304,0.0,585.8348869778457,18.623722,538.186529,0.0,556.810251
2026-07-16_ttft_component_regression/phase1/input8000_rate2p5_reuse50_seed3,102,0.0,18.901131576465737,18.901131576465737,566.3274394046304,0.0,585.2285709810961,6.143224,543.321114,0.0,549.464338
2026-07-16_ttft_component_regression/phase1/input8000_rate2p5_reuse50_seed3,108,0.0,18.875466582147336,18.875466582147336,566.3274394046304,0.0,585.2029059867776,14.664661,542.238412,0.0,556.903073
2026-07-16_ttft_component_regression/phase1/input8000_rate2p5_reuse50_seed3,114,0.16265201443063831,26.63210335856826,26.794755372998896,566.3274394046304,0.0,593.1221947776293,0.165004,547.876435,0.0,548.041439
2026-07-16_ttft_component_regression/phase1/input8000_rate2p5_reuse50_seed3,110,0.0,19.83206422215332,19.83206422215332,566.3274394046304,0.0,586.1595036267837,176.486971,543.777158,0.0,720.264129
2026-07-16_ttft_component_regression/phase1/input8000_rate2p5_reuse50_seed3,131,0.0,22.62901348263647,22.62901348263647,566.3274394046304,0.0,588.9564528872668,20.318851,545.467037,0.0,565.785888
2026-07-16_ttft_component_regression/phase1/input8000_rate2p5_reuse50_seed3,133,0.15751929238656137,26.582277260031788,26.739796552418348,566.3274394046304,0.0,593.0672359570488,92.466147,546.26099,0.0,638.727137
2026-07-16_ttft_component_regression/phase1/input8000_rate2p5_reuse50_seed3,153,0.025694321462000257,19.401793808417636,19.427488129879638,566.3274394046304,0.0,585.75492753451,0.004393,538.222409,0.0,538.226802
2026-07-16_ttft_component_regression/phase1/input8000_rate2p5_reuse50_seed3,185,0.8648101777278447,28.814349052520257,29.6791592302481,566.3274394046304,0.6223089189527922,596.6289075538311,5.831726,975.52888,0.625374,981.98598
2026-07-16_ttft_component_regression/phase1/input8000_rate2p5_reuse50_seed3,180,0.0,8.177154528261905,8.177154528261905,566.3274394046304,0.0,574.5045939328922,9.959683,520.204998,0.0,530.164681
2026-07-16_ttft_component_regression/phase1/input8000_rate2p5_reuse50_seed3,187,0.8880327556999437,28.874382896709648,29.76241565240959,566.3274394046304,0.6223089189527922,596.7121639759927,15.206413000000001,997.447619,0.625374,1013.279406
2026-07-16_ttft_component_regression/phase1/input8000_rate2p5_reuse50_seed3,199,0.024421117024393767,19.47583144508109,19.500252562105484,566.3274394046304,0.0,585.8276919667359,21.55802,534.464054,0.0,556.022074
2026-07-16_ttft_component_regression/phase1/input8000_rate2p5_reuse50_seed3,202,0.0,20.166932506251648,20.166932506251648,566.3274394046304,0.0,586.494371910882,18.715921,538.584139,0.0,557.30006
2026-07-16_ttft_component_regression/phase1/input8000_rate2p5_reuse50_seed3,208,0.1757179958092639,26.75716965085896,26.932887646668224,566.3274394046304,0.0,593.2603270512985,140.709575,862.943524,0.0,1003.653099
2026-07-16_ttft_component_regression/phase1/input8000_rate2p5_reuse50_seed3,190,0.019333826877459624,17.189102213614387,17.208436040491847,566.3274394046304,0.0,583.5358754451222,8.695011,531.894979,0.0,540.58999
2026-07-16_ttft_component_regression/phase1/input8000_rate2p5_reuse50_seed3,207,0.0,22.73577090643608,22.73577090643608,566.3274394046304,0.0,589.0632103110664,5.142805,584.457473,0.0,589.600278
2026-07-16_ttft_component_regression/phase1/input8000_rate2p5_reuse50_seed3,227,0.0,22.687765708634192,22.687765708634192,566.3274394046304,0.0,589.0152051132645,20.746245,549.77116,0.0,570.517405
2026-07-16_ttft_component_regression/phase1/input8000_rate2p5_reuse50_seed3,251,0.0,8.80722844822882,8.80722844822882,566.3274394046304,0.0,575.1346678528591,2.665373,522.468914,0.0,525.134287
2026-07-16_ttft_component_regression/phase1/input8000_rate2p5_reuse50_seed3,256,0.0,8.807578490073686,8.807578490073686,566.3274394046304,0.0,575.135017894704,6.485978,525.761353,0.0,532.247331
2026-07-16_ttft_component_regression/phase1/input8000_rate2p5_reuse50_seed3,260,0.0,13.504992764804769,13.504992764804769,566.3274394046304,0.0,579.8324321694352,17.858163,537.04426,0.0,554.902423
2026-07-16_ttft_component_regression/phase1/input8000_rate2p5_reuse50_seed3,268,0.01923056233430239,17.178528091081493,17.197758653415796,566.3274394046304,0.0,583.5251980580462,2.479582,533.377242,0.0,535.856824
2026-07-16_ttft_component_regression/phase1/input8000_rate2p5_reuse50_seed3,280,0.0,21.637974471262268,21.637974471262268,566.3274394046304,0.0,587.9654138758926,15.928267,545.191605,0.0,561.119872
2026-07-16_ttft_component_regression/phase1/input8000_rate2p5_reuse50_seed3,271,0.023225669695019668,19.541250916276645,19.564476585971665,566.3274394046304,0.0,585.891915990602,3.772576,535.328767,0.0,539.101343
2026-07-16_ttft_component_regression/phase1/input8000_rate2p5_reuse50_seed3,30,0.012659855822865617,0.6736078461776179,0.6862677020004836,566.3274394046304,0.0,567.0137071066308,0.019331,542.367394,0.0,542.386725
2026-07-16_ttft_component_regression/phase1/input8000_rate2p5_reuse50_seed3,31,0.0,8.1773050331323,8.1773050331323,566.3274394046304,0.0,574.5047444377626,83.51928,803.03088,0.0,886.55016
2026-07-16_ttft_component_regression/phase1/input8000_rate2p5_reuse50_seed3,86,0.05270545756745952,0.5707103594714353,0.6234158170388948,566.3274394046304,0.0,566.9508552216693,0.014295,503.866806,0.0,503.881101
2026-07-16_ttft_component_regression/phase1/input8000_rate2p5_reuse50_seed3,93,0.03122202006472732,7.628496149259983,7.6597181693247105,566.3274394046304,0.0,573.9871575739551,5.43039,516.779551,0.0,522.209941
2026-07-16_ttft_component_regression/phase1/input8000_rate2p5_reuse50_seed3,97,0.004254409985441424,12.679022650258453,12.683277060243894,566.3274394046304,0.0,579.0107164648742,9.820408,522.922808,0.0,532.743216
2026-07-16_ttft_component_regression/phase1/input8000_rate2p5_reuse50_seed3,129,0.020458810202544364,17.30594883016482,17.326407640367364,566.3274394046304,0.0,583.6538470449977,24.076963,528.029897,0.0,552.10686
2026-07-16_ttft_component_regression/phase1/input8000_rate2p5_reuse50_seed3,127,0.0,13.592422739480186,13.592422739480186,566.3274394046304,0.0,579.9198621441105,11.317945,524.37964,0.0,535.697585
2026-07-16_ttft_component_regression/phase1/input8000_rate2p5_reuse50_seed3,134,0.021561167521221062,19.62669621649218,19.6482573840134,566.3274394046304,0.0,585.9756967886437,9.485044,530.841485,0.0,540.326529
2026-07-16_ttft_component_regression/phase1/input8000_rate2p5_reuse50_seed3,139,0.0,18.951476644831686,18.951476644831686,566.3274394046304,0.0,585.278916049462,18.786158,542.780774,0.0,561.566932
2026-07-16_ttft_component_regression/phase1/input8000_rate2p5_reuse50_seed3,182,0.012154994625425655,0.6586078747642788,0.6707628693897045,566.3274394046304,0.0,566.9982022740201,0.01894,513.24114,0.0,513.26008
2026-07-16_ttft_component_regression/phase1/input8000_rate2p5_reuse50_seed3,184,0.0,8.177210621162212,8.177210621162212,566.3274394046304,0.0,574.5046500257926,7.204288,521.172627,0.0,528.376915
2026-07-16_ttft_component_regression/phase1/input8000_rate2p5_reuse50_seed3,195,0.0,13.5317595828171,13.5317595828171,566.3274394046304,0.0,579.8591989874475,2.019826,526.494088,0.0,528.513914
2026-07-16_ttft_component_regression/phase1/input8000_rate2p5_reuse50_seed3,214,0.01974525364352109,17.23147987661684,17.251225130260362,566.3274394046304,0.0,583.5786645348907,14.407221,536.357922,0.0,550.765143
2026-07-16_ttft_component_regression/phase1/input8000_rate2p5_reuse50_seed3,205,0.01974525364352109,17.23147987661684,17.251225130260362,566.3274394046304,0.0,583.5786645348907,15.894886,537.13076,0.0,553.025646
2026-07-16_ttft_component_regression/phase1/input8000_rate2p5_reuse50_seed3,232,0.0,21.61899712266449,21.61899712266449,566.3274394046304,0.0,587.9464365272948,15.586094,542.123507,0.0,557.709601
2026-07-16_ttft_component_regression/phase1/input8000_rate2p5_reuse50_seed3,224,0.028028172360069662,20.876346975471442,20.904375147831512,566.3274394046304,0.0,587.2318145524619,9.179283,538.143451,0.0,547.322734
2026-07-16_ttft_component_regression/phase1/input8000_rate2p5_reuse50_seed3,237,0.0,22.681075455857844,22.681075455857844,566.3274394046304,0.0,589.0085148604882,0.305313,544.517814,0.0,544.823127
2026-07-16_ttft_component_regression/phase1/input8000_rate2p5_reuse50_seed3,223,0.019333826877459624,17.189102213614387,17.208436040491847,566.3274394046304,0.0,583.5358754451222,5.682516,537.380677,0.0,543.063193
2026-07-16_ttft_component_regression/phase1/input8000_rate2p5_reuse50_seed3,253,0.029913134613645777,20.75685210032797,20.786765234941615,566.3274394046304,0.0,587.114204639572,4.240326,540.776812,0.0,545.017138
2026-07-16_ttft_component_regression/phase1/input8000_rate2p5_reuse50_seed3,276,0.0,8.808318541414968,8.808318541414968,566.3274394046304,0.0,575.1357579460454,10.090702,528.383516,0.0,538.474218
2026-07-16_ttft_component_regression/phase1/input8000_rate2p5_reuse50_seed3,285,0.0,8.808480450325716,8.808480450325716,566.3274394046304,0.0,575.1359198549561,13.415684,526.343137,0.0,539.758821
2026-07-16_ttft_component_regression/phase1/input8000_rate2p5_reuse50_seed3,292,0.0,14.527634066982474,14.527634066982474,566.3274394046304,0.0,580.8550734716129,11.8379,531.669463,0.0,543.507363
2026-07-16_ttft_component_regression/phase1/input8000_rate2p5_reuse50_seed3,4,0.017054428466935705,0.8205083484752408,0.8375627769421765,566.3274394046304,0.0,567.1650021815725,0.015396,503.866806,0.0,503.882202
2026-07-16_ttft_component_regression/phase1/input8000_rate2p5_reuse50_seed3,27,0.0,13.563237686002699,13.563237686002699,566.3274394046304,0.0,579.8906770906331,19.129702,523.290616,0.0,542.420318
2026-07-16_ttft_component_regression/phase1/input8000_rate2p5_reuse50_seed3,19,0.0,8.807489911357061,8.807489911357061,566.3274394046304,0.0,575.1349293159874,10.809521,517.188831,0.0,527.998352
2026-07-16_ttft_component_regression/phase1/input8000_rate2p5_reuse50_seed3,35,0.020560061159899574,17.31661878792558,17.33717884908548,566.3274394046304,0.0,583.6646182537158,11.019234,527.793001,0.0,538.812235
2026-07-16_ttft_component_regression/phase1/input8000_rate2p5_reuse50_seed3,49,0.03695443655115509,18.222579475331727,18.259533911882883,566.3274394046304,0.0,584.5869733165132,21.498675,567.101097,0.0,588.599772
2026-07-16_ttft_component_regression/phase1/input8000_rate2p5_reuse50_seed3,60,0.18419798361926545,25.080610941278753,25.26480892489802,566.3274394046304,0.0,591.5922483295284,16.375478,545.169077,0.0,561.544555
2026-07-16_ttft_component_regression/phase1/input8000_rate2p5_reuse50_seed3,50,0.0,18.84296105723022,18.84296105723022,566.3274394046304,0.0,585.1704004618606,149.828489,834.639841,0.0,984.46833
2026-07-16_ttft_component_regression/phase1/input8000_rate2p5_reuse50_seed3,56,0.0,21.2585756737785,21.2585756737785,566.3274394046304,0.0,587.5860150784089,17.439285,540.949318,0.0,558.388603
2026-07-16_ttft_component_regression/phase1/input8000_rate2p5_reuse50_seed3,47,0.03484208749818636,18.322466026278153,18.35730811377634,566.3274394046304,0.0,584.6847475184067,7.576176,531.557741,0.0,539.133917
2026-07-16_ttft_component_regression/phase1/input8000_rate2p5_reuse50_seed3,75,0.0,22.708085877863894,22.708085877863894,566.3274394046304,0.0,589.0355252824943,15.721558,546.416934,0.0,562.138492
2026-07-16_ttft_component_regression/phase1/input8000_rate2p5_reuse50_seed3,80,0.1647548133230956,24.908363686615317,25.073118499938413,566.3274394046304,0.0,591.4005579045688,20.12339,548.24913,0.0,568.37252
2026-07-16_ttft_component_regression/phase1/input8000_rate2p5_reuse50_seed3,101,0.1873060254157813,23.31215780659683,23.499463832012612,566.3274394046304,0.0,589.8269032366429,61.284644,550.509657,0.0,611.794301
2026-07-16_ttft_component_regression/phase1/input8000_rate2p5_reuse50_seed3,100,0.0,19.786801007478523,19.786801007478523,566.3274394046304,0.0,586.1142404121089,4.942071,549.387492,0.0,554.329563
2026-07-16_ttft_component_regression/phase1/input8000_rate2p5_reuse50_seed3,121,0.025192109649109184,19.431579694074298,19.456771803723406,566.3274394046304,0.0,585.7842112083538,11.445614,538.334039,0.0,549.779653
2026-07-16_ttft_component_regression/phase1/input8000_rate2p5_reuse50_seed3,107,0.20084109554607854,23.42226151687558,23.623102612421658,566.3274394046304,0.0,589.950542017052,22.929378,550.286815,0.0,573.216193
2026-07-16_ttft_component_regression/phase1/input8000_rate2p5_reuse50_seed3,135,0.0,20.182857992122354,20.182857992122354,566.3274394046304,0.0,586.5102973967527,8.67015,540.474302,0.0,549.144452
2026-07-16_ttft_component_regression/phase1/input8000_rate2p5_reuse50_seed3,126,0.0,20.182857992122354,20.182857992122354,566.3274394046304,0.0,586.5102973967527,41.123125,534.977321,0.0,576.100446
2026-07-16_ttft_component_regression/phase1/input8000_rate2p5_reuse50_seed3,150,0.18641326402727446,26.857687431160922,27.044100695188195,566.3274394046304,0.0,593.3715400998185,163.805805,853.957178,0.0,1017.762983
2026-07-16_ttft_component_regression/phase1/input8000_rate2p5_reuse50_seed3,149,0.0,22.774969454010282,22.774969454010282,566.3274394046304,0.0,589.1024088586406,4.907243,580.339608,0.0,585.246851
2026-07-16_ttft_component_regression/phase1/input8000_rate2p5_reuse50_seed3,140,0.0,19.908305309437647,19.908305309437647,566.3274394046304,0.0,586.235744714068,14.488968,543.874668,0.0,558.363636
2026-07-16_ttft_component_regression/phase1/input8000_rate2p5_reuse50_seed3,175,0.0,21.641718356914406,21.641718356914406,566.3274394046304,0.0,587.9691577615448,11.850602,546.21859,0.0,558.069192
2026-07-16_ttft_component_regression/phase1/input8000_rate2p5_reuse50_seed3,191,0.0,8.1773050331323,8.1773050331323,566.3274394046304,0.0,574.5047444377626,15.799292,521.706747,0.0,537.506039
2026-07-16_ttft_component_regression/phase1/input8000_rate2p5_reuse50_seed3,196,0.897044642080448,28.896746633407645,29.793791275488093,566.3274394046304,0.6223089189527922,596.7435395990711,10.305824000000001,1006.134291,0.625374,1017.065489
2026-07-16_ttft_component_regression/phase1/input8000_rate2p5_reuse50_seed3,192,0.0,13.5317595828171,13.5317595828171,566.3274394046304,0.0,579.8591989874475,14.474916,531.936677,0.0,546.411593
2026-07-16_ttft_component_regression/phase1/input8000_rate2p5_reuse50_seed3,193,0.02025578883460685,17.284632419178457,17.304888208013065,566.3274394046304,0.0,583.6323276126434,13.211387,533.20531,0.0,546.416697
2026-07-16_ttft_component_regression/phase1/input8000_rate2p5_reuse50_seed3,217,0.02389551552860169,19.50504849129979,19.52894400682839,566.3274394046304,0.0,585.8563834114588,2.534917,538.692767,0.0,541.227684
2026-07-16_ttft_component_regression/phase1/input8000_rate2p5_reuse50_seed3,233,0.0,22.811774351463285,22.811774351463285,566.3274394046304,0.0,589.1392137560937,254.010544,546.43604,0.0,800.446584
2026-07-16_ttft_component_regression/phase1/input8000_rate2p5_reuse50_seed3,225,0.0,21.656528661672755,21.656528661672755,566.3274394046304,0.0,587.9839680663031,15.747706,546.712115,0.0,562.459821
2026-07-16_ttft_component_regression/phase1/input8000_rate2p5_reuse50_seed3,231,0.0,21.678270621425067,21.678270621425067,566.3274394046304,0.0,588.0057100260555,7.663455,545.064266,0.0,552.727721
2026-07-16_ttft_component_regression/phase1/input8000_rate2p5_reuse50_seed3,245,0.024159466809177407,19.49046834516772,19.514627811976897,566.3274394046304,0.0,585.8420672166072,16.991806,537.803875,0.0,554.795681
2026-07-16_ttft_component_regression/phase1/input8000_rate2p5_reuse50_seed3,265,0.02376268172804108,19.512317298533727,19.536079980261768,566.3274394046304,0.0,585.8635193848921,5.556887,534.547794,0.0,540.104681
2026-07-16_ttft_component_regression/phase1/input8000_rate2p5_reuse50_seed3,273,0.019333826877459624,17.189102213614387,17.208436040491847,566.3274394046304,0.0,583.5358754451222,11.394271,532.038169,0.0,543.43244
2026-07-16_ttft_component_regression/phase1/input8000_rate2p5_reuse50_seed3,3,0.0,8.80851406220353,8.80851406220353,566.3274394046304,0.0,575.1359534668339,8.28688,516.739199,0.0,525.026079
2026-07-16_ttft_component_regression/phase1/input8000_rate2p5_reuse50_seed3,0,0.01658468567240182,0.8046619659788349,0.8212466516512367,566.3274394046304,0.0,567.1486860562816,0.0,503.866806,0.0,503.866806
2026-07-16_ttft_component_regression/phase1/input8000_rate2p5_reuse50_seed3,13,0.02867138304586837,20.83689610797253,20.8655674910184,566.3274394046304,0.0,587.1930068956488,451.109259,877.063576,0.0,1328.172835
2026-07-16_ttft_component_regression/phase1/input8000_rate2p5_reuse50_seed3,11,0.022689603568932445,18.428876047011503,18.451565650580434,566.3274394046304,0.0,584.7790050552107,217.963982,871.437711,0.0,1089.401693
2026-07-16_ttft_component_regression/phase1/input8000_rate2p5_reuse50_seed3,23,0.0,22.71494325256425,22.71494325256425,566.3274394046304,0.0,589.0423826571946,17.290847,540.731462,0.0,558.022309
2026-07-16_ttft_component_regression/phase1/input8000_rate2p5_reuse50_seed3,16,0.0,21.639848517345357,21.639848517345357,566.3274394046304,0.0,587.9672879219758,128.74758,815.568136,0.0,944.315716
2026-07-16_ttft_component_regression/phase1/input8000_rate2p5_reuse50_seed3,10,0.0,14.542320319250425,14.542320319250425,566.3274394046304,0.0,580.8697597238807,15.308576,560.840187,0.0,576.148763
2026-07-16_ttft_component_regression/phase1/input8000_rate2p5_reuse50_seed3,26,0.18371914161715666,26.832522353327292,27.01624149494445,566.3274394046304,0.0,593.3436808995748,25.011949,544.752842,0.0,569.764791
2026-07-16_ttft_component_regression/phase1/input8000_rate2p5_reuse50_seed3,61,0.03626428450350803,18.256204936419504,18.292469220923014,566.3274394046304,0.0,584.6199086255534,5.104439,577.914943,0.0,583.019382
2026-07-16_ttft_component_regression/phase1/input8000_rate2p5_reuse50_seed3,62,0.0,18.86047296891022,18.86047296891022,566.3274394046304,0.0,585.1879123735406,240.351676,851.340566,0.0,1091.692242
2026-07-16_ttft_component_regression/phase1/input8000_rate2p5_reuse50_seed3,82,0.06435191696302905,18.28566292615932,18.35001484312235,566.3274394046304,0.0,584.6774542477527,58.710977,537.770247,0.0,596.481224
2026-07-16_ttft_component_regression/phase1/input8000_rate2p5_reuse50_seed3,89,0.0,19.78070141570043,19.78070141570043,566.3274394046304,0.0,586.1081408203307,175.027326,860.105067,0.0,1035.132393
2026-07-16_ttft_component_regression/phase1/input8000_rate2p5_reuse50_seed3,91,0.8630363115530563,28.80961985205977,29.672656163612828,566.3274394046304,0.6223089189527922,596.6224044871959,324.466088,1308.68786,0.625374,1633.779322
2026-07-16_ttft_component_regression/phase1/input8000_rate2p5_reuse50_seed3,76,0.02361619574344806,18.53089972887032,18.554515924613767,566.3274394046304,0.0,584.8819553292441,2.002993,537.174868,0.0,539.177861
2026-07-16_ttft_component_regression/phase1/input8000_rate2p5_reuse50_seed3,87,0.0,18.8364894057905,18.8364894057905,566.3274394046304,0.0,585.1639288104209,190.092991,574.042508,0.0,764.135499
2026-07-16_ttft_component_regression/phase1/input8000_rate2p5_reuse50_seed3,85,0.06449001724035654,18.2788287999049,18.343318817145256,566.3274394046304,0.0,584.6707582217756,2.112257,535.395257,0.0,537.507514
2026-07-16_ttft_component_regression/phase1/input8000_rate2p5_reuse50_seed3,119,0.17483648032098525,26.748810949495123,26.923647429816107,566.3274394046304,0.0,593.2510868344465,12.87105,553.499344,0.0,566.370394
2026-07-16_ttft_component_regression/phase1/input8000_rate2p5_reuse50_seed3,142,0.0,12.62977831203517,12.62977831203517,566.3274394046304,0.0,578.9572177166655,3.690922,534.52521,0.0,538.216132
2026-07-16_ttft_component_regression/phase1/input8000_rate2p5_reuse50_seed3,148,0.0,14.561106172488907,14.561106172488907,566.3274394046304,0.0,580.8885455771193,17.745336,531.312767,0.0,549.058103
2026-07-16_ttft_component_regression/phase1/input8000_rate2p5_reuse50_seed3,152,0.02096330927103198,17.359376274391757,17.38033958366279,566.3274394046304,0.0,583.7077789882932,1.212469,533.458584,0.0,534.671053
2026-07-16_ttft_component_regression/phase1/input8000_rate2p5_reuse50_seed3,172,0.0,21.68362169682096,21.68362169682096,566.3274394046304,0.0,588.0110611014513,14.412601,541.250213,0.0,555.662814
2026-07-16_ttft_component_regression/phase1/input8000_rate2p5_reuse50_seed3,165,0.0,20.23209161341569,20.23209161341569,566.3274394046304,0.0,586.5595310180461,104.273781,547.831114,0.0,652.104895
2026-07-16_ttft_component_regression/phase1/input8000_rate2p5_reuse50_seed3,162,0.02069959264318248,19.66865935766428,19.68935895030746,566.3274394046304,0.0,586.0167983549378,19.821302,537.788775,0.0,557.610077
2026-07-16_ttft_component_regression/phase1/input8000_rate2p5_reuse50_seed3,181,0.0,21.26892211176019,21.26892211176019,566.3274394046304,0.0,587.5963615163905,8.452083,546.778462,0.0,555.230545
2026-07-16_ttft_component_regression/phase1/input8000_rate2p5_reuse50_seed3,200,0.18419798361926545,25.080610941278753,25.26480892489802,566.3274394046304,0.0,591.5922483295284,18.052666,554.502002,0.0,572.554668
2026-07-16_ttft_component_regression/phase1/input8000_rate2p5_reuse50_seed3,206,0.0,21.172798583381137,21.172798583381137,566.3274394046304,0.0,587.5002379880115,1.256969,548.626989,0.0,549.883958
2026-07-16_ttft_component_regression/phase1/input8000_rate2p5_reuse50_seed3,194,0.0,21.255148014063156,21.255148014063156,566.3274394046304,0.0,587.5825874186935,4.801873,551.916081,0.0,556.717954
2026-07-16_ttft_component_regression/phase1/input8000_rate2p5_reuse50_seed3,212,0.0,21.198463450351134,21.198463450351134,566.3274394046304,0.0,587.5259028549815,11.362822,546.715266,0.0,558.078088
2026-07-16_ttft_component_regression/phase1/input8000_rate2p5_reuse50_seed3,230,0.0,21.62854026295461,21.62854026295461,566.3274394046304,0.0,587.955979667585,165.829435,850.605981,0.0,1016.435416
2026-07-16_ttft_component_regression/phase1/input8000_rate2p5_reuse50_seed3,238,0.0,22.764146930754595,22.764146930754595,566.3274394046304,0.0,589.0915863353849,0.648496,543.128925,0.0,543.777421
2026-07-16_ttft_component_regression/phase1/input8000_rate2p5_reuse50_seed3,229,0.027766794305614333,20.892020974912217,20.91978776921783,566.3274394046304,0.0,587.2472271738482,20.97358,576.898228,0.0,597.871808
2026-07-16_ttft_component_regression/phase1/input8000_rate2p5_reuse50_seed3,236,0.0,21.656528661672755,21.656528661672755,566.3274394046304,0.0,587.9839680663031,11.559047,541.588771,0.0,553.147818
2026-07-16_ttft_component_regression/phase1/input8000_rate2p5_reuse50_seed3,246,0.0,21.248324241019652,21.248324241019652,566.3274394046304,0.0,587.57576364565,11.882619,544.359354,0.0,556.241973
2026-07-16_ttft_component_regression/phase1/input8000_rate2p5_reuse50_seed3,244,0.19236146066808565,25.15141009087216,25.343771551540247,566.3274394046304,0.0,591.6712109561706,15.178324,548.29752,0.0,563.475844
2026-07-16_ttft_component_regression/phase1/input8000_rate2p5_reuse50_seed3,257,0.18641326402727446,26.857687431160922,27.044100695188195,566.3274394046304,0.0,593.3715400998185,15.60716,547.849461,0.0,563.456621
2026-07-16_ttft_component_regression/phase1/input8000_rate2p5_reuse50_seed3,248,0.1905367826373823,25.135662008172474,25.32619879080986,566.3274394046304,0.0,591.6536381954402,21.981557,546.422328,0.0,568.403885
2026-07-16_ttft_component_regression/phase1/input8000_rate2p5_reuse50_seed3,269,0.19093365382791494,26.899678735666498,27.090612389494414,566.3274394046304,0.0,593.4180517941247,22.380199,552.385867,0.0,574.766066
2026-07-16_ttft_component_regression/phase1/input8000_rate2p5_reuse50_seed3,277,0.18731432096301226,26.866080818762743,27.053395139725755,566.3274394046304,0.0,593.3808345443562,8.25918,553.625484,0.0,561.884664
2026-07-16_ttft_component_regression/phase1/input8000_rate2p5_reuse50_seed3,281,0.17483648032098525,26.748810949495123,26.923647429816107,566.3274394046304,0.0,593.2510868344465,17.877283,554.421716,0.0,572.298999
2026-07-16_ttft_component_regression/phase1/input8000_rate2p5_reuse50_seed3,287,0.0,22.677745774915604,22.677745774915604,566.3274394046304,0.0,589.005185179546,2.889539,548.592403,0.0,551.481942
2026-07-16_ttft_component_regression/phase1/input8000_rate2p5_reuse50_seed3,295,0.03074609383872768,20.699912360238603,20.730658454077332,566.3274394046304,0.0,587.0580978587077,16.230238,536.831742,0.0,553.06198
2026-07-16_ttft_component_regression/phase1/input8000_rate2p5_reuse50_seed3,2,0.015996766037230593,0.7855220752624897,0.8015188412997203,566.3274394046304,0.0,567.1289582459301,0.016809,503.866806,0.0,503.883615
2026-07-16_ttft_component_regression/phase1/input8000_rate2p5_reuse50_seed3,14,0.0,8.807873478861762,8.807873478861762,566.3274394046304,0.0,575.1353128834921,3.69587,516.858719,0.0,520.554589
2026-07-16_ttft_component_regression/phase1/input8000_rate2p5_reuse50_seed3,25,0.0,14.47529159106973,14.47529159106973,566.3274394046304,0.0,580.8027309957001,2.38454,523.405976,0.0,525.790516
2026-07-16_ttft_component_regression/phase1/input8000_rate2p5_reuse50_seed3,39,0.026064707922072397,19.37930463817317,19.40536934609524,566.3274394046304,0.0,585.7328087507256,12.19554,530.794829,0.0,542.990369
2026-07-16_ttft_component_regression/phase1/input8000_rate2p5_reuse50_seed3,29,0.9188542259231766,28.94873327445799,29.867587500381166,566.3274394046304,0.6223089189527922,596.8173358239643,3.4078619999999997,986.452311,0.625374,990.485547
2026-07-16_ttft_component_regression/phase1/input8000_rate2p5_reuse50_seed3,43,0.02544440398596668,19.416715256191498,19.442159660177463,566.3274394046304,0.0,585.7695990648078,1.519948,530.527789,0.0,532.047737
2026-07-16_ttft_component_regression/phase1/input8000_rate2p5_reuse50_seed3,59,0.19002655300727034,26.89127565972527,27.081302212732542,566.3274394046304,0.0,593.4087416173629,312.958967,810.938129,0.0,1123.897096
2026-07-16_ttft_component_regression/phase1/input8000_rate2p5_reuse50_seed3,57,0.18690556104010972,25.1041911225984,25.29109668363851,566.3274394046304,0.0,591.6185360882689,922.540152,904.356064,0.0,1826.896216
2026-07-16_ttft_component_regression/phase1/input8000_rate2p5_reuse50_seed3,52,0.9424915690118975,27.032010971338213,27.97450254035011,566.3274394046304,0.6223089189527922,594.9242508639333,6.972366999999999,1021.437187,0.625374,1029.034928
2026-07-16_ttft_component_regression/phase1/input8000_rate2p5_reuse50_seed3,55,0.9629563508526179,27.074796670380376,28.037753021232994,566.3274394046304,0.6223089189527922,594.9875013448161,595.563805,1343.120718,0.625374,1939.309897
2026-07-16_ttft_component_regression/phase1/input8000_rate2p5_reuse50_seed3,77,0.19824501530394967,26.966985452956163,27.165230468260113,566.3274394046304,0.0,593.4926698728905,15.537468,549.482,0.0,565.019468
2026-07-16_ttft_component_regression/phase1/input8000_rate2p5_reuse50_seed3,92,0.9058393405036214,26.949356237476096,27.855195577979718,566.3274394046304,0.6223089189527922,594.8049439015629,9.330574,1038.812257,0.625374,1048.768205
2026-07-16_ttft_component_regression/phase1/input8000_rate2p5_reuse50_seed3,116,0.0,20.213769777990674,20.213769777990674,566.3274394046304,0.0,586.5412091826211,171.030792,545.896809,0.0,716.927601
2026-07-16_ttft_component_regression/phase1/input8000_rate2p5_reuse50_seed3,137,0.9424915690118975,27.032010971338213,27.97450254035011,566.3274394046304,0.6223089189527922,594.9242508639333,24.689315999999998,1026.21702,0.625374,1051.53171
2026-07-16_ttft_component_regression/phase1/input8000_rate2p5_reuse50_seed3,124,0.884440451866071,28.86532342292277,29.74976387478884,566.3274394046304,0.6223089189527922,596.699512198372,14.621462000000001,1032.198236,0.625374,1047.445072
2026-07-16_ttft_component_regression/phase1/input8000_rate2p5_reuse50_seed3,130,0.884440451866071,28.86532342292277,29.74976387478884,566.3274394046304,0.6223089189527922,596.699512198372,553.698121,1277.103425,0.625374,1831.42692
2026-07-16_ttft_component_regression/phase1/input8000_rate2p5_reuse50_seed3,115,0.02113278107197844,19.647740903088756,19.668873684160737,566.3274394046304,0.0,585.9963130887911,17.999835,536.503266,0.0,554.503101
2026-07-16_ttft_component_regression/phase1/input8000_rate2p5_reuse50_seed3,125,0.9061009395667606,28.918699354799625,29.824800294366383,566.3274394046304,0.6223089189527922,596.7745486179494,632.399054,1333.133974,0.625374,1966.158402
2026-07-16_ttft_component_regression/phase1/input8000_rate2p5_reuse50_seed3,161,0.0,21.1919877613973,21.1919877613973,566.3274394046304,0.0,587.5194271660276,11.080119,557.878441,0.0,568.95856
2026-07-16_ttft_component_regression/phase1/input8000_rate2p5_reuse50_seed3,166,0.17527043820708588,25.002162644517078,25.177433082724164,566.3274394046304,0.0,591.5048724873545,25.074234,550.419321,0.0,575.493555
2026-07-16_ttft_component_regression/phase1/input8000_rate2p5_reuse50_seed3,201,0.9536273364308283,27.055588700270736,28.009216036701563,566.3274394046304,0.6223089189527922,594.9589643602847,15.537825,970.994932,0.625374,987.158131
2026-07-16_ttft_component_regression/phase1/input8000_rate2p5_reuse50_seed3,204,0.0,13.662190792762129,13.662190792762129,566.3274394046304,0.0,579.9896301973924,19.072961,530.594216,0.0,549.667177
2026-07-16_ttft_component_regression/phase1/input8000_rate2p5_reuse50_seed3,209,0.023702264768701232,17.662007855686785,17.685710120455486,566.3274394046304,0.0,584.0131495250859,12.906581,539.382507,0.0,552.289088
2026-07-16_ttft_component_regression/phase1/input8000_rate2p5_reuse50_seed3,198,0.0,8.174270775697615,8.174270775697615,566.3274394046304,0.0,574.501710180328,16.632566,524.500323,0.0,541.132889
2026-07-16_ttft_component_regression/phase1/input8000_rate2p5_reuse50_seed3,228,0.0,22.94984833327649,22.94984833327649,566.3274394046304,0.0,589.2772877379068,89.848582,551.237632,0.0,641.086214
2026-07-16_ttft_component_regression/phase1/input8000_rate2p5_reuse50_seed3,220,0.01659324785775218,19.851282949565356,19.867876197423108,566.3274394046304,0.0,586.1953156020535,5.644444,537.422806,0.0,543.06725
2026-07-16_ttft_component_regression/phase1/input8000_rate2p5_reuse50_seed3,226,0.0,21.745504695283852,21.745504695283852,566.3274394046304,0.0,588.0729440999143,20.056728,544.252031,0.0,564.308759
2026-07-16_ttft_component_regression/phase1/input8000_rate2p5_reuse50_seed3,240,0.24119839415778999,27.34766683601164,27.588865230169432,566.3274394046304,0.0,593.9163046347998,17.013253,550.134239,0.0,567.147492
2026-07-16_ttft_component_regression/phase1/input8000_rate2p5_reuse50_seed3,266,0.0,20.207003644363187,20.207003644363187,566.3274394046304,0.0,586.5344430489936,2.953786,540.886978,0.0,543.840764
2026-07-16_ttft_component_regression/phase1/input8000_rate2p5_reuse50_seed3,272,0.0,20.205303157242877,20.205303157242877,566.3274394046304,0.0,586.5327425618732,21.426259,543.586343,0.0,565.012602
2026-07-16_ttft_component_regression/phase1/input8000_rate2p5_reuse50_seed3,275,0.9097358773613154,28.92736425469141,29.837100132052722,566.3274394046304,0.6223089189527922,596.7868484556358,16.502713,1025.339204,0.625374,1042.467291
2026-07-16_ttft_component_regression/phase1/input8000_rate2p5_reuse50_seed3,264,0.9188542259231766,28.94873327445799,29.867587500381166,566.3274394046304,0.6223089189527922,596.8173358239643,19.137990000000002,1012.183858,0.625374,1031.947222
2026-07-16_ttft_component_regression/phase1/input8000_rate2p5_reuse50_seed3,267,0.0,21.28637953995205,21.28637953995205,566.3274394046304,0.0,587.6138189445824,170.874694,549.926005,0.0,720.800699
2026-07-16_ttft_component_regression/phase1/input8000_rate2p5_reuse50_seed3,283,0.0,20.182857992122354,20.182857992122354,566.3274394046304,0.0,586.5102973967527,4.790702,542.282598,0.0,547.0733
2026-07-16_ttft_component_regression/phase1/input8000_rate2p5_reuse50_seed3,1,0.01559002296114168,0.7726895515375691,0.7882795744987108,566.3274394046304,0.0,567.115718979129,1.237428,503.866806,0.0,505.104234
2026-07-16_ttft_component_regression/phase1/input8000_rate2p5_reuse50_seed3,15,0.021959831254064418,18.350012404630142,18.371972235884208,566.3274394046304,0.0,584.6994116405145,18.270383,527.083625,0.0,545.354008
2026-07-16_ttft_component_regression/phase1/input8000_rate2p5_reuse50_seed3,6,0.0,8.808300527116481,8.808300527116481,566.3274394046304,0.0,575.1357399317468,2.100575,556.904509,0.0,559.005084
2026-07-16_ttft_component_regression/phase1/input8000_rate2p5_reuse50_seed3,22,0.0,21.630435718772965,21.630435718772965,566.3274394046304,0.0,587.9578751234034,11.988813,535.938793,0.0,547.927606
2026-07-16_ttft_component_regression/phase1/input8000_rate2p5_reuse50_seed3,7,0.0,14.527634066982474,14.527634066982474,566.3274394046304,0.0,580.8550734716129,40.725966,816.627837,0.0,857.353803
2026-07-16_ttft_component_regression/phase1/input8000_rate2p5_reuse50_seed3,34,0.0,21.1759721737974,21.1759721737974,566.3274394046304,0.0,587.5034115784277,4.06138,541.390278,0.0,545.451658
2026-07-16_ttft_component_regression/phase1/input8000_rate2p5_reuse50_seed3,20,0.02763523564642281,20.899835213764664,20.927470449411086,566.3274394046304,0.0,587.2549098540414,7.014647,530.117645,0.0,537.132292
2026-07-16_ttft_component_regression/phase1/input8000_rate2p5_reuse50_seed3,44,0.0,21.22476907984331,21.22476907984331,566.3274394046304,0.0,587.5522084844737,3.289646,578.351337,0.0,581.640983
2026-07-16_ttft_component_regression/phase1/input8000_rate2p5_reuse50_seed3,45,0.18871815187422492,25.11992227891009,25.308640430784315,566.3274394046304,0.0,591.6360798354146,259.956973,852.115207,0.0,1112.07218
2026-07-16_ttft_component_regression/phase1/input8000_rate2p5_reuse50_seed3,65,0.2511497338665,23.67652438920287,23.927674123069373,566.3274394046304,0.0,590.2551135276997,2.442285,553.414483,0.0,555.856768
2026-07-16_ttft_component_regression/phase1/input8000_rate2p5_reuse50_seed3,90,0.0,21.340387459794925,21.340387459794925,566.3274394046304,0.0,587.6678268644253,22.814739,543.90794,0.0,566.722679
2026-07-16_ttft_component_regression/phase1/input8000_rate2p5_reuse50_seed3,79,0.0,21.37779458340114,21.37779458340114,566.3274394046304,0.0,587.7052339880315,10.207763,545.140775,0.0,555.348538
2026-07-16_ttft_component_regression/phase1/input8000_rate2p5_reuse50_seed3,74,0.0,20.25324036915537,20.25324036915537,566.3274394046304,0.0,586.5806797737857,250.731127,847.254297,0.0,1097.985424
2026-07-16_ttft_component_regression/phase1/input8000_rate2p5_reuse50_seed3,73,0.019371727219849436,19.730659556364024,19.750031283583873,566.3274394046304,0.0,586.0774706882142,18.471324,574.43036,0.0,592.901684
2026-07-16_ttft_component_regression/phase1/input8000_rate2p5_reuse50_seed3,99,0.21473196295266841,25.340958013066004,25.555689976018673,566.3274394046304,0.0,591.883129380649,0.826261,550.964616,0.0,551.790877
2026-07-16_ttft_component_regression/phase1/input8000_rate2p5_reuse50_seed3,113,0.0,22.808042748707752,22.808042748707752,566.3274394046304,0.0,589.1354821533381,21.418315,550.045817,0.0,571.464132
2026-07-16_ttft_component_regression/phase1/input8000_rate2p5_reuse50_seed3,136,0.19236146066808565,25.15141009087216,25.343771551540247,566.3274394046304,0.0,591.6712109561706,1.619764,554.87004,0.0,556.489804
2026-07-16_ttft_component_regression/phase1/input8000_rate2p5_reuse50_seed3,147,0.0,21.63232684239272,21.63232684239272,566.3274394046304,0.0,587.959766247023,20.599475,543.069364,0.0,563.668839
2026-07-16_ttft_component_regression/phase1/input8000_rate2p5_reuse50_seed3,132,0.0,22.80432259160715,22.80432259160715,566.3274394046304,0.0,589.1317619962375,20.937599,552.491488,0.0,573.429087
2026-07-16_ttft_component_regression/phase1/input8000_rate2p5_reuse50_seed3,138,169.87877899697537,27.208137920937453,197.08691691791282,566.3274394046304,0.0,763.4143563225432,140.113285,551.747546,0.0,691.860831
2026-07-16_ttft_component_regression/phase1/input8000_rate2p5_reuse50_seed3,170,0.02376268172804108,19.512317298533727,19.536079980261768,566.3274394046304,0.0,585.8635193848921,2.348045,541.513529,0.0,543.861574
2026-07-16_ttft_component_regression/phase1/input8000_rate2p5_reuse50_seed3,239,0.016195689590037646,0.7919167751917741,0.8081124647818118,566.3274394046304,0.0,567.1355518694122,0.0053,510.699137,0.0,510.704437
2026-07-16_ttft_component_regression/phase1/input8000_rate2p5_reuse50_seed3,258,0.0,8.17726101151176,8.17726101151176,566.3274394046304,0.0,574.5047004161421,5.763324,524.050859,0.0,529.814183
2026-07-16_ttft_component_regression/phase1/input8000_rate2p5_reuse50_seed3,289,0.0,8.808487560178788,8.808487560178788,566.3274394046304,0.0,575.1359269648092,10.978066,525.895555,0.0,536.873621
2026-07-16_ttft_component_regression/phase1/input8000_rate2p5_reuse50_seed3,288,0.017054428466935705,0.8205083484752408,0.8375627769421765,566.3274394046304,0.0,567.1650021815725,0.007576,510.953338,0.0,510.960914
2026-07-16_ttft_component_regression/phase1/input8000_rate2p5_reuse50_seed3,297,0.02559365483628735,21.015233225178523,21.040826880014812,566.3274394046304,0.0,587.3682662846452,1.219465,530.910477,0.0,532.129942
2026-07-16_ttft_component_regression/phase1/input8000_rate2p5_reuse50_seed3,291,0.0,14.557311046621557,14.557311046621557,566.3274394046304,0.0,580.8847504512519,12.039512,529.803186,0.0,541.842698
2026-07-16_ttft_component_regression/phase1/input8000_rate2p5_reuse50_seed3,294,0.024327343235425004,18.610726265532847,18.63505360876827,566.3274394046304,0.0,584.9624930133987,14.053002,532.640921,0.0,546.693923
2026-07-16_ttft_component_regression/phase1/input8000_rate2p5_reuse50_seed3,8,0.017146188097241378,0.8236660115524618,0.8408121996497031,566.3274394046304,0.0,567.16825160428,0.008455,503.866806,0.0,503.875261
2026-07-16_ttft_component_regression/phase1/input8000_rate2p5_reuse50_seed3,28,0.0,8.17726101151176,8.17726101151176,566.3274394046304,0.0,574.5047004161421,6.410999,517.490559,0.0,523.901558
2026-07-16_ttft_component_regression/phase1/input8000_rate2p5_reuse50_seed3,42,0.019127136718121815,17.16796214341693,17.18708928013505,566.3274394046304,0.0,583.5145286847654,9.592499,527.926761,0.0,537.51926
2026-07-16_ttft_component_regression/phase1/input8000_rate2p5_reuse50_seed3,36,0.0,13.549069638427488,13.549069638427488,566.3274394046304,0.0,579.8765090430578,5.736818,523.610552,0.0,529.34737
2026-07-16_ttft_component_regression/phase1/input8000_rate2p5_reuse50_seed3,54,0.03128779662003262,15.879742323708633,15.911030120328666,566.3274394046304,0.0,582.238469524959,6.321059,527.621065,0.0,533.942124
2026-07-16_ttft_component_regression/phase1/input8000_rate2p5_reuse50_seed3,67,1.1028050561671554,28.871949600087962,29.97475465625512,566.3274394046304,0.6223089189527922,596.9245029798382,21.540754000000003,994.552518,0.625374,1016.718646
2026-07-16_ttft_component_regression/phase1/input8000_rate2p5_reuse50_seed3,71,0.0,18.792958194293213,18.792958194293213,566.3274394046304,0.0,585.1203975989235,40.156866,834.968161,0.0,875.125027
2026-07-16_ttft_component_regression/phase1/input8000_rate2p5_reuse50_seed3,81,0.16635646960781844,23.13719099369813,23.30354746330595,566.3274394046304,0.0,589.6309868679363,33.467242,850.854856,0.0,884.322098
2026-07-16_ttft_component_regression/phase1/input8000_rate2p5_reuse50_seed3,70,0.03956979840198016,18.084758842343334,18.124328640745315,566.3274394046304,0.0,584.4517680453756,6.696334,567.315465,0.0,574.011799
2026-07-16_ttft_component_regression/phase1/input8000_rate2p5_reuse50_seed3,78,0.0,21.135469294546972,21.135469294546972,566.3274394046304,0.0,587.4629086991773,15.037474,578.691615,0.0,593.729089
2026-07-16_ttft_component_regression/phase1/input8000_rate2p5_reuse50_seed3,94,0.2082356549799559,23.337032680118813,23.54526833509877,566.3274394046304,0.0,589.8727077397291,2.413718,547.088205,0.0,549.501923
2026-07-16_ttft_component_regression/phase1/input8000_rate2p5_reuse50_seed3,111,0.0,21.59760334157929,21.59760334157929,566.3274394046304,0.0,587.9250427462097,8.550563,545.277529,0.0,553.828092
2026-07-16_ttft_component_regression/phase1/input8000_rate2p5_reuse50_seed3,118,0.0,20.143331510378488,20.143331510378488,566.3274394046304,0.0,586.4707709150089,8.547238,543.34323,0.0,551.890468
2026-07-16_ttft_component_regression/phase1/input8000_rate2p5_reuse50_seed3,128,0.0,20.1704999315893,20.1704999315893,566.3274394046304,0.0,586.4979393362197,22.27392,542.438709,0.0,564.712629
2026-07-16_ttft_component_regression/phase1/input8000_rate2p5_reuse50_seed3,146,0.025192109649109184,19.431579694074298,19.456771803723406,566.3274394046304,0.0,585.7842112083538,72.649486,840.119996,0.0,912.769482
2026-07-16_ttft_component_regression/phase1/input8000_rate2p5_reuse50_seed3,151,0.0,20.16155020500753,20.16155020500753,566.3274394046304,0.0,586.4889896096379,15.623224,540.983085,0.0,556.606309
2026-07-16_ttft_component_regression/phase1/input8000_rate2p5_reuse50_seed3,156,0.0,20.15794095528517,20.15794095528517,566.3274394046304,0.0,586.4853803599156,4.008359,541.208843,0.0,545.217202
2026-07-16_ttft_component_regression/phase1/input8000_rate2p5_reuse50_seed3,145,0.018711844183389115,17.125780673434054,17.144492517617444,566.3274394046304,0.0,583.4719319222478,13.359398,579.229221,0.0,592.588619
2026-07-16_ttft_component_regression/phase1/input8000_rate2p5_reuse50_seed3,160,0.0,20.186353091448847,20.186353091448847,566.3274394046304,0.0,586.5137924960792,21.863805,538.676105,0.0,560.53991
2026-07-16_ttft_component_regression/phase1/input8000_rate2p5_reuse50_seed3,168,0.0,21.241542326868274,21.241542326868274,566.3274394046304,0.0,587.5689817314986,1.512426,542.292496,0.0,543.804922
2026-07-16_ttft_component_regression/phase1/input8000_rate2p5_reuse50_seed3,188,0.02376268172804108,19.512317298533727,19.536079980261768,566.3274394046304,0.0,585.8635193848921,19.01706,540.699063,0.0,559.716123
2026-07-16_ttft_component_regression/phase1/input8000_rate2p5_reuse50_seed3,203,0.020560061159899574,17.31661878792558,17.33717884908548,566.3274394046304,0.0,583.6646182537158,20.293281,538.870765,0.0,559.164046
2026-07-16_ttft_component_regression/phase1/input8000_rate2p5_reuse50_seed3,243,0.012154994625425655,0.6586078747642788,0.6707628693897045,566.3274394046304,0.0,566.9982022740201,0.001754,511.271088,0.0,511.272842
2026-07-16_ttft_component_regression/phase1/input8000_rate2p5_reuse50_seed3,249,0.0,8.1754939379823,8.1754939379823,566.3274394046304,0.0,574.5029333426127,16.992774,521.666226,0.0,538.659
2026-07-16_ttft_component_regression/phase1/input8000_rate2p5_reuse50_seed3,255,0.021010487508613652,18.24926209432762,18.270272581836235,566.3274394046304,0.0,584.5977119864666,7.947186,534.829486,0.0,542.776672
2026-07-16_ttft_component_regression/phase1/input8000_rate2p5_reuse50_seed3,263,0.0,20.159747700647753,20.159747700647753,566.3274394046304,0.0,586.487187105278,12.002185,538.382989,0.0,550.385174
2026-07-16_ttft_component_regression/phase1/input8000_rate2p5_reuse50_seed3,252,0.0,14.488826001857202,14.488826001857202,566.3274394046304,0.0,580.8162654064876,0.808891,532.032482,0.0,532.841373
2026-07-16_ttft_component_regression/phase1/input8000_rate2p5_reuse50_seed3,259,0.025192109649109184,19.431579694074298,19.456771803723406,566.3274394046304,0.0,585.7842112083538,4.945443,535.200255,0.0,540.145698
2026-07-16_ttft_component_regression/phase1/input8000_rate2p5_reuse50_seed3,293,0.0,8.8083874764838,8.8083874764838,566.3274394046304,0.0,575.1358268811141,10.886509,523.409706,0.0,534.296215
2026-07-16_ttft_component_regression/phase1/input8000_rate2p5_reuse50_seed3,296,0.0,8.8083874764838,8.8083874764838,566.3274394046304,0.0,575.1358268811141,11.2357,526.182715,0.0,537.418415
2026-07-16_ttft_component_regression/phase1/input8000_rate2p5_reuse50_seed3,24,0.0,8.808487560178788,8.808487560178788,566.3274394046304,0.0,575.1359269648092,10.981599,516.726015,0.0,527.707614
2026-07-16_ttft_component_regression/phase1/input8000_rate2p5_reuse50_seed3,21,0.017146188097241378,0.8236660115524618,0.8408121996497031,566.3274394046304,0.0,567.16825160428,0.010144,503.866806,0.0,503.87695
2026-07-16_ttft_component_regression/phase1/input8000_rate2p5_reuse50_seed3,33,0.0,13.55611818194719,13.55611818194719,566.3274394046304,0.0,579.8835575865776,6.302895,522.971736,0.0,529.274631
2026-07-16_ttft_component_regression/phase1/input8000_rate2p5_reuse50_seed3,46,0.03654204409583679,18.242794428884075,18.27933647297991,566.3274394046304,0.0,584.6067758776103,13.294818,530.764205,0.0,544.059023
2026-07-16_ttft_component_regression/phase1/input8000_rate2p5_reuse50_seed3,38,0.02086276267682195,17.348675314099463,17.369538076776283,566.3274394046304,0.0,583.6969774814066,0.720929,527.198025,0.0,527.918954
2026-07-16_ttft_component_regression/phase1/input8000_rate2p5_reuse50_seed3,48,0.0,18.849376584113266,18.849376584113266,566.3274394046304,0.0,585.1768159887437,0.725267,536.523497,0.0,537.248764
2026-07-16_ttft_component_regression/phase1/input8000_rate2p5_reuse50_seed3,58,0.0,19.853166935011117,19.853166935011117,566.3274394046304,0.0,586.1806063396415,17.299523,541.587622,0.0,558.887145
2026-07-16_ttft_component_regression/phase1/input8000_rate2p5_reuse50_seed3,63,0.21942261520436696,23.569789331585802,23.789211946790168,566.3274394046304,0.0,590.1166513514205,8.899486,545.890858,0.0,554.790344
2026-07-16_ttft_component_regression/phase1/input8000_rate2p5_reuse50_seed3,95,0.0,21.16972635377726,21.16972635377726,566.3274394046304,0.0,587.4971657584076,10.156358,550.400754,0.0,560.557112
2026-07-16_ttft_component_regression/phase1/input8000_rate2p5_reuse50_seed3,84,1.0255753739556743,27.219370368569066,28.24494574252474,566.3274394046304,0.6223089189527922,595.1946940661078,23.987139,1024.297879,0.625374,1048.910392
2026-07-16_ttft_component_regression/phase1/input8000_rate2p5_reuse50_seed3,104,0.0,18.938806425749693,18.938806425749693,566.3274394046304,0.0,585.2662458303801,5.199728,545.323795,0.0,550.523523
2026-07-16_ttft_component_regression/phase1/input8000_rate2p5_reuse50_seed3,109,0.0,18.925919276141105,18.925919276141105,566.3274394046304,0.0,585.2533586807715,14.474138,543.519506,0.0,557.993644
2026-07-16_ttft_component_regression/phase1/input8000_rate2p5_reuse50_seed3,117,0.0,21.218131760392513,21.218131760392513,566.3274394046304,0.0,587.5455711650229,5.876319,549.350622,0.0,555.226941
2026-07-16_ttft_component_regression/phase1/input8000_rate2p5_reuse50_seed3,143,0.03776374229326938,18.18179181640864,18.21955555870191,566.3274394046304,0.0,584.5469949633323,4.403762,535.898768,0.0,540.30253
2026-07-16_ttft_component_regression/phase1/input8000_rate2p5_reuse50_seed3,158,0.0,8.17726101151176,8.17726101151176,566.3274394046304,0.0,574.5047004161421,17.270571,520.65717,0.0,537.927741
2026-07-16_ttft_component_regression/phase1/input8000_rate2p5_reuse50_seed3,167,0.913112168197643,26.9663784992745,27.879490667472144,566.3274394046304,0.6223089189527922,594.8292389910553,9.860152999999999,986.633245,0.625374,997.118772
2026-07-16_ttft_component_regression/phase1/input8000_rate2p5_reuse50_seed3,176,0.023206041625675685,18.485469940228796,18.508675981854473,566.3274394046304,0.0,584.8361153864848,4.238593,534.718047,0.0,538.95664
2026-07-16_ttft_component_regression/phase1/input8000_rate2p5_reuse50_seed3,189,0.018607628694408535,17.115256028439582,17.13386365713399,566.3274394046304,0.0,583.4613030617644,3.23404,538.20172,0.0,541.43576
2026-07-16_ttft_component_regression/phase1/input8000_rate2p5_reuse50_seed3,197,0.0,13.54557201729147,13.54557201729147,566.3274394046304,0.0,579.8730114219218,5.609183,531.792213,0.0,537.401396
2026-07-16_ttft_component_regression/phase1/input8000_rate2p5_reuse50_seed3,210,0.019539868610076252,17.21027486827599,17.229814736886066,566.3274394046304,0.0,583.5572541415164,13.95822,536.397864,0.0,550.356084
2026-07-16_ttft_component_regression/phase1/input8000_rate2p5_reuse50_seed3,216,0.019642643731422757,17.220873342708554,17.240515986439977,566.3274394046304,0.0,583.5679553910703,13.096268,535.91102,0.0,549.007288
2026-07-16_ttft_component_regression/phase1/input8000_rate2p5_reuse50_seed3,218,0.02267966574475472,19.56995829556659,19.592637961311343,566.3274394046304,0.0,585.9200773659417,21.883024,536.866008,0.0,558.749032
2026-07-16_ttft_component_regression/phase1/input8000_rate2p5_reuse50_seed3,222,0.0,20.212083569412336,20.212083569412336,566.3274394046304,0.0,586.5395229740427,13.889939,540.021478,0.0,553.911417
2026-07-16_ttft_component_regression/phase1/input8000_rate2p5_reuse50_seed3,235,0.0,21.665654945792756,21.665654945792756,566.3274394046304,0.0,587.9930943504231,3.788855,543.057182,0.0,546.846037
2026-07-16_ttft_component_regression/phase1/input8000_rate2p5_reuse50_seed3,241,0.0,21.241542326868274,21.241542326868274,566.3274394046304,0.0,587.5689817314986,20.059608,552.787927,0.0,572.847535
2026-07-16_ttft_component_regression/phase1/input8000_rate2p5_reuse50_seed3,261,0.0,20.19156663419867,20.19156663419867,566.3274394046304,0.0,586.519006038829,19.845724,543.01398,0.0,562.859704
2026-07-16_ttft_component_regression/phase1/input8000_rate2p5_reuse50_seed3,270,0.0,8.17691146547581,8.17691146547581,566.3274394046304,0.0,574.5043508701061,0.979479,520.957282,0.0,521.936761
2026-07-16_ttft_component_regression/phase1/input8000_rate2p5_reuse50_seed3,284,0.020371016967161232,18.182508667943157,18.202879684910318,566.3274394046304,0.0,584.5303190895406,9.434551,536.108164,0.0,545.542715
2026-07-16_ttft_component_regression/phase1/input8000_rate2p5_reuse50_seed3,282,0.0,13.47625651077779,13.47625651077779,566.3274394046304,0.0,579.8036959154082,18.416656,527.464104,0.0,545.88076
2026-07-16_ttft_component_regression/phase1/input8000_rate2p5_reuse50_seed3,286,0.03003397825372423,20.74876374624087,20.77879772449459,566.3274394046304,0.0,587.1062371291249,16.176406,536.101582,0.0,552.277988
2026-07-16_ttft_component_regression/phase1/input8000_rate2p5_reuse50_seed3,298,0.02185495230772591,18.338781727416436,18.360636679724163,566.3274394046304,0.0,584.6880760843545,0.151611,534.332519,0.0,534.48413
2026-07-16_ttft_component_regression/phase1/input8000_rate2p5_reuse50_seed3,9,0.015996766037230593,0.7855220752624897,0.8015188412997203,566.3274394046304,0.0,567.1289582459301,0.004789,503.866806,0.0,503.871595
2026-07-16_ttft_component_regression/phase1/input8000_rate2p5_reuse50_seed3,32,0.0,8.176082929882286,8.176082929882286,566.3274394046304,0.0,574.5035223345127,6.952331,517.490559,0.0,524.44289
2026-07-16_ttft_component_regression/phase1/input8000_rate2p5_reuse50_seed3,41,0.0176628434504353,17.020913146959394,17.03857599040983,566.3274394046304,0.0,583.3660153950402,13.739432,527.449513,0.0,541.188945
2026-07-16_ttft_component_regression/phase1/input8000_rate2p5_reuse50_seed3,40,0.0,13.495251528808653,13.495251528808653,566.3274394046304,0.0,579.822690933439,18.292875,523.610552,0.0,541.903427
2026-07-16_ttft_component_regression/phase1/input8000_rate2p5_reuse50_seed3,51,0.031714198941959884,15.918947095435188,15.950661294377149,566.3274394046304,0.0,582.2781006990075,4.7373,527.535401,0.0,532.272701
2026-07-16_ttft_component_regression/phase1/input8000_rate2p5_reuse50_seed3,66,0.10164592697238282,17.14744086025509,17.249086787227473,566.3274394046304,0.0,583.5765261918579,7.883624,527.678121,0.0,535.561745
2026-07-16_ttft_component_regression/phase1/input8000_rate2p5_reuse50_seed3,106,0.0,12.578594048027906,12.578594048027906,566.3274394046304,0.0,578.9060334526582,1.11252,523.758616,0.0,524.871136
2026-07-16_ttft_component_regression/phase1/input8000_rate2p5_reuse50_seed3,105,0.005071909880482014,7.591174725095286,7.596246634975768,566.3274394046304,0.0,573.9236860396061,6.658355,518.769375,0.0,525.42773
2026-07-16_ttft_component_regression/phase1/input8000_rate2p5_reuse50_seed3,112,0.0,14.465344084961721,14.465344084961721,566.3274394046304,0.0,580.7927834895921,7.469581,530.622909,0.0,538.09249
2026-07-16_ttft_component_regression/phase1/input8000_rate2p5_reuse50_seed3,144,0.006262533057774691,7.5905937372056185,7.596856270263393,566.3274394046304,0.0,573.9242956748938,11.915968,521.725541,0.0,533.641509
2026-07-16_ttft_component_regression/phase1/input8000_rate2p5_reuse50_seed3,159,0.018815903762364746,278.9060448382571,278.92486074201946,566.3274394046304,0.0,845.2523001466498,318.479609,833.772343,0.0,1152.251952
2026-07-16_ttft_component_regression/phase1/input8000_rate2p5_reuse50_seed3,163,0.024421117024393767,19.47583144508109,19.500252562105484,566.3274394046304,0.0,585.8276919667359,9.96013,532.594347,0.0,542.554477
2026-07-16_ttft_component_regression/phase1/input8000_rate2p5_reuse50_seed3,155,0.0,8.177285807995105,8.177285807995105,566.3274394046304,0.0,574.5047252126254,13.446707,519.865416,0.0,533.312123
2026-07-16_ttft_component_regression/phase1/input8000_rate2p5_reuse50_seed3,157,0.0,13.535185951305056,13.535185951305056,566.3274394046304,0.0,579.8626253559354,139.719994,571.87895,0.0,711.598944
2026-07-16_ttft_component_regression/phase1/input8000_rate2p5_reuse50_seed3,177,0.0,22.73577090643608,22.73577090643608,566.3274394046304,0.0,589.0632103110664,14.601907,542.022644,0.0,556.624551
2026-07-16_ttft_component_regression/phase1/input8000_rate2p5_reuse50_seed3,183,0.1708628329746191,24.96303245328992,25.13389528626454,566.3274394046304,0.0,591.4613346908949,2.934216,546.601494,0.0,549.53571
2026-07-16_ttft_component_regression/phase1/input8000_rate2p5_reuse50_seed3,171,0.0,21.647302888293734,21.647302888293734,566.3274394046304,0.0,587.9747422929241,12.243969,538.479823,0.0,550.723792
2026-07-16_ttft_component_regression/phase1/input8000_rate2p5_reuse50_seed3,213,0.0,8.177102869973433,8.177102869973433,566.3274394046304,0.0,574.5045422746038,4.031902,523.578946,0.0,527.610848
2026-07-16_ttft_component_regression/phase1/input8000_rate2p5_reuse50_seed3,215,0.0,13.559669071974062,13.559669071974062,566.3274394046304,0.0,579.8871084766045,3.606482,532.788094,0.0,536.394576
2026-07-16_ttft_component_regression/phase1/input8000_rate2p5_reuse50_seed3,234,0.0,14.527634066982474,14.527634066982474,566.3274394046304,0.0,580.8550734716129,3.307343,526.610194,0.0,529.917537
2026-07-16_ttft_component_regression/phase1/input8000_rate2p5_reuse50_seed3,242,0.01923056233430239,17.178528091081493,17.197758653415796,566.3274394046304,0.0,583.5251980580462,20.740581,537.026002,0.0,557.766583
2026-07-16_ttft_component_regression/phase1/input8000_rate2p5_reuse50_seed3,250,0.0,14.471956363212477,14.471956363212477,566.3274394046304,0.0,580.7993957678428,5.746856,533.392712,0.0,539.139568
2026-07-16_ttft_component_regression/phase1/input8000_rate2p5_reuse50_seed3,254,0.02090426574909116,18.238113308783074,18.259017574532166,566.3274394046304,0.0,584.5864569791626,6.685846,535.251374,0.0,541.93722
2026-07-16_ttft_component_regression/phase1/input8000_rate2p5_reuse50_seed3,274,0.0,13.457914493130069,13.457914493130069,566.3274394046304,0.0,579.7853538977604,19.037035,526.356901,0.0,545.393936
2026-07-16_ttft_component_regression/phase1/input8000_rate2p5_reuse50_seed3,279,0.017873841405462942,17.04181876620678,17.059692607612245,566.3274394046304,0.0,583.3871320122425,19.479351,534.153321,0.0,553.632672
2026-07-16_ttft_component_regression/phase1/input8000_rate2p5_reuse50_seed3,278,0.0177684157466967,17.031361671992993,17.04913008773969,566.3274394046304,0.0,583.3765694923701,1.381077,536.824308,0.0,538.205385
2026-07-16_ttft_component_regression/phase1/input8000_rate2p5_reuse50_seed3,18,0.015896193944411587,0.7823192939169769,0.7982154878613884,566.3274394046304,0.0,567.1256548924918,0.014463,503.866806,0.0,503.881269
2026-07-16_ttft_component_regression/phase1/input8000_rate2p5_reuse50_seed3,69,0.9259090048292804,26.99558061036056,27.921489615189838,566.3274394046304,423.9400663798797,1018.1889953996998,6.607701620118379,516.735455,423.9400663798817,947.283223
2026-07-16_ttft_component_regression/phase1/input8000_rate2p5_reuse50_seed3,68,0.05270545756745952,0.5707103594714353,0.6234158170388948,566.3274394046304,0.0,566.9508552216693,0.0,503.866806,0.0,503.866806
2026-07-16_ttft_component_regression/phase1/input8000_rate2p5_reuse50_seed3,88,0.9405905697108443,27.035856711686982,27.976447281397828,566.3274394046304,423.9400663798797,1018.2439530659078,25.35868862011838,527.254697,423.9400663798817,976.553452
2026-07-16_ttft_component_regression/phase1/input8000_rate2p5_reuse50_seed3,72,0.0,14.502669142308127,14.502669142308127,566.3274394046304,0.0,580.8301085469385,7.330412,522.916248,0.0,530.24666
2026-07-16_ttft_component_regression/phase1/input8000_rate2p5_reuse50_seed3,103,0.06503645731830572,18.25135895840083,18.316395415719136,566.3274394046304,0.0,584.6438348203495,16.982628,531.252365,0.0,548.234993
2026-07-16_ttft_component_regression/phase1/input8000_rate2p5_reuse50_seed3,120,0.019333826877459624,17.189102213614387,17.208436040491847,566.3274394046304,0.0,583.5358754451222,12.577446,565.655455,0.0,578.232901
2026-07-16_ttft_component_regression/phase1/input8000_rate2p5_reuse50_seed3,123,0.0,341.93292577587727,341.93292577587727,566.3274394046304,0.0,908.2603651805076,655.37037,826.820777,0.0,1482.191147
2026-07-16_ttft_component_regression/phase1/input8000_rate2p5_reuse50_seed3,122,0.024551074493673712,19.46849169563894,19.49304277013261,566.3274394046304,0.0,585.820482174763,134.351149,876.312024,0.0,1010.663173
2026-07-16_ttft_component_regression/phase1/input8000_rate2p5_reuse50_seed3,141,0.9130949194153551,26.96784681584751,27.880941735262862,566.3274394046304,423.9400663798797,1018.1484475197728,4.82818862011838,537.418067,423.9400663798817,966.186322
2026-07-16_ttft_component_regression/phase1/input8000_rate2p5_reuse50_seed3,164,0.8988523509760831,28.90117021672978,29.800022567705863,566.3274394046304,423.9400663798797,1020.0675283522158,7.024597620118379,539.130326,423.9400663798817,970.09499
2026-07-16_ttft_component_regression/phase1/input8000_rate2p5_reuse50_seed3,169,0.0,21.58569350190562,21.58569350190562,566.3274394046304,0.0,587.913132906536,20.543326,536.948312,0.0,557.491638
2026-07-16_ttft_component_regression/phase1/input8000_rate2p5_reuse50_seed3,154,0.0,20.156129945517957,20.156129945517957,566.3274394046304,0.0,586.4835693501483,15.664068,539.587912,0.0,555.25198
2026-07-16_ttft_component_regression/phase1/input8000_rate2p5_reuse50_seed3,173,0.030511200579385236,20.716257386425266,20.746768587004652,566.3274394046304,0.0,587.074207991635,17.935091,568.616446,0.0,586.551537
2026-07-16_ttft_component_regression/phase1/input8000_rate2p5_reuse50_seed3,174,0.0,21.59563040695951,21.59563040695951,566.3274394046304,0.0,587.9230698115898,34.069205,837.559319,0.0,871.628524
2026-07-16_ttft_component_regression/phase1/input8000_rate2p5_reuse50_seed3,178,0.0,22.657981934036574,22.657981934036574,566.3274394046304,0.0,588.9854213386669,9.583674,541.558112,0.0,551.141786
2026-07-16_ttft_component_regression/phase1/input8000_rate2p5_reuse50_seed3,185,0.16957878838147586,26.69871999587948,26.868298784260954,566.3274394046304,0.0,593.1957381888913,15.561007,550.566669,0.0,566.127676
2026-07-16_ttft_component_regression/phase1/input8000_rate2p5_reuse50_seed3,179,0.1678381648892086,26.682047029564075,26.849885194453282,566.3274394046304,0.0,593.1773245990836,141.725307,552.232664,0.0,693.957971
2026-07-16_ttft_component_regression/phase1/input8000_rate2p5_reuse50_seed3,219,0.024027777854238062,19.49776550911355,19.521793286967785,566.3274394046304,0.0,585.8492326915981,20.654487,540.609112,0.0,561.263599
2026-07-16_ttft_component_regression/phase1/input8000_rate2p5_reuse50_seed3,211,0.0,20.189832636016245,20.189832636016245,566.3274394046304,0.0,586.5172720406466,11.599543,545.152817,0.0,556.75236
2026-07-16_ttft_component_regression/phase1/input8000_rate2p5_reuse50_seed3,221,0.022817003087946194,19.562802635413,19.585619638500948,566.3274394046304,0.0,585.9130590431313,15.041041,537.970629,0.0,553.01167
2026-07-16_ttft_component_regression/phase1/input8000_rate2p5_reuse50_seed3,247,0.0,8.17726101151176,8.17726101151176,566.3274394046304,0.0,574.5047004161421,8.635013,524.430369,0.0,533.065382
2026-07-16_ttft_component_regression/phase1/input8000_rate2p5_reuse50_seed3,262,0.0,8.17726101151176,8.17726101151176,566.3274394046304,0.0,574.5047004161421,5.388339,521.809578,0.0,527.197917
2026-07-16_ttft_component_regression/phase1/input8000_rate2p5_reuse50_seed3,290,0.015996766037230593,0.7855220752624897,0.8015188412997203,566.3274394046304,0.0,567.1289582459301,0.065798,512.160788,0.0,512.226586
2026-07-16_ttft_component_regression/phase1/input8000_rate2p5_reuse50_seed3,299,0.0,8.808536792235543,8.808536792235543,566.3274394046304,0.0,575.1359761968658,16.220816,522.050847,0.0,538.271663
2026-07-16_ttft_component_regression/phase1/input8000_rate2p5_reuse50_seed3,12,0.0,8.808443839569385,8.808443839569385,566.3274394046304,0.0,575.1358832441997,15.486136,516.770207,0.0,532.256343
2026-07-16_ttft_component_regression/phase1/input8000_rate2p5_reuse50_seed3,17,0.0,14.51325340942108,14.51325340942108,566.3274394046304,0.0,580.8406928140514,2.603071,522.998296,0.0,525.601367
2026-07-16_ttft_component_regression/phase1/input8000_rate2p5_reuse50_seed3,5,0.017146188097241378,0.8236660115524618,0.8408121996497031,566.3274394046304,0.0,567.16825160428,0.020695,503.866806,0.0,503.887501
2026-07-16_ttft_component_regression/phase1/input8000_rate2p5_reuse50_seed3,37,0.018398734112578193,17.094231803656378,17.112630537768954,566.3274394046304,0.0,583.4400699423993,18.742543,528.145065,0.0,546.887608
2026-07-16_ttft_component_regression/phase1/input8000_rate2p5_reuse50_seed3,53,0.005071909880482014,7.591174725095286,7.596246634975768,566.3274394046304,0.0,573.9236860396061,16.156282,517.185247,0.0,533.341529
2026-07-16_ttft_component_regression/phase1/input8000_rate2p5_reuse50_seed3,64,0.004308678757050523,12.682327820287483,12.686636499044534,566.3274394046304,0.0,579.0140759036749,15.220296,523.451064,0.0,538.67136
2026-07-16_ttft_component_regression/phase1/input8000_rate2p5_reuse50_seed3,83,0.004308678757050523,12.682327820287483,12.686636499044534,566.3274394046304,0.0,579.0140759036749,8.647389,523.742264,0.0,532.389653
2026-07-16_ttft_component_regression/phase1/input8000_rate2p5_reuse50_seed3,96,0.060068531352352794,16.131249307109638,16.19131783846199,566.3274394046304,0.0,582.5187572430923,7.310047,528.321865,0.0,535.631912
2026-07-16_ttft_component_regression/phase1/input8000_rate2p5_reuse50_seed3,98,0.037896597611730504,18.17494742231123,18.21284401992296,566.3274394046304,0.0,584.5402834245533,18.623722,538.186529,0.0,556.810251
2026-07-16_ttft_component_regression/phase1/input8000_rate2p5_reuse50_seed3,102,0.0,18.901131576465737,18.901131576465737,566.3274394046304,0.0,585.2285709810961,6.143224,543.321114,0.0,549.464338
2026-07-16_ttft_component_regression/phase1/input8000_rate2p5_reuse50_seed3,108,0.0,18.875466582147336,18.875466582147336,566.3274394046304,0.0,585.2029059867776,14.664661,542.238412,0.0,556.903073
2026-07-16_ttft_component_regression/phase1/input8000_rate2p5_reuse50_seed3,114,0.16265201443063831,26.63210335856826,26.794755372998896,566.3274394046304,0.0,593.1221947776293,0.165004,547.876435,0.0,548.041439
2026-07-16_ttft_component_regression/phase1/input8000_rate2p5_reuse50_seed3,110,0.0,19.83206422215332,19.83206422215332,566.3274394046304,0.0,586.1595036267837,176.486971,543.777158,0.0,720.264129
2026-07-16_ttft_component_regression/phase1/input8000_rate2p5_reuse50_seed3,131,0.0,21.10836511176987,21.10836511176987,566.3274394046304,0.0,587.4358045164003,20.318851,545.467037,0.0,565.785888
2026-07-16_ttft_component_regression/phase1/input8000_rate2p5_reuse50_seed3,133,0.15751929238656137,26.582277260031788,26.739796552418348,566.3274394046304,0.0,593.0672359570488,92.466147,546.26099,0.0,638.727137
2026-07-16_ttft_component_regression/phase1/input8000_rate2p5_reuse50_seed3,153,0.025694321462000257,19.401793808417636,19.427488129879638,566.3274394046304,0.0,585.75492753451,0.004393,538.222409,0.0,538.226802
2026-07-16_ttft_component_regression/phase1/input8000_rate2p5_reuse50_seed3,180,0.0,8.177154528261905,8.177154528261905,566.3274394046304,0.0,574.5045939328922,9.959683,520.204998,0.0,530.164681
2026-07-16_ttft_component_regression/phase1/input8000_rate2p5_reuse50_seed3,187,0.868363266362432,28.82376022606048,29.692123492422912,566.3274394046304,423.9400663798797,1019.9596292769329,65.57223262011838,830.645425,423.9400663798817,1320.157724
2026-07-16_ttft_component_regression/phase1/input8000_rate2p5_reuse50_seed3,199,0.022953784124870733,19.555632857006035,19.578586641130904,566.3274394046304,0.0,585.9060260457612,15.708152,534.337466,0.0,550.045618
2026-07-16_ttft_component_regression/phase1/input8000_rate2p5_reuse50_seed3,202,0.0,20.186353091448847,20.186353091448847,566.3274394046304,0.0,586.5137924960792,12.884841,538.509773,0.0,551.394614
2026-07-16_ttft_component_regression/phase1/input8000_rate2p5_reuse50_seed3,208,0.18551371576875209,26.849296538378685,27.034810254147438,566.3274394046304,0.0,593.3622496587778,159.386445,862.75921,0.0,1022.145655
2026-07-16_ttft_component_regression/phase1/input8000_rate2p5_reuse50_seed3,186,0.8880327556999437,28.874382896709648,29.76241565240959,566.3274394046304,423.9400663798797,1020.0299214369196,1.7735456201183797,571.326021,423.9400663798817,997.039633
2026-07-16_ttft_component_regression/phase1/input8000_rate2p5_reuse50_seed3,190,0.020458810202544364,17.30594883016482,17.326407640367364,566.3274394046304,0.0,583.6538470449977,2.848983,531.893507,0.0,534.74249
2026-07-16_ttft_component_regression/phase1/input8000_rate2p5_reuse50_seed3,207,0.0,22.774969454010282,22.774969454010282,566.3274394046304,0.0,589.1024088586406,23.819035,584.331557,0.0,608.150592
2026-07-16_ttft_component_regression/phase1/input8000_rate2p5_reuse50_seed3,227,0.1757179958092639,26.75716965085896,26.932887646668224,566.3274394046304,0.0,593.2603270512985,17.168291,553.987456,0.0,571.155747
2026-07-16_ttft_component_regression/phase1/input8000_rate2p5_reuse50_seed3,251,0.0,8.80722844822882,8.80722844822882,566.3274394046304,0.0,575.1346678528591,16.930474,523.564143,0.0,540.494617
2026-07-16_ttft_component_regression/phase1/input8000_rate2p5_reuse50_seed3,256,0.0,8.807578490073686,8.807578490073686,566.3274394046304,0.0,575.135017894704,13.763414,526.458547,0.0,540.221961
2026-07-16_ttft_component_regression/phase1/input8000_rate2p5_reuse50_seed3,260,0.0,13.504992764804769,13.504992764804769,566.3274394046304,0.0,579.8324321694352,6.378154,530.416416,0.0,536.79457
2026-07-16_ttft_component_regression/phase1/input8000_rate2p5_reuse50_seed3,268,0.01923056233430239,17.178528091081493,17.197758653415796,566.3274394046304,0.0,583.5251980580462,5.164727,534.265215,0.0,539.429942
2026-07-16_ttft_component_regression/phase1/input8000_rate2p5_reuse50_seed3,280,0.0,21.637974471262268,21.637974471262268,566.3274394046304,0.0,587.9654138758926,20.353838,545.127799,0.0,565.481637
2026-07-16_ttft_component_regression/phase1/input8000_rate2p5_reuse50_seed3,271,0.023225669695019668,19.541250916276645,19.564476585971665,566.3274394046304,0.0,585.891915990602,7.313214,536.213156,0.0,543.52637
2026-07-16_ttft_component_regression/phase1/input8000_rate2p5_reuse50_seed3,30,0.012659855822865617,0.6736078461776179,0.6862677020004836,566.3274394046304,0.0,567.0137071066308,0.019331,542.367394,0.0,542.386725
2026-07-16_ttft_component_regression/phase1/input8000_rate2p5_reuse50_seed3,31,0.0,8.1773050331323,8.1773050331323,566.3274394046304,0.0,574.5047444377626,83.51928,803.03088,0.0,886.55016
2026-07-16_ttft_component_regression/phase1/input8000_rate2p5_reuse50_seed3,86,0.05270545756745952,0.5707103594714353,0.6234158170388948,566.3274394046304,0.0,566.9508552216693,0.014295,503.866806,0.0,503.881101
2026-07-16_ttft_component_regression/phase1/input8000_rate2p5_reuse50_seed3,93,0.03122202006472732,7.628496149259983,7.6597181693247105,566.3274394046304,0.0,573.9871575739551,5.43039,516.779551,0.0,522.209941
2026-07-16_ttft_component_regression/phase1/input8000_rate2p5_reuse50_seed3,97,0.0,12.619855838608135,12.619855838608135,566.3274394046304,0.0,578.9472952432385,9.820408,522.922808,0.0,532.743216
2026-07-16_ttft_component_regression/phase1/input8000_rate2p5_reuse50_seed3,129,0.023922019836533307,18.565060986356684,18.588983006193217,566.3274394046304,0.0,584.9164224108235,24.076963,528.029897,0.0,552.10686
2026-07-16_ttft_component_regression/phase1/input8000_rate2p5_reuse50_seed3,127,0.0,13.592422739480186,13.592422739480186,566.3274394046304,0.0,579.9198621441105,11.317945,524.37964,0.0,535.697585
2026-07-16_ttft_component_regression/phase1/input8000_rate2p5_reuse50_seed3,134,0.021561167521221062,19.62669621649218,19.6482573840134,566.3274394046304,0.0,585.9756967886437,9.485044,530.841485,0.0,540.326529
2026-07-16_ttft_component_regression/phase1/input8000_rate2p5_reuse50_seed3,139,0.0,18.951476644831686,18.951476644831686,566.3274394046304,0.0,585.278916049462,18.786158,542.780774,0.0,561.566932
2026-07-16_ttft_component_regression/phase1/input8000_rate2p5_reuse50_seed3,182,0.012154994625425655,0.6586078747642788,0.6707628693897045,566.3274394046304,0.0,566.9982022740201,0.018031,513.24114,0.0,513.259171
2026-07-16_ttft_component_regression/phase1/input8000_rate2p5_reuse50_seed3,184,0.0,8.808433703901178,8.808433703901178,566.3274394046304,0.0,575.1358731085315,7.203379,521.172627,0.0,528.376006
2026-07-16_ttft_component_regression/phase1/input8000_rate2p5_reuse50_seed3,195,0.0,12.60365133427688,12.60365133427688,566.3274394046304,0.0,578.9310907389072,2.018917,526.494088,0.0,528.513005
2026-07-16_ttft_component_regression/phase1/input8000_rate2p5_reuse50_seed3,214,0.01974525364352109,17.23147987661684,17.251225130260362,566.3274394046304,0.0,583.5786645348907,14.406312,536.357922,0.0,550.764234
2026-07-16_ttft_component_regression/phase1/input8000_rate2p5_reuse50_seed3,205,0.01974525364352109,17.23147987661684,17.251225130260362,566.3274394046304,0.0,583.5786645348907,15.893977,537.13076,0.0,553.024737
2026-07-16_ttft_component_regression/phase1/input8000_rate2p5_reuse50_seed3,232,0.0,20.16334849177724,20.16334849177724,566.3274394046304,0.0,586.4907878964076,15.585185,542.123507,0.0,557.708692
2026-07-16_ttft_component_regression/phase1/input8000_rate2p5_reuse50_seed3,224,0.028028172360069662,20.876346975471442,20.904375147831512,566.3274394046304,0.0,587.2318145524619,9.178374,538.143451,0.0,547.321825
2026-07-16_ttft_component_regression/phase1/input8000_rate2p5_reuse50_seed3,237,0.0,22.681075455857844,22.681075455857844,566.3274394046304,0.0,589.0085148604882,0.304404,544.517814,0.0,544.822218
2026-07-16_ttft_component_regression/phase1/input8000_rate2p5_reuse50_seed3,223,0.019333826877459624,17.189102213614387,17.208436040491847,566.3274394046304,0.0,583.5358754451222,5.681607,537.380677,0.0,543.062284
2026-07-16_ttft_component_regression/phase1/input8000_rate2p5_reuse50_seed3,253,0.029913134613645777,20.75685210032797,20.786765234941615,566.3274394046304,0.0,587.114204639572,4.239417,540.776812,0.0,545.016229
2026-07-16_ttft_component_regression/phase1/input8000_rate2p5_reuse50_seed3,276,0.0,8.808318541414968,8.808318541414968,566.3274394046304,0.0,575.1357579460454,10.089793,528.383516,0.0,538.473309
2026-07-16_ttft_component_regression/phase1/input8000_rate2p5_reuse50_seed3,285,0.0,8.808480450325716,8.808480450325716,566.3274394046304,0.0,575.1359198549561,13.414775,526.343137,0.0,539.757912
2026-07-16_ttft_component_regression/phase1/input8000_rate2p5_reuse50_seed3,292,0.0,14.527634066982474,14.527634066982474,566.3274394046304,0.0,580.8550734716129,11.836991,531.669463,0.0,543.506454
2026-07-16_ttft_component_regression/phase1/input8000_rate2p5_reuse50_seed3,4,0.017054428466935705,0.8205083484752408,0.8375627769421765,566.3274394046304,0.0,567.1650021815725,0.015396,503.866806,0.0,503.882202
2026-07-16_ttft_component_regression/phase1/input8000_rate2p5_reuse50_seed3,27,0.0,13.563237686002699,13.563237686002699,566.3274394046304,0.0,579.8906770906331,19.129702,523.290616,0.0,542.420318
2026-07-16_ttft_component_regression/phase1/input8000_rate2p5_reuse50_seed3,19,0.0,8.807489911357061,8.807489911357061,566.3274394046304,0.0,575.1349293159874,10.809521,517.188831,0.0,527.998352
2026-07-16_ttft_component_regression/phase1/input8000_rate2p5_reuse50_seed3,35,0.020560061159899574,17.31661878792558,17.33717884908548,566.3274394046304,0.0,583.6646182537158,11.019234,527.793001,0.0,538.812235
2026-07-16_ttft_component_regression/phase1/input8000_rate2p5_reuse50_seed3,49,0.03695443655115509,18.222579475331727,18.259533911882883,566.3274394046304,0.0,584.5869733165132,21.498675,567.101097,0.0,588.599772
2026-07-16_ttft_component_regression/phase1/input8000_rate2p5_reuse50_seed3,60,0.18419798361926545,25.080610941278753,25.26480892489802,566.3274394046304,0.0,591.5922483295284,16.375478,545.169077,0.0,561.544555
2026-07-16_ttft_component_regression/phase1/input8000_rate2p5_reuse50_seed3,50,0.0,18.84296105723022,18.84296105723022,566.3274394046304,0.0,585.1704004618606,149.828489,834.639841,0.0,984.46833
2026-07-16_ttft_component_regression/phase1/input8000_rate2p5_reuse50_seed3,56,0.0,21.2585756737785,21.2585756737785,566.3274394046304,0.0,587.5860150784089,17.439285,540.949318,0.0,558.388603
2026-07-16_ttft_component_regression/phase1/input8000_rate2p5_reuse50_seed3,47,0.03484208749818636,18.322466026278153,18.35730811377634,566.3274394046304,0.0,584.6847475184067,7.576176,531.557741,0.0,539.133917
2026-07-16_ttft_component_regression/phase1/input8000_rate2p5_reuse50_seed3,75,0.0,22.708085877863894,22.708085877863894,566.3274394046304,0.0,589.0355252824943,15.721558,546.416934,0.0,562.138492
2026-07-16_ttft_component_regression/phase1/input8000_rate2p5_reuse50_seed3,80,0.1647548133230956,24.908363686615317,25.073118499938413,566.3274394046304,0.0,591.4005579045688,20.12339,548.24913,0.0,568.37252
2026-07-16_ttft_component_regression/phase1/input8000_rate2p5_reuse50_seed3,101,0.21819752987612698,23.417773672051002,23.63597120192713,566.3274394046304,0.0,589.9634106065574,61.284644,550.509657,0.0,611.794301
2026-07-16_ttft_component_regression/phase1/input8000_rate2p5_reuse50_seed3,100,0.0,19.87710216445081,19.87710216445081,566.3274394046304,0.0,586.2045415690811,4.942071,549.387492,0.0,554.329563
2026-07-16_ttft_component_regression/phase1/input8000_rate2p5_reuse50_seed3,121,0.025192109649109184,19.431579694074298,19.456771803723406,566.3274394046304,0.0,585.7842112083538,11.445614,538.334039,0.0,549.779653
2026-07-16_ttft_component_regression/phase1/input8000_rate2p5_reuse50_seed3,107,0.20084109554607854,23.42226151687558,23.623102612421658,566.3274394046304,0.0,589.950542017052,22.929378,550.286815,0.0,573.216193
2026-07-16_ttft_component_regression/phase1/input8000_rate2p5_reuse50_seed3,135,0.0,20.182857992122354,20.182857992122354,566.3274394046304,0.0,586.5102973967527,8.67015,540.474302,0.0,549.144452
2026-07-16_ttft_component_regression/phase1/input8000_rate2p5_reuse50_seed3,126,0.0,20.182857992122354,20.182857992122354,566.3274394046304,0.0,586.5102973967527,41.123125,534.977321,0.0,576.100446
2026-07-16_ttft_component_regression/phase1/input8000_rate2p5_reuse50_seed3,150,0.18641326402727446,26.857687431160922,27.044100695188195,566.3274394046304,0.0,593.3715400998185,163.805805,853.957178,0.0,1017.762983
2026-07-16_ttft_component_regression/phase1/input8000_rate2p5_reuse50_seed3,149,0.0,22.774969454010282,22.774969454010282,566.3274394046304,0.0,589.1024088586406,4.907243,580.339608,0.0,585.246851
2026-07-16_ttft_component_regression/phase1/input8000_rate2p5_reuse50_seed3,140,0.0,19.908305309437647,19.908305309437647,566.3274394046304,0.0,586.235744714068,14.488968,543.874668,0.0,558.363636
2026-07-16_ttft_component_regression/phase1/input8000_rate2p5_reuse50_seed3,175,0.0,21.641718356914406,21.641718356914406,566.3274394046304,0.0,587.9691577615448,11.850602,546.21859,0.0,558.069192
2026-07-16_ttft_component_regression/phase1/input8000_rate2p5_reuse50_seed3,191,0.0,8.1773050331323,8.1773050331323,566.3274394046304,0.0,574.5047444377626,15.799292,521.706747,0.0,537.506039
2026-07-16_ttft_component_regression/phase1/input8000_rate2p5_reuse50_seed3,192,0.0,13.5317595828171,13.5317595828171,566.3274394046304,0.0,579.8591989874475,14.474916,531.936677,0.0,546.411593
2026-07-16_ttft_component_regression/phase1/input8000_rate2p5_reuse50_seed3,196,0.8772772115688601,28.847010820611388,29.724288032180247,566.3274394046304,423.9400663798797,1019.9917938166902,2.0616366201183793,534.564883,423.9400663798817,960.566586
2026-07-16_ttft_component_regression/phase1/input8000_rate2p5_reuse50_seed3,193,0.02025578883460685,17.284632419178457,17.304888208013065,566.3274394046304,0.0,583.6323276126434,13.211387,533.20531,0.0,546.416697
2026-07-16_ttft_component_regression/phase1/input8000_rate2p5_reuse50_seed3,217,0.02389551552860169,19.50504849129979,19.52894400682839,566.3274394046304,0.0,585.8563834114588,9.770314,538.970329,0.0,548.740643
2026-07-16_ttft_component_regression/phase1/input8000_rate2p5_reuse50_seed3,233,0.0,22.811774351463285,22.811774351463285,566.3274394046304,0.0,589.1392137560937,259.98582,546.68253,0.0,806.66835
2026-07-16_ttft_component_regression/phase1/input8000_rate2p5_reuse50_seed3,225,0.0,21.656528661672755,21.656528661672755,566.3274394046304,0.0,587.9839680663031,2.232278,543.744924,0.0,545.977202
2026-07-16_ttft_component_regression/phase1/input8000_rate2p5_reuse50_seed3,231,0.0,20.218807436477316,20.218807436477316,566.3274394046304,0.0,586.5462468411076,13.561471,545.141526,0.0,558.702997
2026-07-16_ttft_component_regression/phase1/input8000_rate2p5_reuse50_seed3,245,0.024159466809177407,19.49046834516772,19.514627811976897,566.3274394046304,0.0,585.8420672166072,20.45435,537.946495,0.0,558.400845
2026-07-16_ttft_component_regression/phase1/input8000_rate2p5_reuse50_seed3,265,0.02376268172804108,19.512317298533727,19.536079980261768,566.3274394046304,0.0,585.8635193848921,3.522819,541.934834,0.0,545.457653
2026-07-16_ttft_component_regression/phase1/input8000_rate2p5_reuse50_seed3,273,0.019333826877459624,17.189102213614387,17.208436040491847,566.3274394046304,0.0,583.5358754451222,6.878055,531.788641,0.0,538.666696
2026-07-16_ttft_component_regression/phase1/input8000_rate2p5_reuse50_seed3,3,0.0,8.80851406220353,8.80851406220353,566.3274394046304,0.0,575.1359534668339,8.28688,516.739199,0.0,525.026079
2026-07-16_ttft_component_regression/phase1/input8000_rate2p5_reuse50_seed3,0,0.01658468567240182,0.8046619659788349,0.8212466516512367,566.3274394046304,0.0,567.1486860562816,0.0,503.866806,0.0,503.866806
2026-07-16_ttft_component_regression/phase1/input8000_rate2p5_reuse50_seed3,13,0.02867138304586837,20.83689610797253,20.8655674910184,566.3274394046304,0.0,587.1930068956488,451.109259,877.063576,0.0,1328.172835
2026-07-16_ttft_component_regression/phase1/input8000_rate2p5_reuse50_seed3,11,0.022689603568932445,18.428876047011503,18.451565650580434,566.3274394046304,0.0,584.7790050552107,217.963982,871.437711,0.0,1089.401693
2026-07-16_ttft_component_regression/phase1/input8000_rate2p5_reuse50_seed3,23,0.0,22.71494325256425,22.71494325256425,566.3274394046304,0.0,589.0423826571946,17.290847,540.731462,0.0,558.022309
2026-07-16_ttft_component_regression/phase1/input8000_rate2p5_reuse50_seed3,16,0.0,21.639848517345357,21.639848517345357,566.3274394046304,0.0,587.9672879219758,128.74758,815.568136,0.0,944.315716
2026-07-16_ttft_component_regression/phase1/input8000_rate2p5_reuse50_seed3,10,0.0,14.542320319250425,14.542320319250425,566.3274394046304,0.0,580.8697597238807,15.308576,560.840187,0.0,576.148763
2026-07-16_ttft_component_regression/phase1/input8000_rate2p5_reuse50_seed3,26,0.18371914161715666,26.832522353327292,27.01624149494445,566.3274394046304,0.0,593.3436808995748,25.011949,544.752842,0.0,569.764791
2026-07-16_ttft_component_regression/phase1/input8000_rate2p5_reuse50_seed3,61,0.03626428450350803,18.256204936419504,18.292469220923014,566.3274394046304,0.0,584.6199086255534,5.104439,577.914943,0.0,583.019382
2026-07-16_ttft_component_regression/phase1/input8000_rate2p5_reuse50_seed3,62,0.0,18.86047296891022,18.86047296891022,566.3274394046304,0.0,585.1879123735406,240.351676,851.340566,0.0,1091.692242
2026-07-16_ttft_component_regression/phase1/input8000_rate2p5_reuse50_seed3,82,0.06435191696302905,18.28566292615932,18.35001484312235,566.3274394046304,0.0,584.6774542477527,58.710977,537.770247,0.0,596.481224
2026-07-16_ttft_component_regression/phase1/input8000_rate2p5_reuse50_seed3,89,0.0,19.78070141570043,19.78070141570043,566.3274394046304,0.0,586.1081408203307,175.027326,856.947364,0.0,1031.97469
2026-07-16_ttft_component_regression/phase1/input8000_rate2p5_reuse50_seed3,91,0.8877836873676828,26.905751713251654,27.793535400619337,566.3274394046304,423.9400663798797,1018.0610411851294,181.37164862011838,550.07797,423.9400663798817,1155.389685
2026-07-16_ttft_component_regression/phase1/input8000_rate2p5_reuse50_seed3,76,0.02361619574344806,18.53089972887032,18.554515924613767,566.3274394046304,0.0,584.8819553292441,2.002993,537.174868,0.0,539.177861
2026-07-16_ttft_component_regression/phase1/input8000_rate2p5_reuse50_seed3,87,0.0,18.922662258600656,18.922662258600656,566.3274394046304,0.0,585.250101663231,190.092991,574.042508,0.0,764.135499
2026-07-16_ttft_component_regression/phase1/input8000_rate2p5_reuse50_seed3,85,0.06449001724035654,18.2788287999049,18.343318817145256,566.3274394046304,0.0,584.6707582217756,2.112257,535.395257,0.0,537.507514
2026-07-16_ttft_component_regression/phase1/input8000_rate2p5_reuse50_seed3,119,0.17483648032098525,26.748810949495123,26.923647429816107,566.3274394046304,0.0,593.2510868344465,5.351305,554.05981,0.0,559.411115
2026-07-16_ttft_component_regression/phase1/input8000_rate2p5_reuse50_seed3,130,0.16697008790499107,26.673715177518318,26.84068526542331,566.3274394046304,0.0,593.1681246700537,24.890615,553.833794,0.0,578.724409
2026-07-16_ttft_component_regression/phase1/input8000_rate2p5_reuse50_seed3,142,0.03370509020986408,16.10687084763415,16.140575937844012,566.3274394046304,0.0,582.4680153424744,6.526052,535.943415,0.0,542.469467
2026-07-16_ttft_component_regression/phase1/input8000_rate2p5_reuse50_seed3,148,0.02361619574344806,18.53089972887032,18.554515924613767,566.3274394046304,0.0,584.8819553292441,7.074881,534.347429,0.0,541.42231
2026-07-16_ttft_component_regression/phase1/input8000_rate2p5_reuse50_seed3,152,0.021984700803261786,19.605525082494896,19.62750978329816,566.3274394046304,0.0,585.9549491879285,10.367681,535.341791,0.0,545.709472
2026-07-16_ttft_component_regression/phase1/input8000_rate2p5_reuse50_seed3,172,0.0,22.823038161782563,22.823038161782563,566.3274394046304,0.0,589.150477566413,19.923074,545.723479,0.0,565.646553
2026-07-16_ttft_component_regression/phase1/input8000_rate2p5_reuse50_seed3,165,0.0,21.307685235023918,21.307685235023918,566.3274394046304,0.0,587.6351246396542,96.626354,545.317759,0.0,641.944113
2026-07-16_ttft_component_regression/phase1/input8000_rate2p5_reuse50_seed3,162,0.0,20.223814142689577,20.223814142689577,566.3274394046304,0.0,586.5512535473199,6.796962,543.165688,0.0,549.96265
2026-07-16_ttft_component_regression/phase1/input8000_rate2p5_reuse50_seed3,181,0.0,21.26892211176019,21.26892211176019,566.3274394046304,0.0,587.5963615163905,6.224528,545.772473,0.0,551.997001
2026-07-16_ttft_component_regression/phase1/input8000_rate2p5_reuse50_seed3,200,0.18419798361926545,25.080610941278753,25.26480892489802,566.3274394046304,0.0,591.5922483295284,20.071522,554.173274,0.0,574.244796
2026-07-16_ttft_component_regression/phase1/input8000_rate2p5_reuse50_seed3,206,0.0,22.697878790484367,22.697878790484367,566.3274394046304,0.0,589.0253181951148,5.929041,548.395187,0.0,554.324228
2026-07-16_ttft_component_regression/phase1/input8000_rate2p5_reuse50_seed3,194,0.19787185184397088,25.19870225639722,25.39657410824119,566.3274394046304,0.0,591.7240135128716,23.905266,556.131548,0.0,580.036814
2026-07-16_ttft_component_regression/phase1/input8000_rate2p5_reuse50_seed3,212,0.0,21.198463450351134,21.198463450351134,566.3274394046304,0.0,587.5259028549815,21.119477,546.553414,0.0,567.672891
2026-07-16_ttft_component_regression/phase1/input8000_rate2p5_reuse50_seed3,230,0.0,20.172277481978284,20.172277481978284,566.3274394046304,0.0,586.4997168866087,145.734531,850.445281,0.0,996.179812
2026-07-16_ttft_component_regression/phase1/input8000_rate2p5_reuse50_seed3,238,0.0,22.764146930754595,22.764146930754595,566.3274394046304,0.0,589.0915863353849,10.284142,543.051295,0.0,553.335437
2026-07-16_ttft_component_regression/phase1/input8000_rate2p5_reuse50_seed3,229,0.02429058049774898,19.48315699271759,19.507447573215337,566.3274394046304,0.0,585.8348869778457,0.891316,576.876116,0.0,577.767432
2026-07-16_ttft_component_regression/phase1/input8000_rate2p5_reuse50_seed3,236,0.0,21.656528661672755,21.656528661672755,566.3274394046304,0.0,587.9839680663031,21.267331,541.518661,0.0,562.785992
2026-07-16_ttft_component_regression/phase1/input8000_rate2p5_reuse50_seed3,246,0.0,21.248324241019652,21.248324241019652,566.3274394046304,0.0,587.57576364565,4.479939,544.415864,0.0,548.895803
2026-07-16_ttft_component_regression/phase1/input8000_rate2p5_reuse50_seed3,244,0.19236146066808565,25.15141009087216,25.343771551540247,566.3274394046304,0.0,591.6712109561706,24.631525,548.289552,0.0,572.921077
2026-07-16_ttft_component_regression/phase1/input8000_rate2p5_reuse50_seed3,257,0.18641326402727446,26.857687431160922,27.044100695188195,566.3274394046304,0.0,593.3715400998185,11.15827,547.715129,0.0,558.873399
2026-07-16_ttft_component_regression/phase1/input8000_rate2p5_reuse50_seed3,248,0.1905367826373823,25.135662008172474,25.32619879080986,566.3274394046304,0.0,591.6536381954402,14.614395,546.478134,0.0,561.092529
2026-07-16_ttft_component_regression/phase1/input8000_rate2p5_reuse50_seed3,269,0.19093365382791494,26.899678735666498,27.090612389494414,566.3274394046304,0.0,593.4180517941247,17.51843,552.385867,0.0,569.904297
2026-07-16_ttft_component_regression/phase1/input8000_rate2p5_reuse50_seed3,277,0.18731432096301226,26.866080818762743,27.053395139725755,566.3274394046304,0.0,593.3808345443562,4.406644,553.498384,0.0,557.905028
2026-07-16_ttft_component_regression/phase1/input8000_rate2p5_reuse50_seed3,281,0.17483648032098525,26.748810949495123,26.923647429816107,566.3274394046304,0.0,593.2510868344465,13.774447,554.421556,0.0,568.196003
2026-07-16_ttft_component_regression/phase1/input8000_rate2p5_reuse50_seed3,287,0.0,22.677745774915604,22.677745774915604,566.3274394046304,0.0,589.005185179546,24.71598,548.598931,0.0,573.314911
2026-07-16_ttft_component_regression/phase1/input8000_rate2p5_reuse50_seed3,295,0.03074609383872768,20.699912360238603,20.730658454077332,566.3274394046304,0.0,587.0580978587077,13.271003,536.831742,0.0,550.102745
2026-07-16_ttft_component_regression/phase1/input8000_rate2p5_reuse50_seed3,2,0.015996766037230593,0.7855220752624897,0.8015188412997203,566.3274394046304,0.0,567.1289582459301,0.016809,503.866806,0.0,503.883615
2026-07-16_ttft_component_regression/phase1/input8000_rate2p5_reuse50_seed3,14,0.0,8.807873478861762,8.807873478861762,566.3274394046304,0.0,575.1353128834921,3.69587,516.858719,0.0,520.554589
2026-07-16_ttft_component_regression/phase1/input8000_rate2p5_reuse50_seed3,25,0.0,14.47529159106973,14.47529159106973,566.3274394046304,0.0,580.8027309957001,2.38454,523.405976,0.0,525.790516
2026-07-16_ttft_component_regression/phase1/input8000_rate2p5_reuse50_seed3,39,0.026064707922072397,19.37930463817317,19.40536934609524,566.3274394046304,0.0,585.7328087507256,15.907767,530.877069,0.0,546.784836
2026-07-16_ttft_component_regression/phase1/input8000_rate2p5_reuse50_seed3,29,0.9188542259231766,28.94873327445799,29.867587500381166,566.3274394046304,423.9400663798797,1020.1350932848912,19.19422362011838,527.420073,423.9400663798817,970.554363
2026-07-16_ttft_component_regression/phase1/input8000_rate2p5_reuse50_seed3,43,0.02544440398596668,19.416715256191498,19.442159660177463,566.3274394046304,0.0,585.7695990648078,17.735541,530.590637,0.0,548.326178
2026-07-16_ttft_component_regression/phase1/input8000_rate2p5_reuse50_seed3,59,0.19002655300727034,26.89127565972527,27.081302212732542,566.3274394046304,0.0,593.4087416173629,43.670981,551.798246,0.0,595.469227
2026-07-16_ttft_component_regression/phase1/input8000_rate2p5_reuse50_seed3,57,0.0,21.255148014063156,21.255148014063156,566.3274394046304,0.0,587.5825874186935,411.509977,830.093452,0.0,1241.603429
2026-07-16_ttft_component_regression/phase1/input8000_rate2p5_reuse50_seed3,52,0.9424915690118975,27.032010971338213,27.97450254035011,566.3274394046304,423.9400663798797,1018.2420083248602,14.12142362011838,567.151401,423.9400663798817,1005.212891
2026-07-16_ttft_component_regression/phase1/input8000_rate2p5_reuse50_seed3,55,0.9629563508526179,27.074796670380376,28.037753021232994,566.3274394046304,423.9400663798797,1018.305258805743,121.2746546201184,881.655305,423.9400663798817,1426.870026
2026-07-16_ttft_component_regression/phase1/input8000_rate2p5_reuse50_seed3,77,0.19824501530394967,26.966985452956163,27.165230468260113,566.3274394046304,0.0,593.4926698728905,23.000173,550.529463,0.0,573.529636
2026-07-16_ttft_component_regression/phase1/input8000_rate2p5_reuse50_seed3,92,913.6760439000574,27.070772669180364,940.7468165692377,566.3274394046304,423.9400663798797,1931.0143223537477,587.2696196201184,550.327575,423.9400663798817,1561.537261
2026-07-16_ttft_component_regression/phase1/input8000_rate2p5_reuse50_seed3,84,0.22607176313986863,23.621585131957474,23.84765689509734,566.3274394046304,0.0,590.1750962997277,0.956487,548.38795,0.0,549.344437
2026-07-16_ttft_component_regression/phase1/input8000_rate2p5_reuse50_seed3,116,0.0,21.300539720799872,21.300539720799872,566.3274394046304,0.0,587.6279791254302,167.021005,549.825976,0.0,716.846981
2026-07-16_ttft_component_regression/phase1/input8000_rate2p5_reuse50_seed3,124,0.884440451866071,28.86532342292277,29.74976387478884,566.3274394046304,423.9400663798797,1020.0172696592989,20.929734620118378,583.926951,423.9400663798817,1028.796752
2026-07-16_ttft_component_regression/phase1/input8000_rate2p5_reuse50_seed3,115,0.0,20.23373726580653,20.23373726580653,566.3274394046304,0.0,586.5611766704369,2.553161,547.940153,0.0,550.493314
2026-07-16_ttft_component_regression/phase1/input8000_rate2p5_reuse50_seed3,137,0.9424915690118975,27.032010971338213,27.97450254035011,566.3274394046304,423.9400663798797,1018.2420083248602,27.59288762011838,550.821996,423.9400663798817,1002.35495
2026-07-16_ttft_component_regression/phase1/input8000_rate2p5_reuse50_seed3,125,0.9061009395667606,28.918699354799625,29.824800294366383,566.3274394046304,423.9400663798797,1020.0923060788764,159.26956962011838,852.693885,423.9400663798817,1435.903521
2026-07-16_ttft_component_regression/phase1/input8000_rate2p5_reuse50_seed3,161,0.0,20.174050955480098,20.174050955480098,566.3274394046304,0.0,586.5014903601104,3.210454,547.719704,0.0,550.930158
2026-07-16_ttft_component_regression/phase1/input8000_rate2p5_reuse50_seed3,167,0.0,21.201716297492915,21.201716297492915,566.3274394046304,0.0,587.5291557021233,209.172517,853.651536,0.0,1062.824053
2026-07-16_ttft_component_regression/phase1/input8000_rate2p5_reuse50_seed3,166,0.0,20.184607497912065,20.184607497912065,566.3274394046304,0.0,586.5120469025425,18.678564,578.785057,0.0,597.463621
2026-07-16_ttft_component_regression/phase1/input8000_rate2p5_reuse50_seed3,201,0.9536273364308283,27.055588700270736,28.009216036701563,566.3274394046304,423.9400663798797,1018.2767218212116,16.32063962011838,526.503313,423.9400663798817,966.764019
2026-07-16_ttft_component_regression/phase1/input8000_rate2p5_reuse50_seed3,204,0.0,13.662190792762129,13.662190792762129,566.3274394046304,0.0,579.9896301973924,18.150864,530.272388,0.0,548.423252
2026-07-16_ttft_component_regression/phase1/input8000_rate2p5_reuse50_seed3,209,0.023702264768701232,17.662007855686785,17.685710120455486,566.3274394046304,0.0,584.0131495250859,11.758048,532.069693,0.0,543.827741
2026-07-16_ttft_component_regression/phase1/input8000_rate2p5_reuse50_seed3,198,0.0,8.174270775697615,8.174270775697615,566.3274394046304,0.0,574.501710180328,15.34077,523.765623,0.0,539.106393
2026-07-16_ttft_component_regression/phase1/input8000_rate2p5_reuse50_seed3,228,0.0,21.408552592036102,21.408552592036102,566.3274394046304,0.0,587.7359919966665,79.682921,545.842423,0.0,625.525344
2026-07-16_ttft_component_regression/phase1/input8000_rate2p5_reuse50_seed3,220,0.01659324785775218,19.851282949565356,19.867876197423108,566.3274394046304,0.0,586.1953156020535,19.753759,536.740158,0.0,556.493917
2026-07-16_ttft_component_regression/phase1/input8000_rate2p5_reuse50_seed3,226,0.0,21.745504695283852,21.745504695283852,566.3274394046304,0.0,588.0729440999143,10.754752,543.388346,0.0,554.143098
2026-07-16_ttft_component_regression/phase1/input8000_rate2p5_reuse50_seed3,240,0.24119839415778999,27.34766683601164,27.588865230169432,566.3274394046304,0.0,593.9163046347998,1.799839,550.349625,0.0,552.149464
2026-07-16_ttft_component_regression/phase1/input8000_rate2p5_reuse50_seed3,266,0.0,20.207003644363187,20.207003644363187,566.3274394046304,0.0,586.5344430489936,20.428323,541.438421,0.0,561.866744
2026-07-16_ttft_component_regression/phase1/input8000_rate2p5_reuse50_seed3,272,0.0,20.205303157242877,20.205303157242877,566.3274394046304,0.0,586.5327425618732,9.410942,543.844705,0.0,553.255647
2026-07-16_ttft_component_regression/phase1/input8000_rate2p5_reuse50_seed3,264,0.9188542259231766,28.94873327445799,29.867587500381166,566.3274394046304,423.9400663798797,1020.1350932848912,12.52868962011838,541.787778,423.9400663798817,978.256534
2026-07-16_ttft_component_regression/phase1/input8000_rate2p5_reuse50_seed3,275,0.9097358773613154,28.92736425469141,29.837100132052722,566.3274394046304,423.9400663798797,1020.1046059165627,27.55211362011838,545.570397,423.9400663798817,997.062577
2026-07-16_ttft_component_regression/phase1/input8000_rate2p5_reuse50_seed3,267,0.0,21.28637953995205,21.28637953995205,566.3274394046304,0.0,587.6138189445824,188.900674,547.556911,0.0,736.457585
2026-07-16_ttft_component_regression/phase1/input8000_rate2p5_reuse50_seed3,283,0.0,20.182857992122354,20.182857992122354,566.3274394046304,0.0,586.5102973967527,5.048188,542.785594,0.0,547.833782
2026-07-16_ttft_component_regression/phase1/input8000_rate2p5_reuse50_seed3,1,0.01559002296114168,0.7726895515375691,0.7882795744987108,566.3274394046304,0.0,567.115718979129,1.237428,503.866806,0.0,505.104234
2026-07-16_ttft_component_regression/phase1/input8000_rate2p5_reuse50_seed3,15,0.021959831254064418,18.350012404630142,18.371972235884208,566.3274394046304,0.0,584.6994116405145,18.270383,527.083625,0.0,545.354008
2026-07-16_ttft_component_regression/phase1/input8000_rate2p5_reuse50_seed3,6,0.0,8.808300527116481,8.808300527116481,566.3274394046304,0.0,575.1357399317468,2.100575,556.904509,0.0,559.005084
2026-07-16_ttft_component_regression/phase1/input8000_rate2p5_reuse50_seed3,22,0.0,21.630435718772965,21.630435718772965,566.3274394046304,0.0,587.9578751234034,11.988813,535.938793,0.0,547.927606
2026-07-16_ttft_component_regression/phase1/input8000_rate2p5_reuse50_seed3,7,0.0,14.527634066982474,14.527634066982474,566.3274394046304,0.0,580.8550734716129,40.725966,816.627837,0.0,857.353803
2026-07-16_ttft_component_regression/phase1/input8000_rate2p5_reuse50_seed3,34,0.0,21.1759721737974,21.1759721737974,566.3274394046304,0.0,587.5034115784277,4.06138,541.390278,0.0,545.451658
2026-07-16_ttft_component_regression/phase1/input8000_rate2p5_reuse50_seed3,20,0.02763523564642281,20.899835213764664,20.927470449411086,566.3274394046304,0.0,587.2549098540414,7.014647,530.117645,0.0,537.132292
2026-07-16_ttft_component_regression/phase1/input8000_rate2p5_reuse50_seed3,44,0.0,21.22476907984331,21.22476907984331,566.3274394046304,0.0,587.5522084844737,3.289646,578.351337,0.0,581.640983
2026-07-16_ttft_component_regression/phase1/input8000_rate2p5_reuse50_seed3,45,0.18871815187422492,25.11992227891009,25.308640430784315,566.3274394046304,0.0,591.6360798354146,259.956973,852.115207,0.0,1112.07218
2026-07-16_ttft_component_regression/phase1/input8000_rate2p5_reuse50_seed3,65,0.2511497338665,23.67652438920287,23.927674123069373,566.3274394046304,0.0,590.2551135276997,2.442285,553.414483,0.0,555.856768
2026-07-16_ttft_component_regression/phase1/input8000_rate2p5_reuse50_seed3,90,0.0,19.913561082792558,19.913561082792558,566.3274394046304,0.0,586.2410004874229,22.814739,543.90794,0.0,566.722679
2026-07-16_ttft_component_regression/phase1/input8000_rate2p5_reuse50_seed3,79,0.0,21.37779458340114,21.37779458340114,566.3274394046304,0.0,587.7052339880315,10.207763,545.140775,0.0,555.348538
2026-07-16_ttft_component_regression/phase1/input8000_rate2p5_reuse50_seed3,74,0.0,21.71507190575266,21.71507190575266,566.3274394046304,0.0,588.042511310383,250.731127,847.254297,0.0,1097.985424
2026-07-16_ttft_component_regression/phase1/input8000_rate2p5_reuse50_seed3,73,0.0228312475366205,21.156547156917203,21.17937840445382,566.3274394046304,0.0,587.5068178090842,18.471324,574.43036,0.0,592.901684
2026-07-16_ttft_component_regression/phase1/input8000_rate2p5_reuse50_seed3,99,0.23086768087443515,23.65862489524552,23.889492576119956,566.3274394046304,0.0,590.2169319807504,0.826261,550.964616,0.0,551.790877
2026-07-16_ttft_component_regression/phase1/input8000_rate2p5_reuse50_seed3,113,0.0,22.808042748707752,22.808042748707752,566.3274394046304,0.0,589.1354821533381,21.418315,550.045817,0.0,571.464132
2026-07-16_ttft_component_regression/phase1/input8000_rate2p5_reuse50_seed3,136,0.19236146066808565,25.15141009087216,25.343771551540247,566.3274394046304,0.0,591.6712109561706,1.619764,554.87004,0.0,556.489804
2026-07-16_ttft_component_regression/phase1/input8000_rate2p5_reuse50_seed3,147,0.0,21.63232684239272,21.63232684239272,566.3274394046304,0.0,587.959766247023,20.599475,543.069364,0.0,563.668839
2026-07-16_ttft_component_regression/phase1/input8000_rate2p5_reuse50_seed3,132,0.0,21.272392179230426,21.272392179230426,566.3274394046304,0.0,587.5998315838608,20.937599,552.491488,0.0,573.429087
2026-07-16_ttft_component_regression/phase1/input8000_rate2p5_reuse50_seed3,138,166.51536112250008,27.208137920937453,193.72349904343753,566.3274394046304,0.0,760.0509384480679,140.113285,551.747546,0.0,691.860831
2026-07-16_ttft_component_regression/phase1/input8000_rate2p5_reuse50_seed3,170,0.027237103965206327,20.923186972750766,20.950424076715972,566.3274394046304,0.0,587.2778634813463,2.348045,541.513529,0.0,543.861574
2026-07-16_ttft_component_regression/phase1/input8000_rate2p5_reuse50_seed3,239,0.016195689590037646,0.7919167751917741,0.8081124647818118,566.3274394046304,0.0,567.1355518694122,0.004996,510.699137,0.0,510.704133
2026-07-16_ttft_component_regression/phase1/input8000_rate2p5_reuse50_seed3,258,0.0,8.17726101151176,8.17726101151176,566.3274394046304,0.0,574.5047004161421,5.76302,524.050859,0.0,529.813879
2026-07-16_ttft_component_regression/phase1/input8000_rate2p5_reuse50_seed3,289,0.0,8.808487560178788,8.808487560178788,566.3274394046304,0.0,575.1359269648092,10.977157,525.895555,0.0,536.872712
2026-07-16_ttft_component_regression/phase1/input8000_rate2p5_reuse50_seed3,288,0.017054428466935705,0.8205083484752408,0.8375627769421765,566.3274394046304,0.0,567.1650021815725,0.006667,510.953338,0.0,510.960005
2026-07-16_ttft_component_regression/phase1/input8000_rate2p5_reuse50_seed3,297,0.02559365483628735,21.015233225178523,21.040826880014812,566.3274394046304,0.0,587.3682662846452,1.218556,530.910477,0.0,532.129033
2026-07-16_ttft_component_regression/phase1/input8000_rate2p5_reuse50_seed3,291,0.0,14.557311046621557,14.557311046621557,566.3274394046304,0.0,580.8847504512519,12.038603,529.803186,0.0,541.841789
2026-07-16_ttft_component_regression/phase1/input8000_rate2p5_reuse50_seed3,294,0.024327343235425004,18.610726265532847,18.63505360876827,566.3274394046304,0.0,584.9624930133987,14.052093,532.640921,0.0,546.693014
2026-07-16_ttft_component_regression/phase1/input8000_rate2p5_reuse50_seed3,8,0.017146188097241378,0.8236660115524618,0.8408121996497031,566.3274394046304,0.0,567.16825160428,0.008455,503.866806,0.0,503.875261
2026-07-16_ttft_component_regression/phase1/input8000_rate2p5_reuse50_seed3,28,0.0,8.17726101151176,8.17726101151176,566.3274394046304,0.0,574.5047004161421,6.410999,517.490559,0.0,523.901558
2026-07-16_ttft_component_regression/phase1/input8000_rate2p5_reuse50_seed3,42,0.019127136718121815,17.16796214341693,17.18708928013505,566.3274394046304,0.0,583.5145286847654,9.592499,527.926761,0.0,537.51926
2026-07-16_ttft_component_regression/phase1/input8000_rate2p5_reuse50_seed3,36,0.0,13.549069638427488,13.549069638427488,566.3274394046304,0.0,579.8765090430578,5.736818,523.610552,0.0,529.34737
2026-07-16_ttft_component_regression/phase1/input8000_rate2p5_reuse50_seed3,54,0.03128779662003262,15.879742323708633,15.911030120328666,566.3274394046304,0.0,582.238469524959,6.321059,527.621065,0.0,533.942124
2026-07-16_ttft_component_regression/phase1/input8000_rate2p5_reuse50_seed3,67,1.1028050561671554,28.871949600087962,29.97475465625512,566.3274394046304,423.9400663798797,1020.2422604407651,16.42901462011838,531.122989,423.9400663798817,971.49207
2026-07-16_ttft_component_regression/phase1/input8000_rate2p5_reuse50_seed3,71,0.0,20.143331510378488,20.143331510378488,566.3274394046304,0.0,586.4707709150089,34.628155,835.070785,0.0,869.69894
2026-07-16_ttft_component_regression/phase1/input8000_rate2p5_reuse50_seed3,81,0.16635646960781844,23.13719099369813,23.30354746330595,566.3274394046304,0.0,589.6309868679363,28.812451,851.52623,0.0,880.338681
2026-07-16_ttft_component_regression/phase1/input8000_rate2p5_reuse50_seed3,70,0.02594184692706167,19.386815302607747,19.41275714953481,566.3274394046304,0.0,585.7401965541652,1.129031,567.383049,0.0,568.51208
2026-07-16_ttft_component_regression/phase1/input8000_rate2p5_reuse50_seed3,78,0.0,21.135469294546972,21.135469294546972,566.3274394046304,0.0,587.4629086991773,10.344763,579.141619,0.0,589.486382
2026-07-16_ttft_component_regression/phase1/input8000_rate2p5_reuse50_seed3,94,0.2082356549799559,23.337032680118813,23.54526833509877,566.3274394046304,0.0,589.8727077397291,5.688365,547.530593,0.0,553.218958
2026-07-16_ttft_component_regression/phase1/input8000_rate2p5_reuse50_seed3,111,0.0,21.59760334157929,21.59760334157929,566.3274394046304,0.0,587.9250427462097,9.015607,545.295257,0.0,554.310864
2026-07-16_ttft_component_regression/phase1/input8000_rate2p5_reuse50_seed3,118,0.0,20.143331510378488,20.143331510378488,566.3274394046304,0.0,586.4707709150089,5.211391,543.48233,0.0,548.693721
2026-07-16_ttft_component_regression/phase1/input8000_rate2p5_reuse50_seed3,128,0.0,20.1704999315893,20.1704999315893,566.3274394046304,0.0,586.4979393362197,15.335418,542.450805,0.0,557.786223
2026-07-16_ttft_component_regression/phase1/input8000_rate2p5_reuse50_seed3,146,0.02867138304586837,20.83689610797253,20.8655674910184,566.3274394046304,0.0,587.1930068956488,67.992142,840.063166,0.0,908.055308
2026-07-16_ttft_component_regression/phase1/input8000_rate2p5_reuse50_seed3,151,0.0,20.16155020500753,20.16155020500753,566.3274394046304,0.0,586.4889896096379,10.95673,540.989133,0.0,551.945863
2026-07-16_ttft_component_regression/phase1/input8000_rate2p5_reuse50_seed3,156,0.0,20.15794095528517,20.15794095528517,566.3274394046304,0.0,586.4853803599156,21.663971,537.909661,0.0,559.573632
2026-07-16_ttft_component_regression/phase1/input8000_rate2p5_reuse50_seed3,145,0.022169125004291926,18.37250057842916,18.394669703433454,566.3274394046304,0.0,584.7221091080638,16.643476,571.225817,0.0,587.869293
2026-07-16_ttft_component_regression/phase1/input8000_rate2p5_reuse50_seed3,160,0.0,20.186353091448847,20.186353091448847,566.3274394046304,0.0,586.5137924960792,11.532383,538.676233,0.0,550.208616
2026-07-16_ttft_component_regression/phase1/input8000_rate2p5_reuse50_seed3,168,0.0,22.771350837534996,22.771350837534996,566.3274394046304,0.0,589.0987902421654,15.8646,542.42654,0.0,558.29114
2026-07-16_ttft_component_regression/phase1/input8000_rate2p5_reuse50_seed3,188,0.02376268172804108,19.512317298533727,19.536079980261768,566.3274394046304,0.0,585.8635193848921,6.245526,540.694167,0.0,546.939693
2026-07-16_ttft_component_regression/phase1/input8000_rate2p5_reuse50_seed3,203,0.020560061159899574,17.31661878792558,17.33717884908548,566.3274394046304,0.0,583.6646182537158,9.032643,538.930028,0.0,547.962671
2026-07-16_ttft_component_regression/phase1/input8000_rate2p5_reuse50_seed3,243,0.012154994625425655,0.6586078747642788,0.6707628693897045,566.3274394046304,0.0,566.9982022740201,0.020496,511.271088,0.0,511.291584
2026-07-16_ttft_component_regression/phase1/input8000_rate2p5_reuse50_seed3,249,0.0,8.1754939379823,8.1754939379823,566.3274394046304,0.0,574.5029333426127,17.011516,521.666226,0.0,538.677742
2026-07-16_ttft_component_regression/phase1/input8000_rate2p5_reuse50_seed3,255,0.021010487508613652,18.24926209432762,18.270272581836235,566.3274394046304,0.0,584.5977119864666,7.965928,534.829486,0.0,542.795414
2026-07-16_ttft_component_regression/phase1/input8000_rate2p5_reuse50_seed3,263,0.0,20.159747700647753,20.159747700647753,566.3274394046304,0.0,586.487187105278,12.020927,538.382989,0.0,550.403916
2026-07-16_ttft_component_regression/phase1/input8000_rate2p5_reuse50_seed3,252,0.0,14.488826001857202,14.488826001857202,566.3274394046304,0.0,580.8162654064876,0.827633,532.032482,0.0,532.860115
2026-07-16_ttft_component_regression/phase1/input8000_rate2p5_reuse50_seed3,259,0.025192109649109184,19.431579694074298,19.456771803723406,566.3274394046304,0.0,585.7842112083538,4.964185,535.200255,0.0,540.16444
2026-07-16_ttft_component_regression/phase1/input8000_rate2p5_reuse50_seed3,293,0.0,8.8083874764838,8.8083874764838,566.3274394046304,0.0,575.1358268811141,10.905251,523.409706,0.0,534.314957
2026-07-16_ttft_component_regression/phase1/input8000_rate2p5_reuse50_seed3,296,0.0,8.8083874764838,8.8083874764838,566.3274394046304,0.0,575.1358268811141,11.254442,526.182715,0.0,537.437157
2026-07-16_ttft_component_regression/phase1/input8000_rate2p5_reuse50_seed3,24,0.0,8.808487560178788,8.808487560178788,566.3274394046304,0.0,575.1359269648092,10.981599,516.726015,0.0,527.707614
2026-07-16_ttft_component_regression/phase1/input8000_rate2p5_reuse50_seed3,21,0.017146188097241378,0.8236660115524618,0.8408121996497031,566.3274394046304,0.0,567.16825160428,0.010144,503.866806,0.0,503.87695
2026-07-16_ttft_component_regression/phase1/input8000_rate2p5_reuse50_seed3,33,0.0,13.55611818194719,13.55611818194719,566.3274394046304,0.0,579.8835575865776,6.302895,522.971736,0.0,529.274631
2026-07-16_ttft_component_regression/phase1/input8000_rate2p5_reuse50_seed3,46,0.03654204409583679,18.242794428884075,18.27933647297991,566.3274394046304,0.0,584.6067758776103,13.294818,530.764205,0.0,544.059023
2026-07-16_ttft_component_regression/phase1/input8000_rate2p5_reuse50_seed3,38,0.02086276267682195,17.348675314099463,17.369538076776283,566.3274394046304,0.0,583.6969774814066,0.720929,527.198025,0.0,527.918954
2026-07-16_ttft_component_regression/phase1/input8000_rate2p5_reuse50_seed3,48,0.0,18.849376584113266,18.849376584113266,566.3274394046304,0.0,585.1768159887437,0.725267,536.523497,0.0,537.248764
2026-07-16_ttft_component_regression/phase1/input8000_rate2p5_reuse50_seed3,58,0.0,21.27587292511571,21.27587292511571,566.3274394046304,0.0,587.603312329746,17.299523,541.587622,0.0,558.887145
2026-07-16_ttft_component_regression/phase1/input8000_rate2p5_reuse50_seed3,63,0.21942261520436696,23.569789331585802,23.789211946790168,566.3274394046304,0.0,590.1166513514205,8.899486,545.890858,0.0,554.790344
2026-07-16_ttft_component_regression/phase1/input8000_rate2p5_reuse50_seed3,95,0.10391330449881508,19.5175812860627,19.621494590561515,566.3274394046304,0.0,585.9489339951919,13.663887,535.498461,0.0,549.162348
2026-07-16_ttft_component_regression/phase1/input8000_rate2p5_reuse50_seed3,104,0.059961681494105745,16.12128463064412,16.181246312138224,566.3274394046304,0.0,582.5086857167686,8.808716,539.132188,0.0,547.940904
2026-07-16_ttft_component_regression/phase1/input8000_rate2p5_reuse50_seed3,109,0.06503645731830572,18.25135895840083,18.316395415719136,566.3274394046304,0.0,584.6438348203495,11.424545,540.116475,0.0,551.54102
2026-07-16_ttft_component_regression/phase1/input8000_rate2p5_reuse50_seed3,117,0.025818384142644438,19.394311690736398,19.420130074879044,566.3274394046304,0.0,585.7475694795094,1.175085,538.993333,0.0,540.168418
2026-07-16_ttft_component_regression/phase1/input8000_rate2p5_reuse50_seed3,143,0.03192648772958347,15.938597092507594,15.970523580237177,566.3274394046304,0.0,582.2979629848676,4.817432,532.99987,0.0,537.817302
2026-07-16_ttft_component_regression/phase1/input8000_rate2p5_reuse50_seed3,158,0.0,8.17726101151176,8.17726101151176,566.3274394046304,0.0,574.5047004161421,6.125378,520.438554,0.0,526.563932
2026-07-16_ttft_component_regression/phase1/input8000_rate2p5_reuse50_seed3,176,0.0,14.557311046621557,14.557311046621557,566.3274394046304,0.0,580.8847504512519,15.399075,533.931395,0.0,549.33047
2026-07-16_ttft_component_regression/phase1/input8000_rate2p5_reuse50_seed3,189,0.0,8.177290023695559,8.177290023695559,566.3274394046304,0.0,574.504729428326,6.388256,527.98761,0.0,534.375866
2026-07-16_ttft_component_regression/phase1/input8000_rate2p5_reuse50_seed3,197,0.0,13.54557201729147,13.54557201729147,566.3274394046304,0.0,579.8730114219218,15.069494,532.140461,0.0,547.209955
2026-07-16_ttft_component_regression/phase1/input8000_rate2p5_reuse50_seed3,210,0.019539868610076252,17.21027486827599,17.229814736886066,566.3274394046304,0.0,583.5572541415164,4.82269,536.658018,0.0,541.480708
2026-07-16_ttft_component_regression/phase1/input8000_rate2p5_reuse50_seed3,216,0.019642643731422757,17.220873342708554,17.240515986439977,566.3274394046304,0.0,583.5679553910703,6.456327,535.934476,0.0,542.390803
2026-07-16_ttft_component_regression/phase1/input8000_rate2p5_reuse50_seed3,218,0.02267966574475472,19.56995829556659,19.592637961311343,566.3274394046304,0.0,585.9200773659417,15.339211,536.887672,0.0,552.226883
2026-07-16_ttft_component_regression/phase1/input8000_rate2p5_reuse50_seed3,222,0.0,20.212083569412336,20.212083569412336,566.3274394046304,0.0,586.5395229740427,7.456014,540.930731,0.0,548.386745
2026-07-16_ttft_component_regression/phase1/input8000_rate2p5_reuse50_seed3,235,0.0,21.665654945792756,21.665654945792756,566.3274394046304,0.0,587.9930943504231,5.167653,543.1327,0.0,548.300353
2026-07-16_ttft_component_regression/phase1/input8000_rate2p5_reuse50_seed3,241,0.0,21.241542326868274,21.241542326868274,566.3274394046304,0.0,587.5689817314986,21.65658,547.25621,0.0,568.91279
2026-07-16_ttft_component_regression/phase1/input8000_rate2p5_reuse50_seed3,261,0.0,20.19156663419867,20.19156663419867,566.3274394046304,0.0,586.519006038829,10.076059,543.083322,0.0,553.159381
2026-07-16_ttft_component_regression/phase1/input8000_rate2p5_reuse50_seed3,270,0.0,8.17691146547581,8.17691146547581,566.3274394046304,0.0,574.5043508701061,4.778164,520.897348,0.0,525.675512
2026-07-16_ttft_component_regression/phase1/input8000_rate2p5_reuse50_seed3,282,0.0,13.47625651077779,13.47625651077779,566.3274394046304,0.0,579.8036959154082,2.591168,527.46052,0.0,530.051688
2026-07-16_ttft_component_regression/phase1/input8000_rate2p5_reuse50_seed3,284,0.020371016967161232,18.182508667943157,18.202879684910318,566.3274394046304,0.0,584.5303190895406,14.560845,536.112708,0.0,550.673553
2026-07-16_ttft_component_regression/phase1/input8000_rate2p5_reuse50_seed3,286,0.03003397825372423,20.74876374624087,20.77879772449459,566.3274394046304,0.0,587.1062371291249,21.17646,536.10171,0.0,557.27817
2026-07-16_ttft_component_regression/phase1/input8000_rate2p5_reuse50_seed3,298,0.02185495230772591,18.338781727416436,18.360636679724163,566.3274394046304,0.0,584.6880760843545,3.542689,534.273545,0.0,537.816234
2026-07-16_ttft_component_regression/phase1/input8000_rate2p5_reuse50_seed3,9,0.015996766037230593,0.7855220752624897,0.8015188412997203,566.3274394046304,0.0,567.1289582459301,0.004789,503.866806,0.0,503.871595
2026-07-16_ttft_component_regression/phase1/input8000_rate2p5_reuse50_seed3,32,0.0,8.176082929882286,8.176082929882286,566.3274394046304,0.0,574.5035223345127,6.952331,517.490559,0.0,524.44289
2026-07-16_ttft_component_regression/phase1/input8000_rate2p5_reuse50_seed3,41,0.0176628434504353,17.020913146959394,17.03857599040983,566.3274394046304,0.0,583.3660153950402,13.739432,527.449513,0.0,541.188945
2026-07-16_ttft_component_regression/phase1/input8000_rate2p5_reuse50_seed3,40,0.0,13.495251528808653,13.495251528808653,566.3274394046304,0.0,579.822690933439,18.292875,523.610552,0.0,541.903427
2026-07-16_ttft_component_regression/phase1/input8000_rate2p5_reuse50_seed3,51,0.031714198941959884,15.918947095435188,15.950661294377149,566.3274394046304,0.0,582.2781006990075,4.7373,527.535401,0.0,532.272701
2026-07-16_ttft_component_regression/phase1/input8000_rate2p5_reuse50_seed3,66,0.10164592697238282,17.14744086025509,17.249086787227473,566.3274394046304,0.0,583.5765261918579,7.883624,527.678121,0.0,535.561745
2026-07-16_ttft_component_regression/phase1/input8000_rate2p5_reuse50_seed3,106,0.0,12.578594048027906,12.578594048027906,566.3274394046304,0.0,578.9060334526582,1.11252,523.758616,0.0,524.871136
2026-07-16_ttft_component_regression/phase1/input8000_rate2p5_reuse50_seed3,105,0.005071909880482014,7.591174725095286,7.596246634975768,566.3274394046304,0.0,573.9236860396061,6.658355,518.769375,0.0,525.42773
2026-07-16_ttft_component_regression/phase1/input8000_rate2p5_reuse50_seed3,112,0.0,14.465344084961721,14.465344084961721,566.3274394046304,0.0,580.7927834895921,7.469581,530.622909,0.0,538.09249
2026-07-16_ttft_component_regression/phase1/input8000_rate2p5_reuse50_seed3,144,0.0,8.176686449481267,8.176686449481267,566.3274394046304,0.0,574.5041258541116,11.915968,521.725541,0.0,533.641509
2026-07-16_ttft_component_regression/phase1/input8000_rate2p5_reuse50_seed3,159,0.018815903762364746,278.9060448382571,278.92486074201946,566.3274394046304,0.0,845.2523001466498,318.479609,833.772343,0.0,1152.251952
2026-07-16_ttft_component_regression/phase1/input8000_rate2p5_reuse50_seed3,163,0.024421117024393767,19.47583144508109,19.500252562105484,566.3274394046304,0.0,585.8276919667359,9.96013,532.594347,0.0,542.554477
2026-07-16_ttft_component_regression/phase1/input8000_rate2p5_reuse50_seed3,155,0.0,8.177285807995105,8.177285807995105,566.3274394046304,0.0,574.5047252126254,13.446707,519.865416,0.0,533.312123
2026-07-16_ttft_component_regression/phase1/input8000_rate2p5_reuse50_seed3,157,0.0,13.535185951305056,13.535185951305056,566.3274394046304,0.0,579.8626253559354,139.719994,571.87895,0.0,711.598944
2026-07-16_ttft_component_regression/phase1/input8000_rate2p5_reuse50_seed3,177,0.0,22.73577090643608,22.73577090643608,566.3274394046304,0.0,589.0632103110664,14.601907,542.022644,0.0,556.624551
2026-07-16_ttft_component_regression/phase1/input8000_rate2p5_reuse50_seed3,183,0.1708628329746191,24.96303245328992,25.13389528626454,566.3274394046304,0.0,591.4613346908949,2.934216,546.601494,0.0,549.53571
2026-07-16_ttft_component_regression/phase1/input8000_rate2p5_reuse50_seed3,171,0.0,21.647302888293734,21.647302888293734,566.3274394046304,0.0,587.9747422929241,12.243969,538.479823,0.0,550.723792
2026-07-16_ttft_component_regression/phase1/input8000_rate2p5_reuse50_seed3,213,0.0,8.177102869973433,8.177102869973433,566.3274394046304,0.0,574.5045422746038,4.031902,523.578946,0.0,527.610848
2026-07-16_ttft_component_regression/phase1/input8000_rate2p5_reuse50_seed3,215,0.0,13.559669071974062,13.559669071974062,566.3274394046304,0.0,579.8871084766045,3.606482,532.788094,0.0,536.394576
2026-07-16_ttft_component_regression/phase1/input8000_rate2p5_reuse50_seed3,234,0.0,14.527634066982474,14.527634066982474,566.3274394046304,0.0,580.8550734716129,3.307343,526.610194,0.0,529.917537
2026-07-16_ttft_component_regression/phase1/input8000_rate2p5_reuse50_seed3,242,0.01923056233430239,17.178528091081493,17.197758653415796,566.3274394046304,0.0,583.5251980580462,20.740581,537.026002,0.0,557.766583
2026-07-16_ttft_component_regression/phase1/input8000_rate2p5_reuse50_seed3,250,0.0,14.471956363212477,14.471956363212477,566.3274394046304,0.0,580.7993957678428,5.746856,533.392712,0.0,539.139568
2026-07-16_ttft_component_regression/phase1/input8000_rate2p5_reuse50_seed3,254,0.02090426574909116,18.238113308783074,18.259017574532166,566.3274394046304,0.0,584.5864569791626,6.685846,535.251374,0.0,541.93722
2026-07-16_ttft_component_regression/phase1/input8000_rate2p5_reuse50_seed3,274,0.0,13.457914493130069,13.457914493130069,566.3274394046304,0.0,579.7853538977604,19.037035,526.356901,0.0,545.393936
2026-07-16_ttft_component_regression/phase1/input8000_rate2p5_reuse50_seed3,279,0.017873841405462942,17.04181876620678,17.059692607612245,566.3274394046304,0.0,583.3871320122425,19.479351,534.153321,0.0,553.632672
2026-07-16_ttft_component_regression/phase1/input8000_rate2p5_reuse50_seed3,278,0.0177684157466967,17.031361671992993,17.04913008773969,566.3274394046304,0.0,583.3765694923701,1.381077,536.824308,0.0,538.205385
